15:50:21.652838	750	4	0.726	450283	695	-3.1218
15:50:25.424807	4300	4.485882	0.183	2123065	3630	-0.036900000000000155
15:50:29.285656	4300	4.624673	0.0	2177073	3745	4.3
15:50:33.136974	4300	4.774132	0.0	2160877	3731	4.3
15:50:37.138602	4300	4.772339	0.0	2233056	3863	4.3
15:50:40.623727	4300	5.288087	0.0	1941625	3368	4.3
15:50:44.488235	4300	5.422411	0.0	2157535	3741	4.3
15:50:48.586730	4300	5.323746	0.0	2290172	3969	4.3
15:50:53.216992	4300	4.727612	0.0	2055469	4472	4.3
15:50:57.084155	2850	4.87018	0.0	1429765	3656	1.4000000000000001
15:51:00.718924	2850	5.224649	0.0	1354548	3453	2.85
15:51:04.690744	2850	5.277625	0.0	1519951	3779	2.85
15:51:08.477984	2850	5.491483	0.0	1422919	3587	2.85
15:51:12.112588	1850	5.914726	0.0	1036454	3357	0.8500000000000001
15:51:15.864896	1850	6.155718	0.0	821631	3467	1.85
15:51:19.989930	1850	6.025069	0.0	923170	3843	1.85
15:51:22.838549	1200	7.177582	0.0	617242	2514	0.5499999999999999
15:51:25.573126	1200	8.429825	0.0	581493	2484	1.2
15:51:28.473659	1200	9.521238	0.0	639204	2642	1.2
15:51:31.140791	1200	10.852381	0.0	586839	2399	1.2
15:51:35.097823	1850	10.923647	0.0	891604	3639	1.2000000000000002
15:51:39.337006	1850	10.678561	0.0	955231	3967	1.85
15:51:43.687910	1850	10.330435	0.0	968026	4064	1.85
15:51:47.583869	1850	10.436964	0.0	874175	3601	1.85
15:51:51.581935	1850	10.437416	0.0	897976	3727	1.85
15:51:55.645863	1850	10.372306	0.0	905935	3773	1.85
15:52:00.507407	1850	9.515224	0.0	1076599	4566	1.85
15:52:04.525992	1850	9.518723	0.0	758197	3695	1.85
15:52:09.661973	1850	8.378982	0.0	972798	4827	1.85
15:52:14.741421	1850	7.291882	0.0	975811	4767	1.85
15:52:19.379117	1850	6.664927	0.0	873429	4318	1.85
15:52:24.380936	1850	5.655441	0.0	954453	4675	1.85
15:52:27.528297	1200	6.528645	0.0	584349	2822	0.5499999999999999
15:52:31.178814	1200	6.861306	0.0	670129	3327	1.2
15:52:34.915683	1200	7.134161	0.0	690253	3420	1.2
15:52:38.159614	1200	7.88843	0.0	598727	2894	1.2
15:52:42.073938	1850	7.946709	0.0	728962	3613	1.2000000000000002
15:52:47.084772	1850	6.96008	0.0	938587	4698	1.85
15:52:51.920251	1850	6.129094	0.0	908665	4488	1.85
15:52:55.140025	1200	6.914076	0.0	587506	2881	0.5499999999999999
15:52:58.274421	1200	7.768954	0.0	566904	2809	1.2
15:53:01.723962	1200	8.334865	0.0	641452	3108	1.2
15:53:06.452883	1850	7.586186	0.0	886255	4408	1.2000000000000002
15:53:11.653114	1850	6.368537	0.0	973972	4890	1.85
15:53:16.685512	1850	5.346538	0.0	958994	4710	1.85
15:53:21.943123	1850	4.404828	0.315	982064	4943	0.49550000000000005
15:53:26.389561	1850	4.46994	0.505	830730	4147	-0.3214999999999999
15:53:30.893894	1850	4.473371	0.559	846370	4260	-0.5536999999999996
15:53:34.093384	1850	2.955259	0.0	598850	2952	1.85

