15:50:52.397615	750	4	1.209	450283	1164	-5.1987
15:50:56.077539	2850	4.474689	0.0	1431809	3458	0.75
15:50:59.453982	2850	5.100224	0.0	1300868	3169	2.85
15:51:03.352221	2850	5.175121	0.0	1520281	3724	2.85
15:51:07.262196	2850	5.28916	0.0	1472558	3715	2.85
15:51:10.948188	2850	5.654302	0.0	1224260	3407	2.85
15:51:17.001725	2850	4.235576	0.645	1388403	5748	0.07650000000000023
15:51:20.241987	1200	4.99562	0.0	709534	2915	-0.44999999999999996
15:51:22.911766	1200	6.311448	0.0	584846	2380	1.2
15:51:25.560007	1200	7.660168	0.0	560821	2385	1.2
15:51:28.386185	1200	8.850772	0.0	607410	2547	1.2
15:51:31.089145	1200	10.141666	0.0	594078	2443	1.2
15:51:34.002091	1200	11.236868	0.0	624282	2614	1.2
15:51:38.637652	1850	10.603266	0.0	1036454	4328	1.2000000000000002
15:51:42.359285	1850	10.882	0.0	821631	3455	1.85
15:51:46.464739	1850	10.775856	0.0	923170	3828	1.85
15:51:50.767754	1850	10.45972	0.0	966699	4024	1.85
15:51:54.748759	1850	10.489157	0.0	885714	3714	1.85
15:51:59.130976	1850	10.101064	0.0	987708	4120	1.85
15:52:03.794649	1850	9.455177	0.0	923755	4340	1.85
15:52:08.562960	1850	8.701628	0.0	891604	4428	1.85
15:52:13.645569	1850	7.617767	0.0	955231	4758	1.85
15:52:18.644173	1850	6.59434	0.0	968026	4706	1.85
15:52:23.375528	1850	5.882579	0.0	874175	4426	1.85
15:52:26.539121	1200	6.72733	0.0	587236	2827	0.5499999999999999
15:52:29.775861	1200	7.49032	0.0	590335	2889	1.2
15:52:33.528429	1200	7.744791	0.0	696376	3437	1.2
15:52:37.622500	1850	7.638647	0.0	758197	3768	1.2000000000000002
15:52:41.053614	1200	8.201739	0.0	622896	3132	0.5499999999999999
15:52:46.227784	1850	7.034176	0.0	975811	4860	1.2000000000000002
15:52:50.928823	1850	6.337069	0.0	873429	4354	1.85
15:52:54.316191	1200	6.946845	0.0	620283	3050	0.5499999999999999
15:52:57.453055	1200	7.788617	0.0	584349	2848	1.2
15:53:02.796868	1850	6.463143	0.0	1035329	5025	1.2000000000000002
15:53:08.292444	1850	4.963234	0.0	1026056	5161	1.85
15:53:11.602571	1200	5.65844	0.0	598727	3010	0.5499999999999999
15:53:14.369752	1200	6.897278	0.0	487812	2420	1.2
15:53:17.540981	1200	7.734755	0.0	575591	2797	1.2
15:53:22.454822	1850	6.811138	0.0	908665	4574	1.2000000000000002
15:53:27.455100	1850	5.817598	0.0	930577	4661	1.85
15:53:32.091152	1850	5.176999	0.0	858450	4305	1.85
15:53:35.008535	1200	6.186054	0.0	641452	2661	0.5499999999999999
15:53:37.126971	1200	8.08654	0.0	599477	1888	1.2
15:53:39.447086	1200	9.766458	0.0	634861	2089	1.2
15:53:42.871221	1850	10.343016	0.0	958994	3190	1.2000000000000002
15:53:46.360846	1850	10.853161	0.0	982064	3256	1.85
15:53:50.623185	2850	10.591646	0.0	1231456	4045	1.85
15:53:55.345033	2850	9.86877	0.0	1364537	4518	2.85
15:53:58.591024	2850	8.311834	0.0	889412	3055	2.85

