15:50:21.586931	750	4	0.741	450283	724	-3.1862999999999997
15:50:25.374547	4300	4.32612	0.0	2123065	3644	0.75
15:50:29.248413	4300	4.453074	0.0	2177073	3746	4.3
15:50:33.117025	4300	4.58714	0.0	2160877	3737	4.3
15:50:37.125385	4300	4.573032	0.0	2233056	3866	4.3
15:50:40.613142	4300	5.071511	0.0	1941625	3375	4.3
15:50:44.478802	4300	5.195235	0.0	2157535	3761	4.3
15:50:48.570465	4300	5.115351	0.0	2290172	3982	4.3
15:50:53.181199	4300	4.531794	0.0	2055469	4461	4.3
15:50:57.081579	2850	4.630726	0.0	1429765	3662	1.4000000000000001
15:51:00.713850	2850	4.998239	0.0	1354548	3473	2.85
15:51:03.314154	1850	6.41863	0.0	917428	2387	0.8500000000000001
15:51:05.890573	1850	7.840432	0.0	946851	2396	1.85
15:51:08.666838	1850	9.076662	0.0	1036454	2574	1.85
15:51:11.583309	1850	10.180901	0.0	821631	2691	1.85
15:51:18.011262	2850	7.769474	0.0	1471065	6148	1.85
15:51:22.264107	1850	7.488464	0.0	966699	4010	0.8500000000000001
15:51:26.156467	1850	7.617086	0.0	885714	3613	1.85
15:51:29.143920	1200	8.638051	0.0	639204	2678	0.5499999999999999
15:51:31.799743	1200	9.982079	0.0	586839	2365	1.2
15:51:34.569910	1200	11.210425	0.0	601738	2467	1.2
15:51:38.838852	1850	10.940335	0.0	955231	3985	1.2000000000000002
15:51:43.176079	1850	10.605611	0.0	968026	4057	1.85
15:51:47.066868	1850	10.710087	0.0	874175	3612	1.85
15:51:51.080084	1850	10.702003	0.0	897976	3714	1.85
15:51:55.106327	1850	10.647306	0.0	905935	3771	1.85
15:51:59.874647	1850	9.904263	0.0	1076599	4489	1.85
15:52:03.836532	1850	9.946384	0.0	758197	3684	1.85
15:52:08.966754	1850	8.838903	0.0	972798	4820	1.85
15:52:14.106159	1850	7.653019	0.0	975811	4863	1.85
15:52:18.725734	1850	7.058493	0.0	873429	4316	1.85
15:52:23.842572	1850	5.96344	0.0	954453	4784	1.85
15:52:27.025236	1200	6.776167	0.0	584349	2858	0.5499999999999999
15:52:30.732181	1200	7.053706	0.0	670129	3338	1.2
15:52:34.513941	1200	7.28619	0.0	690253	3468	1.2
15:52:37.743649	1200	8.010763	0.0	598727	2959	1.2
15:52:41.700102	1850	8.111499	0.0	728962	3620	1.2000000000000002
15:52:46.650920	1850	7.153877	0.0	938587	4639	1.85
15:52:51.497877	1850	6.305837	0.0	908665	4529	1.85
15:52:54.738960	1200	7.055066	0.0	587506	2925	0.5499999999999999
15:52:57.825899	1200	7.975069	0.0	566904	2780	1.2
15:53:01.380564	1200	8.385128	0.0	641452	3279	1.2
15:53:06.180131	1850	7.623761	0.0	886255	4426	1.2000000000000002
15:53:11.356870	1850	6.444782	0.0	973972	4853	1.85
15:53:16.406527	1850	5.391289	0.0	958994	4733	1.85
15:53:21.603058	1850	4.236674	0.043	982064	4918	1.6651
15:53:26.075279	1850	4.2651	0.497	830730	4154	-0.2870999999999997
15:53:30.623209	1850	4.276883	0.579	846370	4272	-0.6396999999999999
15:53:33.827784	1850	2.751338	0.0	598850	2968	1.85

