15:52:04.833489	750	4	2.195	450283	2105	-9.4385
15:52:08.348359	1200	4.474987	0.0	611087	3100	0.75
15:52:11.454547	1200	5.368205	0.0	571051	2790	1.2
15:52:14.785033	1200	6.009592	0.0	617681	3025	1.2
15:52:18.507615	1200	6.324692	0.0	652874	3341	1.2
15:52:21.336662	1200	7.484553	0.0	520315	2521	1.2
15:52:24.384243	1200	8.43356	0.0	561791	2742	1.2
15:52:30.020747	1850	6.803871	0.0	1060487	5232	1.2000000000000002
15:52:34.605707	1850	6.189247	0.0	852833	4277	1.85
15:52:37.699032	1200	7.091254	0.0	560821	2794	0.5499999999999999
15:52:41.091973	1200	7.703813	0.0	607410	3100	1.2
15:52:44.388537	1200	8.436165	0.0	594078	2964	1.2
15:52:49.392676	1850	7.429056	0.0	946851	4678	1.2000000000000002
15:52:54.806331	1850	5.987168	0.0	1036454	5115	1.85
15:52:59.200795	1850	5.619538	0.0	821631	4063	1.85
15:53:02.340452	1200	6.482605	0.0	587876	2812	0.5499999999999999
15:53:05.794064	1200	7.024198	0.0	617242	3129	1.2
15:53:08.922430	1200	7.89975	0.0	581493	2812	1.2
15:53:12.392191	1200	8.426704	0.0	639204	3148	1.2
15:53:17.259012	1850	7.560648	0.0	923755	4541	1.2000000000000002
15:53:22.075918	1850	6.730915	0.0	891604	4494	1.85
15:53:27.193035	1850	5.625655	0.0	955231	4792	1.85
15:53:30.797202	1200	6.007505	0.0	656471	3300	0.5499999999999999
15:53:33.848857	1200	6.950194	0.0	536667	2769	1.2
15:53:36.020053	1200	8.748461	0.0	587236	1904	1.2
15:53:38.121785	1200	10.648489	0.0	590335	1863	1.2
15:53:40.623580	1200	12.14644	0.0	696376	2265	1.2
15:53:43.351854	1850	13.391141	0.0	758197	2523	1.2000000000000002
15:53:46.832812	1850	13.945888	0.0	972798	3248	1.85
15:53:50.361861	1850	14.409665	0.0	975811	3296	1.85
15:53:53.504380	1850	15.241432	0.0	873429	2925	1.85
15:53:58.781445	2850	13.966325	0.0	1497683	5001	1.85
15:54:02.343817	2850	14.376504	0.0	1358081	3393	2.85
15:54:06.563194	2850	14.180166	0.0	1587293	4028	2.85
15:54:10.553920	2850	14.190886	0.0	1492672	3795	2.85
15:54:14.458962	2850	14.287713	0.0	1439896	3713	2.85
15:54:17.586526	2850	15.157598	0.0	1139291	2926	2.85
15:54:20.940353	2850	15.7775	0.0	1499009	3189	2.85
15:54:22.968278	4300	17.719238	0.0	2133870	1851	2.8499999999999996
15:54:24.937849	4300	19.749812	0.0	2146120	1867	4.3
15:54:26.864903	4300	21.824008	0.0	2108491	1833	4.3
15:54:28.863727	4300	23.824374	0.0	2184571	1900	4.3
15:54:30.809571	4300	25.878024	0.0	2121928	1847	4.3
15:54:32.837148	4300	27.85053	0.0	2219102	1930	4.3
15:54:34.781855	4300	29.905977	0.0	2124950	1850	4.3
15:54:36.832545	4300	31.855199	0.0	2246506	1955	4.3
15:54:38.617933	4300	34.069936	0.0	1961140	1705	4.3
15:54:40.557435	4300	36.129856	0.0	2155012	1878	4.3
15:54:41.853501	4300	36.514442	0.0	1433658	1246	4.3

