15:51:12.853303	750	4	1.829	450283	1772	-7.8647
15:51:17.206438	1850	4.249996	0.388	957685	4025	-0.9183999999999999
15:51:21.105241	1850	4.387709	0.021	877771	3605	1.7597
15:51:25.250646	1850	4.408983	0.171	933276	3862	1.1147
15:51:29.505612	1850	4.329331	0.176	996749	3965	1.0932000000000002
15:51:33.059635	1850	4.767544	0.0	801058	3265	1.85
15:51:37.097294	1850	4.731835	0.0	905515	3749	1.85
15:51:41.830923	1850	4.256329	0.251	1060487	4434	0.7707000000000002
15:51:45.641243	1850	4.444894	0.0	852833	3536	1.85
15:51:49.723751	1850	4.3602	0.0	913888	3804	1.85
15:51:53.926574	1850	4.261436	0.099	939819	3915	1.4243000000000001
15:51:58.029830	1850	4.36576	0.2	917428	3817	0.9900000000000001
15:52:02.477350	1850	4.315534	0.379	946851	4126	0.22029999999999994
15:52:07.922661	1850	4.440076	1.588	1036454	5135	-4.978399999999999
15:52:10.854162	1200	5.516309	0.0	526950	2556	0.5499999999999999
15:52:14.089363	1200	6.243195	0.0	587876	2946	1.2
15:52:17.486046	1200	6.864922	0.0	617242	3104	1.2
15:52:20.605838	1200	7.746917	0.0	581493	2817	1.2
15:52:24.107553	1200	8.247799	0.0	639204	3197	1.2
15:52:27.254805	1200	9.078932	0.0	586839	2877	1.2
15:52:30.579091	1200	9.795969	0.0	601738	3002	1.2
15:52:35.614736	1850	8.758018	0.0	955231	4724	1.2000000000000002
15:52:40.797189	1850	7.587584	0.0	968026	4853	1.85
15:52:45.372529	1850	6.996874	0.0	874175	4273	1.85
15:52:50.210030	1850	6.167156	0.0	897976	4503	1.85
15:52:53.458721	1200	6.919352	0.0	590335	2918	0.5499999999999999
15:52:57.249776	1200	7.115967	0.0	696376	3481	1.2
15:53:01.356201	1850	6.997887	0.0	758197	3828	1.2000000000000002
15:53:06.491053	1850	5.861838	0.0	972798	4830	1.85
15:53:10.057053	1200	6.316223	0.0	641447	3243	0.5499999999999999
15:53:13.116000	1200	7.237665	0.0	570392	2753	1.2
15:53:16.520425	1200	7.811309	0.0	620283	3122	1.2
15:53:19.780128	1200	8.596423	0.0	584349	2939	1.2
15:53:25.293850	1850	7.082565	0.0	1035329	5190	1.2000000000000002
15:53:30.783331	1850	5.580196	0.0	1026056	5172	1.85
15:53:34.062608	1200	6.275396	0.0	598727	2988	0.5499999999999999
15:53:36.686664	1850	7.630303	0.0	728962	2380	1.2000000000000002
15:53:40.007392	1850	8.319874	0.0	938587	3073	1.85
15:53:43.263025	1850	9.063738	0.0	908665	3020	1.85
15:53:46.613037	1850	9.71333	0.0	930577	3126	1.85
15:53:49.754171	1850	10.578371	0.0	858450	2905	1.85
15:53:53.401115	1850	10.92866	0.0	1025005	3418	1.85
15:53:56.577684	1850	11.749871	0.0	886255	2950	1.85
15:53:59.659199	1850	12.635206	0.0	973972	2890	1.85
15:54:02.335595	1850	13.951107	0.0	958994	2500	1.85
15:54:05.009991	1850	15.292198	0.0	982064	2507	1.85
15:54:10.208194	4300	14.095243	0.0	1961140	4995	1.8499999999999996
15:54:15.819669	4300	12.481796	0.0	2155012	5451	4.3
15:54:19.603361	4300	10.376559	0.0	1433658	3643	4.3

