15:51:13.883352	750	4	1.917	450283	1849	-8.2431
15:51:18.227710	1850	4.498901	0.6	957685	3984	-1.83
15:51:22.168128	1850	4.546328	0.0	877771	3660	1.85
15:51:26.215120	1850	4.46926	0.0	933276	3800	1.85
15:51:30.646160	1850	4.349465	0.277	996749	4132	0.6589000000000003
15:51:34.145065	1850	4.818084	0.0	801058	3237	1.85
15:51:38.240592	1850	4.746324	0.0	905515	3811	1.85
15:51:42.929359	1850	4.377078	0.314	1060487	4403	0.4998
15:51:46.727606	1850	4.57964	0.0	852833	3528	1.85
15:51:50.815925	1850	4.46333	0.0	913888	3839	1.85
15:51:55.030278	1850	4.441309	0.165	939819	3934	1.1405
15:51:59.157898	1850	4.356525	0.064	917428	3892	1.5748000000000002
15:52:03.883399	1850	4.419762	0.79	946851	4427	-1.5469999999999997
15:52:07.795146	1200	4.552581	0.0	687371	3488	0.5499999999999999
15:52:10.676693	1200	5.666809	0.0	526950	2577	1.2
15:52:13.998513	1200	6.355726	0.0	587876	2959	1.2
15:52:17.392318	1200	6.947371	0.0	617242	3098	1.2
15:52:20.537043	1200	7.800443	0.0	581493	2848	1.2
15:52:24.041887	1200	8.291764	0.0	639204	3218	1.2
15:52:27.210422	1200	9.118308	0.0	586839	2884	1.2
15:52:31.942773	1850	8.401001	0.0	891604	4413	1.2000000000000002
15:52:37.047664	1850	7.299577	0.0	955231	4779	1.85
15:52:42.079520	1850	6.248133	0.0	968026	4732	1.85
15:52:45.180623	1200	7.172532	0.0	536667	2770	0.5499999999999999
15:52:48.409970	1200	7.932842	0.0	587236	2922	1.2
15:52:51.637196	1200	8.681985	0.0	590335	2935	1.2
15:52:57.343577	1850	6.978443	0.0	1076599	5367	1.2000000000000002
15:53:01.414870	1850	6.881586	0.0	758197	3820	1.85
15:53:04.904825	1200	7.442531	0.0	622896	3122	0.5499999999999999
15:53:08.388181	1200	7.937413	0.0	641447	3178	1.2
15:53:13.001898	1850	7.342214	0.0	873429	4291	1.2000000000000002
15:53:16.444303	1200	7.872334	0.0	620283	3151	0.5499999999999999
15:53:21.225405	1850	7.121338	0.0	885062	4478	1.2000000000000002
15:53:24.903093	1200	7.43899	0.0	670129	3354	0.5499999999999999
15:53:30.442627	1850	5.904582	0.0	1026056	5192	1.2000000000000002
15:53:34.887876	1850	5.403549	0.0	943942	4171	1.85
15:53:36.704465	1200	7.568654	0.0	487812	1618	0.5499999999999999
15:53:38.843166	1200	9.454978	0.0	575591	1893	1.2
15:53:41.028405	1200	11.267128	0.0	605884	1955	1.2
15:53:44.330019	1850	11.967518	0.0	930577	3066	1.2000000000000002
15:53:47.417509	1850	12.879595	0.0	858450	2859	1.85
15:53:51.059350	1850	13.236559	0.0	1025005	3413	1.85
15:53:54.241057	1850	14.057755	0.0	886255	2949	1.85
15:53:59.536336	2850	12.733292	0.0	1587250	5043	1.85
15:54:03.315382	2850	12.957593	0.0	1464921	3594	2.85
15:54:07.235974	2850	13.035052	0.0	1483527	3745	2.85
15:54:12.453666	4300	11.817199	0.0	1961140	5012	2.8499999999999996
15:54:18.081838	4300	10.191033	0.0	2155012	5457	4.3
15:54:21.032440	4300	8.862622	0.0	1433658	2853	4.3

