15:08:58.788583 0.000788 0.000788 0.003940 15594434.962784 0.016000
15:08:58.789140 0.000413 0.000741 0.003480 59514558.374134 0.016000
15:08:58.789880 0.000636 0.000728 0.002887 77299748.859393 0.016000
15:08:58.805061 0.006157 0.001407 0.008455 3991605.293680 0.016000
15:08:58.817068 0.003361 0.001651 0.008892 3656069.202809 0.016000
15:08:58.833020 0.006883 0.002305 0.012968 1785230.604503 0.016000
15:08:58.838328 0.005212 0.002668 0.013573 4715210.425141 0.016000
15:08:58.847252 0.008827 0.003438 0.017775 4176178.226448 0.016000
15:08:58.857904 0.010548 0.004327 0.022190 4659790.023236 0.016000
15:08:58.874214 0.016164 0.005807 0.031041 3801024.201071 0.016000
15:08:58.888134 0.013788 0.006804 0.033711 5347264.361882 0.016000
15:08:58.907654 0.019397 0.008378 0.041151 4434495.530366 0.016000
15:08:58.928994 0.021219 0.009983 0.047404 4632825.766761 0.016000
15:08:58.953859 0.024739 0.011828 0.054649 4470345.575668 0.016000
15:08:58.980520 0.026540 0.013667 0.060495 4629985.316888 0.016000
15:08:59.010842 0.030193 0.015733 0.067380 4476821.199577 0.016000
15:08:59.042734 0.031762 0.017736 0.072501 4642510.813872 0.016000
15:08:59.078236 0.035377 0.019941 0.078656 4515472.888733 0.016000
15:08:59.115527 0.037153 0.022093 0.083340 4630365.625120 0.016000
15:08:59.156424 0.040762 0.024427 0.089031 4521837.954717 0.016000
15:08:59.199020 0.042462 0.026681 0.093170 4630224.487821 0.016000
15:08:59.245264 0.046113 0.029110 0.098409 4530087.731806 0.016000
15:08:59.293206 0.047814 0.031448 0.102126 4625935.874742 0.016000
15:08:59.344772 0.051431 0.033946 0.106937 4539524.207587 0.016000
15:08:59.397998 0.053087 0.036338 0.110223 4629382.299888 0.016000
15:08:59.454895 0.056764 0.038892 0.114731 4545969.769713 0.016000
15:08:59.513426 0.058394 0.041329 0.117711 4629520.280514 0.016000
15:08:59.575713 0.062158 0.043933 0.122048 4546856.559764 0.016000
15:08:59.665981 0.031161 0.042337 0.113695 9464116.643953 0.016000
15:08:59.733500 0.067270 0.045453 0.123905 4566668.871633 0.016000
15:08:59.802720 0.069046 0.048402 0.130834 4627174.711160 0.016000
15:08:59.875521 0.072662 0.051435 0.137519 4566010.768567 0.016000
15:08:59.950189 0.074520 0.054320 0.141969 4617062.360686 0.016000
15:09:00.028303 0.077981 0.057278 0.146675 4569714.834758 0.016000
15:09:00.108233 0.079798 0.060093 0.149661 4619665.627597 0.016000
15:09:00.191723 0.083356 0.063001 0.153440 4569885.201724 0.016000
15:09:00.277026 0.085171 0.065772 0.155771 4616783.560489 0.016000
15:09:00.365891 0.088719 0.068641 0.159087 4570648.990812 0.016000
15:09:00.456507 0.090484 0.071371 0.161049 4617307.411178 0.016000
15:09:00.550670 0.094019 0.074202 0.164108 4574397.643479 0.016000
15:09:00.646599 0.095787 0.076900 0.165915 4618244.404301 0.016000
15:09:00.746073 0.099341 0.079705 0.168907 4576724.473377 0.016000
15:09:00.847318 0.101106 0.082380 0.170683 4618364.197751 0.016000
15:09:00.952185 0.104726 0.085174 0.173746 4576052.285421 0.016000
15:09:01.058766 0.106450 0.087833 0.175539 4617375.543312 0.016000
15:09:01.168941 0.110040 0.090609 0.178595 4578400.036469 0.016000
15:09:01.280866 0.111794 0.093257 0.180432 4616491.256486 0.016000
15:09:01.396308 0.115307 0.096013 0.183445 4582406.752095 0.016000
15:09:01.513575 0.117128 0.098653 0.185341 4616072.864647 0.016000
15:09:01.634437 0.120708 0.101410 0.188481 4580972.691009 0.016000
15:09:01.757010 0.122399 0.104033 0.190326 4618082.479950 0.016000
15:09:01.883186 0.126029 0.106783 0.193498 4582563.800017 0.016000
15:09:02.011063 0.127741 0.109403 0.195397 4617339.347865 0.016000
15:09:02.142600 0.131397 0.112152 0.198642 4582387.415509 0.016000
15:09:02.326651 0.100421 0.110685 0.187284 6118245.134332 0.016000
15:09:02.463401 0.136598 0.113925 0.197286 4587823.353391 0.016000
15:09:02.601936 0.138395 0.116983 0.203975 4617043.043845 0.016000
15:09:02.744102 0.142033 0.120115 0.210408 4585305.063638 0.016000
15:09:02.888009 0.143776 0.123072 0.214454 4615181.095463 0.016000
15:09:03.035431 0.147288 0.126099 0.218851 4588565.996018 0.016000
15:09:03.184848 0.149221 0.128989 0.221675 4611463.274710 0.016000
15:09:03.337512 0.152494 0.131927 0.224946 4593073.908725 0.016000
15:09:03.492073 0.154422 0.134739 0.226998 4615299.591035 0.016000
15:09:03.650177 0.157967 0.137643 0.230064 4589519.826202 0.016000
15:09:03.810063 0.159746 0.140406 0.231825 4615328.806802 0.016000
15:09:03.973510 0.163311 0.143269 0.234739 4589819.293920 0.016000
15:09:04.138762 0.165121 0.146000 0.236455 4613923.352254 0.016000
15:09:04.307571 0.168677 0.148835 0.239353 4589502.893746 0.016000
15:09:04.478082 0.170373 0.151527 0.240954 4615943.670729 0.016000
15:09:04.733231 0.141331 0.150253 0.227519 5651415.759306 0.016000
15:09:04.909012 0.175635 0.153425 0.236757 4617573.609829 0.016000
15:09:05.088454 0.179302 0.156660 0.245035 4591672.735858 0.016000
15:09:05.269699 0.181109 0.159716 0.250447 4613709.000924 0.016000
15:09:05.454414 0.184576 0.162824 0.255731 4593619.112503 0.016000
15:09:05.641014 0.186325 0.165761 0.258944 4616447.937106 0.016000
15:09:05.831071 0.189917 0.168781 0.262823 4593842.010161 0.016000
15:09:06.023047 0.191834 0.171662 0.265247 4611988.098264 0.016000
15:09:06.218411 0.195221 0.174607 0.268355 4594911.135572 0.016000
15:09:06.415689 0.197086 0.177417 0.270206 4613786.154094 0.016000
15:09:06.616393 0.200560 0.180310 0.273045 4595131.496773 0.016000
15:09:06.818933 0.202388 0.183070 0.274699 4614349.061526 0.016000
15:09:07.025012 0.205939 0.185928 0.277519 4594446.654847 0.016000
15:09:07.234041 0.208865 0.188795 0.280425 4588917.883090 0.016000
15:09:07.444329 0.210147 0.191464 0.281539 4619391.864510 0.016000
15:09:07.657533 0.213070 0.194165 0.283326 4613696.853639 0.016000
15:09:07.874230 0.216558 0.196964 0.286228 4596122.045986 0.016000
15:09:08.092856 0.218490 0.199655 0.288129 4611728.357481 0.016000
15:09:08.314856 0.221840 0.202428 0.290968 4597477.631393 0.016000
15:09:08.689680 0.190998 0.200999 0.278834 5404200.995586 0.016000
15:09:08.917226 0.227361 0.204295 0.289033 4593928.449478 0.016000
15:09:09.146238 0.228872 0.207367 0.295498 4617287.039834 0.016000
15:09:09.379059 0.232686 0.210532 0.301949 4594413.945940 0.016000
15:09:09.613497 0.234292 0.213502 0.305825 4615368.258392 0.016000
15:09:09.851641 0.238010 0.216565 0.310316 4594900.731983 0.016000
15:09:10.091473 0.239688 0.219456 0.312892 4613995.155477 0.016000
15:09:10.334847 0.243228 0.222427 0.316277 4597366.215924 0.016000
15:09:10.580032 0.245047 0.225255 0.318261 4613387.119475 0.016000
15:09:10.828765 0.248599 0.228173 0.321272 4596900.450021 0.016000
15:09:11.079381 0.250481 0.230961 0.323094 4611413.267055 0.016000
15:09:11.333295 0.253773 0.233813 0.325724 4600017.021254 0.016000
15:09:11.589220 0.255784 0.236559 0.327464 4611890.657092 0.016000
15:09:11.848566 0.259198 0.239389 0.330207 4598554.881819 0.016000
15:09:12.109643 0.260933 0.242082 0.331739 4615066.925153 0.016000
15:09:12.374480 0.264702 0.244909 0.334773 4595777.986625 0.016000
15:09:12.775127 0.233789 0.243519 0.322037 5256022.194166 0.016000
15:09:13.045057 0.269776 0.246801 0.331946 4600441.142772 0.016000
15:09:13.317014 0.271793 0.249925 0.338775 4611511.383780 0.016000
15:09:13.592267 0.275107 0.253073 0.344892 4600622.054278 0.016000
15:09:13.869400 0.276996 0.256063 0.348851 4613613.459581 0.016000
15:09:14.150272 0.280710 0.259144 0.353381 4596345.278435 0.016000
15:09:14.432737 0.282292 0.262038 0.355863 4614117.691211 0.016000
15:09:14.718706 0.285817 0.265010 0.359158 4600203.709921 0.016000
15:09:15.006423 0.287572 0.267830 0.361004 4614855.857711 0.016000
15:09:15.298043 0.291453 0.270783 0.364286 4595569.542905 0.016000
15:09:15.591025 0.292841 0.273540 0.365725 4615747.779565 0.016000
15:09:15.887671 0.296503 0.276411 0.368512 4600181.757727 0.016000
15:09:16.319670 0.265691 0.275071 0.354866 5179911.185254 0.016000
15:09:16.621610 0.301779 0.278409 0.364964 4601194.430016 0.016000
15:09:16.925422 0.303677 0.281568 0.371752 4612899.961002 0.016000
15:09:17.232847 0.307259 0.284779 0.378108 4599115.466821 0.016000
15:09:17.541924 0.308936 0.287799 0.381952 4613928.291366 0.016000
15:09:17.854647 0.312582 0.290897 0.386295 4599420.076811 0.016000
15:09:18.169162 0.314380 0.293832 0.388864 4612202.813683 0.016000
15:09:18.487153 0.317837 0.296833 0.392112 4600697.843522 0.016000
15:09:18.807075 0.319759 0.299698 0.394084 4611474.572305 0.016000
15:09:19.130243 0.323020 0.302614 0.396724 4602959.834337 0.016000
15:09:19.455766 0.325380 0.305459 0.398809 4607341.256695 0.016000
15:09:19.784148 0.328227 0.308305 0.401085 4604812.526982 0.016000
15:09:20.257274 0.297645 0.306973 0.387218 5119228.441588 0.016000
15:09:20.591197 0.333775 0.310323 0.397309 4601901.879633 0.016000
15:09:20.926966 0.335628 0.313486 0.404031 4613106.919636 0.016000
15:09:21.266314 0.339201 0.316701 0.410324 4600741.512762 0.016000
15:09:21.607470 0.341010 0.319739 0.414266 4612371.096292 0.016000
15:09:21.952182 0.344548 0.322840 0.418544 4600671.197863 0.016000
15:09:22.298616 0.346237 0.325765 0.420939 4613719.092564 0.016000
15:09:22.648581 0.349822 0.328772 0.424210 4601565.633138 0.016000
15:09:23.000505 0.351772 0.331647 0.426225 4610985.745167 0.016000
15:09:23.355750 0.355098 0.334578 0.428963 4602402.598929 0.016000
15:09:23.712810 0.356926 0.337372 0.430508 4613259.231430 0.016000
15:09:24.432269 0.327965 0.336196 0.415455 5058100.386032 0.016000
15:09:24.794537 0.362037 0.339426 0.424711 4616015.106472 0.016000
15:09:25.160435 0.365729 0.342714 0.432981 4603013.623149 0.016000
15:09:25.528221 0.367642 0.345830 0.438458 4612485.087368 0.016000
15:09:25.899503 0.371144 0.348994 0.443780 4602072.890335 0.016000
15:09:26.272636 0.372993 0.351994 0.447082 4612204.612547 0.016000
15:09:26.649267 0.376496 0.355057 0.450875 4601928.433679 0.016000
15:09:27.027729 0.378319 0.357965 0.453090 4612234.343269 0.016000
15:09:27.409677 0.381797 0.360944 0.456120 4602402.987896 0.016000
15:09:28.171646 0.350923 0.359691 0.441094 5042339.466877 0.016000
15:09:28.558841 0.387034 0.363109 0.451505 4603624.440145 0.016000
15:09:28.954919 0.395924 0.367211 0.466323 4531292.839322 0.016000
15:09:29.871425 0.449881 0.377545 0.534549 1993913.605691 0.016000
15:09:30.248086 0.376512 0.377416 0.496201 2415094.014871 0.016000
15:09:30.633790 0.385531 0.378430 0.475635 2390469.567368 0.016000
15:09:30.963597 0.329648 0.372332 0.494018 2832985.333862 0.016000
15:09:31.171128 0.207381 0.351713 0.607929 4562500.682905 0.016000
15:09:31.579775 0.408497 0.358811 0.607757 2346317.786535 0.016000
15:09:32.002626 0.422700 0.366797 0.617395 2296551.134848 0.016000
15:09:32.437869 0.435087 0.375334 0.631572 2259409.127662 0.016000
15:09:32.888559 0.450538 0.384734 0.652117 2209199.172412 0.016000
15:09:33.342579 0.453870 0.393376 0.663049 2220055.082748 0.016000
15:09:33.688667 0.345941 0.387447 0.637137 2948203.613153 0.016000
15:09:34.375570 0.442889 0.394377 0.637087 2330588.607824 0.016000
15:09:34.872957 0.497223 0.407233 0.692111 2100627.302523 0.016000
15:09:35.382836 0.509724 0.420044 0.736194 2073215.523309 0.016000
15:09:35.906954 0.523966 0.433034 0.774069 2040315.304881 0.016000
15:09:36.376396 0.469296 0.437567 0.729605 2304183.392643 0.016000
15:09:36.921761 0.545213 0.451023 0.777697 2005880.329199 0.016000
15:09:37.479740 0.557829 0.464374 0.816185 1982543.381419 0.016000
15:09:38.051736 0.571839 0.477807 0.849131 1955459.984520 0.016000
15:09:38.467073 0.415182 0.469979 0.811096 2722893.429239 0.016000
15:09:38.885107 0.417866 0.463465 0.771415 2734808.218338 0.016000
15:09:39.777129 0.449499 0.461719 0.706648 2569688.203894 0.016000
15:09:40.226583 0.449305 0.460167 0.656278 2598145.692881 0.016000
15:09:40.773714 0.546988 0.471020 0.704923 2156624.967197 0.016000
15:09:41.303270 0.529424 0.478320 0.712152 2251382.838397 0.016000
15:09:42.107445 0.541598 0.486230 0.724882 2223464.301180 0.016000
15:09:42.668727 0.561125 0.495592 0.749476 2167987.370306 0.016000
15:09:43.230471 0.561569 0.503839 0.760229 2188154.139608 0.016000
15:09:43.814940 0.584296 0.513896 0.786646 2124074.142751 0.016000
15:09:44.400473 0.585370 0.522830 0.798866 2141169.472175 0.016000
15:09:45.010487 0.609847 0.533707 0.827751 2075379.328326 0.016000
15:09:45.669043 0.439920 0.521984 0.836304 2904964.878568 0.016000
15:09:46.294323 0.625123 0.534876 0.873756 2063977.729970 0.016000
15:09:46.896634 0.602157 0.543286 0.864726 2163104.082394 0.016000
15:09:47.543371 0.646587 0.556199 0.900579 2033471.464067 0.016000
15:09:48.159906 0.616398 0.563724 0.882208 2152998.214027 0.016000
15:09:48.732801 0.572729 0.564850 0.812718 2338613.447327 0.016000
15:09:49.811888 0.650853 0.575600 0.847505 2076782.574557 0.016000
15:09:50.454982 0.642944 0.584018 0.855290 2121441.834608 0.016000
15:09:51.146237 0.691107 0.597404 0.907947 1991378.948459 0.016000
15:09:51.808829 0.662450 0.605535 0.903488 2096074.182541 0.016000
15:09:52.856902 0.537723 0.597058 0.888335 2605117.936505 0.016000
15:09:53.423559 0.566503 0.593239 0.842252 2494461.424578 0.016000
15:09:53.993911 0.570214 0.590361 0.800145 2499777.131376 0.016000
15:09:54.571391 0.577334 0.588732 0.759098 2490233.004469 0.016000
15:09:55.152314 0.580775 0.587738 0.723469 2496637.319192 0.016000
15:09:56.074677 0.609590 0.590469 0.714120 2398779.296782 0.016000
15:09:56.664646 0.589808 0.590387 0.683786 2500067.872881 0.016000
15:09:57.259695 0.594899 0.590951 0.665513 2499328.713155 0.016000
15:09:57.860193 0.600351 0.592126 0.657448 2497098.800997 0.016000
15:09:58.467792 0.607455 0.594042 0.658363 2488124.984112 0.016000
15:09:59.230873 0.580339 0.592329 0.654272 2625555.267431 0.016000
15:09:59.847304 0.616230 0.595317 0.665675 2492575.779523 0.016000
15:10:00.469009 0.621553 0.598596 0.677601 2490999.382256 0.016000
15:10:01.517216 0.370287 0.570058 0.857620 2090658.391444 0.016000
15:10:02.073872 0.398134 0.548567 0.936163 1975294.784000 0.016000
15:10:02.452241 0.378211 0.527273 0.988326 2111838.254992 0.016000
15:10:02.719183 0.266804 0.494714 1.100972 3039714.776309 0.016000
15:10:03.152681 0.433351 0.487044 1.003100 1899836.216421 0.016000
15:10:03.541767 0.388944 0.474781 0.959923 2148340.614753 0.016000
15:10:03.859906 0.318002 0.455184 0.975820 2666247.503247 0.016000
15:10:04.298632 0.438581 0.453108 0.860188 1961234.116231 0.016000
15:10:04.703799 0.405018 0.447097 0.800497 2154097.637931 0.016000
15:10:05.034151 0.330200 0.432485 0.814432 2679394.656263 0.016000
15:10:05.839712 0.466688 0.436760 0.757424 1922105.774962 0.016000
15:10:06.285608 0.445726 0.437881 0.687345 2040068.744633 0.016000
15:10:06.706594 0.420823 0.435749 0.639905 2189993.862192 0.016000
15:10:07.056636 0.349904 0.425018 0.663980 2668983.032175 0.016000
15:10:07.517056 0.459969 0.429387 0.643559 2057042.779061 0.016000
15:10:07.950277 0.433057 0.429846 0.594145 2213251.016755 0.016000
15:10:08.314568 0.364097 0.421627 0.610600 2666191.482083 0.016000
15:10:08.779997 0.465276 0.427083 0.612462 2112810.447792 0.016000
15:10:09.398932 0.487862 0.434681 0.634493 2040184.030968 0.016000
15:10:09.775426 0.376337 0.427388 0.635591 2677429.703703 0.016000
15:10:10.250266 0.474692 0.433301 0.636757 2148560.085231 0.016000
15:10:10.711722 0.461315 0.436802 0.617409 2237499.727049 0.016000
15:10:11.102618 0.390754 0.431046 0.612550 2672986.179441 0.016000
15:10:11.584038 0.481277 0.437325 0.623683 2195758.418105 0.016000
15:10:12.060250 0.476072 0.442169 0.620684 2245575.955132 0.016000
15:10:12.668656 0.459282 0.444308 0.595308 2354423.175933 0.016000
15:10:13.136299 0.467486 0.447205 0.583633 2339389.126530 0.016000
15:10:13.546802 0.410350 0.442598 0.581775 2695066.200431 0.016000
15:10:14.042374 0.495422 0.449201 0.606407 2257081.272480 0.016000
15:10:14.374628 0.332112 0.434565 0.669559 3403961.796083 0.016000
15:10:14.877467 0.502701 0.443082 0.687464 2273287.500497 0.016000
15:10:15.215154 0.337533 0.429888 0.718724 3422100.979213 0.016000
15:10:15.930887 0.490674 0.437487 0.714899 2379094.786214 0.016000
15:10:16.469215 0.538163 0.450071 0.758807 2191990.376207 0.016000
15:10:16.988083 0.518731 0.458654 0.758865 2297792.648644 0.016000
15:10:17.434178 0.445938 0.457064 0.694938 2700429.983173 0.016000
15:10:18.039789 0.605460 0.475614 0.802415 2009236.190062 0.016000
15:10:18.571011 0.531077 0.482547 0.783111 2313789.172964 0.016000
15:10:19.392642 0.503253 0.485135 0.731265 2466131.432290 0.016000
15:10:19.665439 0.272630 0.458572 0.855674 4597352.122229 0.016000
15:10:20.283141 0.617532 0.478442 0.935229 2049552.038713 0.016000
15:10:20.827286 0.544000 0.486637 0.894785 2349176.857707 0.016000
15:10:21.381641 0.554220 0.495084 0.868779 2328028.743831 0.016000
15:10:22.315460 0.534458 0.500006 0.819651 2437100.032347 0.016000
15:10:22.882358 0.566724 0.508346 0.814797 2320028.543413 0.016000
15:10:23.454152 0.571640 0.516258 0.809390 2321572.958492 0.016000
15:10:24.035135 0.580843 0.524331 0.808766 2305945.091916 0.016000
15:10:24.671187 0.635908 0.538278 0.863181 2125590.867216 0.016000
15:10:25.667337 0.622853 0.548850 0.877102 2189871.303314 0.016000
15:10:26.241110 0.573615 0.551946 0.822900 2399267.491394 0.016000
15:10:26.816815 0.575562 0.554898 0.781730 2412501.171616 0.016000
15:10:27.355083 0.538128 0.552801 0.739695 2603158.100817 0.016000
15:10:28.001986 0.646760 0.564546 0.798675 2184921.808201 0.016000
15:10:28.825826 0.620396 0.571527 0.802974 2297577.167948 0.016000
15:10:29.436984 0.611003 0.576462 0.789522 2353010.023516 0.016000
15:10:30.042841 0.605720 0.580119 0.769173 2393818.755579 0.016000
15:10:30.701893 0.658903 0.589967 0.810541 2219251.891957 0.016000
15:10:31.325467 0.623439 0.594151 0.793053 2365203.957272 0.016000
15:10:31.956200 0.630589 0.598706 0.784321 2357871.736354 0.016000
15:10:32.514148 0.557773 0.593589 0.773733 2687717.649323 0.016000
15:10:33.183990 0.669675 0.603100 0.814294 2256951.933159 0.016000
15:10:34.384750 0.701400 0.615387 0.872083 2172386.526478 0.016000
15:10:34.958534 0.573587 0.610162 0.844484 2677885.235585 0.016000
15:10:35.635438 0.676752 0.618486 0.860817 2287822.331543 0.016000
15:10:36.268470 0.632883 0.620286 0.816431 2465821.345504 0.016000
15:10:37.018190 0.749581 0.636448 0.912852 2098323.987930 0.016000
15:10:37.773262 0.754928 0.651258 0.977041 2099739.664422 0.016000
15:10:38.659311 0.736126 0.661866 0.991072 2170063.436268 0.016000
15:10:39.423278 0.763809 0.674609 1.023456 2107500.791851 0.016000
15:10:40.196212 0.772774 0.686880 1.046680 2098952.655863 0.016000
15:10:40.893989 0.697626 0.688223 0.968819 2342665.399118 0.016000
15:10:41.672230 0.778086 0.699456 0.999766 2116208.378099 0.016000
15:10:42.457506 0.785137 0.710166 1.021080 2112854.356368 0.016000
15:10:43.159315 0.701670 0.709104 0.950785 2381700.223061 0.016000
15:10:44.356697 0.769758 0.716686 0.958601 2186993.874007 0.016000
15:10:45.148203 0.791317 0.726015 0.982082 2142938.961025 0.016000
15:10:45.949273 0.800909 0.735376 1.002321 2132617.336203 0.016000
15:10:46.665058 0.715619 0.732907 0.952873 2403960.473839 0.016000
15:10:47.391674 0.726473 0.732103 0.903511 2384959.037348 0.016000
15:10:47.958414 0.566600 0.711415 1.005473 3079590.081849 0.016000
15:10:48.768627 0.810067 0.723746 1.042942 2169183.701621 0.016000
15:10:49.983469 0.785955 0.731522 1.033128 2251365.673003 0.016000
15:10:50.653281 0.669660 0.723790 1.011856 2660694.070381 0.016000
15:10:51.470575 0.817147 0.735459 1.044867 2195502.111271 0.016000
15:10:52.227557 0.756782 0.738125 0.991503 2386864.207868 0.016000
15:10:52.986097 0.758384 0.740657 0.950950 2398025.308521 0.016000
15:10:53.735878 0.749644 0.741780 0.908487 2442375.180369 0.016000
15:10:54.779230 0.835830 0.753537 0.972616 2205233.192221 0.016000
15:10:55.553654 0.774252 0.756126 0.941152 2396490.519282 0.016000
15:10:56.231524 0.677659 0.746318 0.963554 2756217.956641 0.016000
15:10:57.065240 0.833540 0.757220 1.007370 2255517.532423 0.016000
15:10:57.853364 0.787981 0.761066 0.979438 2401519.732035 0.016000
15:10:58.649275 0.795774 0.765404 0.963892 2393443.415699 0.016000
15:10:59.973451 0.810681 0.771064 0.965207 2364589.465551 0.016000
15:11:00.776341 0.802733 0.775022 0.952299 2403309.859457 0.016000
15:11:01.374365 0.597881 0.752880 1.062979 3247309.278252 0.016000
15:11:02.227195 0.852671 0.765354 1.097719 2291378.750850 0.016000
15:11:03.044445 0.817091 0.771821 1.072832 2406194.693726 0.016000
15:11:04.622166 0.806546 0.776161 1.036645 2452889.316492 0.016000
15:11:05.538891 0.916575 0.793713 1.129490 2171842.018124 0.016000
15:11:06.462866 0.923814 0.809976 1.191909 2168125.175102 0.016000
15:11:07.390261 0.927206 0.824629 1.228310 2173445.722206 0.016000
15:11:08.256774 0.866358 0.829846 1.174334 2340279.540631 0.016000
15:11:09.104281 0.847363 0.832035 1.107919 2407242.246452 0.016000
15:11:10.558338 0.985804 0.851256 1.211938 2081647.394174 0.016000
15:11:11.508569 0.950073 0.863608 1.232936 2172868.813039 0.016000
15:11:12.411946 0.903228 0.868561 1.185176 2299166.874437 0.016000
15:11:13.365566 0.953469 0.879174 1.201544 2190904.913243 0.016000
15:11:14.317025 0.790794 0.868127 1.198284 2657136.553352 0.016000
15:11:15.281690 0.964495 0.880173 1.224159 2191339.637375 0.016000
15:11:16.253577 0.971727 0.891617 1.241161 2187675.869336 0.016000
15:11:17.950595 0.989643 0.903870 1.264054 2160487.964445 0.016000
15:11:18.767765 0.817004 0.893012 1.250016 2632055.768549 0.016000
15:11:20.565719 0.963426 0.901814 1.239981 2244788.645988 0.016000
15:11:21.341663 0.775796 0.886062 1.265705 2803541.366272 0.016000
15:11:22.329503 0.987684 0.898764 1.285119 2214538.227432 0.016000
15:11:23.873385 0.978276 0.908703 1.277981 2248396.125209 0.016000
15:11:24.630978 0.757418 0.889793 1.318036 2920236.309946 0.016000
15:11:25.627301 0.996151 0.903087 1.330628 2232721.812212 0.016000
15:11:27.018670 0.976843 0.912307 1.306718 2289432.666418 0.016000
15:11:27.887266 0.868446 0.906824 1.246493 2589342.009549 0.016000
15:11:28.930334 1.042914 0.923836 1.314677 2167956.006109 0.016000
15:11:30.266154 0.978975 0.930728 1.278999 2322102.062098 0.016000
15:11:31.216509 0.950192 0.933161 1.213828 2405374.977900 0.016000
15:11:32.144995 0.928335 0.932558 1.147884 2475244.518730 0.016000
15:11:33.341642 1.016133 0.943005 1.188075 2273466.013677 0.016000
15:11:34.300979 0.959180 0.945027 1.145004 2421268.473932 0.016000
15:11:35.246764 0.945635 0.945103 1.095694 2468944.561372 0.016000
15:11:37.074577 1.022913 0.954829 1.145583 2294435.643984 0.016000
15:11:38.055400 0.980662 0.958058 1.126957 2405820.063431 0.016000
15:11:38.975519 0.919961 0.953296 1.118067 2577918.045200 0.016000
15:11:40.888382 0.533507 0.900822 1.444189 2234152.048940 0.016000
15:11:41.451680 0.563146 0.858613 1.603814 2138386.413962 0.016000
15:11:41.972131 0.520306 0.816324 1.713532 2338070.864757 0.016000
15:11:42.312332 0.340043 0.756789 1.905977 3613659.903355 0.016000
15:11:43.348920 0.557507 0.731879 1.793052 2226139.664436 0.016000
15:11:43.959028 0.609939 0.716636 1.634456 2054920.717995 0.016000
15:11:44.463694 0.504503 0.690120 1.590618 2508734.280349 0.016000
15:11:44.918282 0.454396 0.660654 1.571752 2812419.064948 0.016000
15:11:45.540073 0.621648 0.655779 1.378108 2075515.159833 0.016000
15:11:46.128199 0.587977 0.647303 1.256852 2215270.579417 0.016000
15:11:46.928995 0.606965 0.642261 1.139761 2166214.486266 0.016000
15:11:47.531165 0.602019 0.637231 1.050598 2204421.857466 0.016000
15:11:48.078397 0.547086 0.625963 1.026133 2448229.344046 0.016000
15:11:48.665804 0.587247 0.621123 0.959966 2301723.537213 0.016000
15:11:49.284672 0.618730 0.620824 0.877350 2204464.589119 0.016000
15:11:49.924229 0.639411 0.623147 0.834129 2152380.955263 0.016000
15:11:50.738376 0.683009 0.630630 0.848728 2032980.801926 0.016000
15:11:51.270532 0.531982 0.618299 0.880520 2633232.223512 0.016000
15:11:51.919085 0.648407 0.622063 0.848836 2179371.965925 0.016000
15:11:52.471635 0.552411 0.613356 0.853088 2580339.267509 0.016000
15:11:53.808317 0.680640 0.621767 0.868850 2112270.119218 0.016000
15:11:54.387464 0.578990 0.616420 0.844508 2504333.483416 0.016000
15:11:55.035909 0.648302 0.620405 0.823354 2255541.126682 0.016000
15:11:55.613321 0.577271 0.615013 0.810359 2554363.616413 0.016000
15:11:56.801146 0.652585 0.619710 0.803791 2278397.346790 0.016000
15:11:57.383972 0.582665 0.615079 0.790185 2572895.378953 0.016000
15:11:58.051882 0.667767 0.621665 0.805682 2263400.903699 0.016000
15:11:58.636368 0.584348 0.617000 0.792330 2607542.244708 0.016000
