15:09:28.908715 0.135806 0.135806 0.679030 90481.955352 0.016000
15:09:28.958263 0.049387 0.125004 0.618841 497621.051558 0.016000
15:09:29.075578 0.117183 0.124026 0.502225 419446.613960 0.016000
15:09:29.242531 0.166798 0.129373 0.455793 589360.021521 0.016000
15:09:29.370423 0.127745 0.129169 0.375612 1539067.155216 0.016000
15:09:29.510887 0.140312 0.130562 0.326538 2802436.384753 0.016000
15:09:29.962049 0.124347 0.129785 0.282982 3162248.305843 0.016000
15:09:30.216160 0.253969 0.145308 0.384389 1596667.598443 0.016000
15:09:30.338789 0.122485 0.142455 0.344589 3410960.129186 0.016000
15:09:30.598245 0.259291 0.157060 0.425496 1658677.355254 0.016000
15:09:30.729648 0.131254 0.153834 0.380967 3370321.227554 0.016000
15:09:31.272763 0.126260 0.150387 0.348311 3600949.216490 0.016000
15:09:31.537077 0.264161 0.164609 0.426826 1767648.538931 0.016000
15:09:31.684661 0.147427 0.162461 0.376306 3250637.490059 0.016000
15:09:31.956438 0.271631 0.176107 0.445660 1809513.625506 0.016000
15:09:32.112801 0.156227 0.173622 0.395668 3224843.589198 0.016000
15:09:32.389915 0.276974 0.186541 0.456427 1863337.603336 0.016000
15:09:32.553340 0.163285 0.183634 0.409305 3235961.324952 0.016000
15:09:32.835917 0.282426 0.195983 0.464028 1914383.847359 0.016000
15:09:33.008248 0.172193 0.193010 0.417833 3211279.426000 0.016000
15:09:33.637200 0.278437 0.203688 0.457733 2030075.760986 0.016000
15:09:33.815083 0.177712 0.200441 0.416951 3249843.106376 0.016000
15:09:34.020231 0.204996 0.201010 0.367948 2877248.201643 0.016000
15:09:34.316832 0.296458 0.212941 0.433592 2031019.530613 0.016000
15:09:34.508735 0.191764 0.210294 0.396959 3203940.214543 0.016000
15:09:34.811388 0.302509 0.221821 0.454035 2071633.756814 0.016000
15:09:35.011606 0.200080 0.219103 0.415005 3193603.869303 0.016000
15:09:35.320205 0.308453 0.230272 0.466548 2111387.552314 0.016000
15:09:35.526960 0.206622 0.227316 0.428173 3211427.644141 0.016000
15:09:35.839449 0.312344 0.237944 0.473615 2163767.638699 0.016000
15:09:36.056213 0.216631 0.235280 0.433347 3176495.732429 0.016000
15:09:36.529256 0.197702 0.230583 0.416711 3542787.854717 0.016000
15:09:36.850981 0.321564 0.241956 0.472533 2216367.785577 0.016000
15:09:37.079993 0.228862 0.240319 0.426345 3167812.264569 0.016000
15:09:37.405045 0.324897 0.250891 0.474989 2269272.675926 0.016000
15:09:37.643211 0.238024 0.249283 0.430223 3149127.867292 0.016000
15:09:37.973620 0.330265 0.259406 0.476093 2306801.797983 0.016000
15:09:38.385747 0.411981 0.278477 0.593569 1879076.465141 0.016000
15:09:38.802009 0.416108 0.295681 0.669630 1889970.276086 0.016000
15:09:39.142214 0.340026 0.301224 0.626031 2348997.519850 0.016000
15:09:39.319373 0.177012 0.285698 0.653515 4581650.171706 0.016000
15:09:39.791291 0.396878 0.299595 0.686638 2074430.912141 0.016000
15:09:40.224743 0.433297 0.316308 0.740292 1928431.760851 0.016000
15:09:40.576514 0.351636 0.320724 0.674040 2411219.519217 0.016000
15:09:40.853743 0.277090 0.315270 0.623891 3104261.339391 0.016000
15:09:41.296018 0.442135 0.331128 0.689459 1973261.133734 0.016000
15:09:41.551306 0.255147 0.321630 0.666360 3467554.266210 0.016000
15:09:41.910208 0.358742 0.326269 0.621928 2500471.099897 0.016000
15:09:42.203234 0.292873 0.322095 0.577235 3104798.163177 0.016000
15:09:42.656304 0.452928 0.338449 0.660637 2034760.194092 0.016000
15:09:43.219616 0.426792 0.349492 0.679476 2188156.486553 0.016000
15:09:43.601633 0.381840 0.353535 0.633372 2477938.464418 0.016000
15:09:43.914278 0.312479 0.348403 0.599337 3067290.733826 0.016000
15:09:44.382156 0.467729 0.363319 0.670845 2075457.818087 0.016000
15:09:44.775971 0.393675 0.367114 0.628114 2497084.595296 0.016000
15:09:45.102885 0.326778 0.362072 0.598157 3045882.745172 0.016000
15:09:46.052774 0.465684 0.375023 0.655700 2163733.639459 0.016000
15:09:46.390233 0.337307 0.370309 0.618532 3023667.079561 0.016000
15:09:46.868216 0.477839 0.383750 0.677448 2160125.094361 0.016000
15:09:47.289239 0.420878 0.388391 0.645793 2481669.664429 0.016000
15:09:47.639285 0.349910 0.383581 0.615113 3020113.563763 0.016000
15:09:48.126053 0.486625 0.396461 0.673155 2196878.697919 0.016000
15:09:48.559678 0.433482 0.401089 0.645629 2494553.800185 0.016000
15:09:49.135956 0.423766 0.403924 0.610006 2580745.656516 0.016000
15:09:49.541741 0.405629 0.404137 0.560404 2726431.219586 0.016000
15:09:49.913280 0.371381 0.400042 0.549999 3010945.272781 0.016000
15:09:50.410545 0.497108 0.412175 0.621708 2274145.737927 0.016000
15:09:50.868969 0.458280 0.417939 0.621193 2493637.904309 0.016000
15:09:51.252763 0.383652 0.413653 0.600380 3010728.693846 0.016000
15:09:51.759036 0.506131 0.425212 0.657736 2306438.753554 0.016000
15:09:52.807162 0.602816 0.447413 0.799409 1956896.069951 0.016000
15:09:53.370271 0.562954 0.461856 0.841394 2117287.741511 0.016000
15:09:53.937063 0.566649 0.474955 0.864402 2125167.581281 0.016000
15:09:54.510880 0.573676 0.487295 0.878102 2120555.449755 0.016000
15:09:55.090106 0.579077 0.498768 0.883655 2121997.572983 0.016000
15:09:56.092554 0.560097 0.506434 0.856428 2215844.837983 0.016000
15:09:56.686223 0.593508 0.517318 0.866888 2111809.763543 0.016000
15:09:57.282877 0.596471 0.527212 0.868543 2121921.023374 0.016000
15:09:57.885009 0.601973 0.536557 0.867316 2122938.868407 0.016000
15:09:58.494438 0.609284 0.545648 0.866444 2117633.420084 0.016000
15:09:59.766317 0.592231 0.551471 0.838651 2199357.889930 0.016000
15:10:00.385513 0.619032 0.559916 0.842862 2123987.450379 0.016000
15:10:01.009114 0.623466 0.567860 0.843619 2128590.762551 0.016000
15:10:01.556356 0.547102 0.565265 0.792842 2448157.861713 0.016000
15:10:02.112905 0.556380 0.564154 0.743723 2429419.637388 0.016000
15:10:03.195375 0.525827 0.559364 0.732367 2593947.363939 0.016000
15:10:03.824288 0.628750 0.568037 0.767176 2188876.043145 0.016000
15:10:04.349007 0.524559 0.562602 0.755434 2647069.146506 0.016000
15:10:04.984436 0.635275 0.571686 0.788983 2205080.081833 0.016000
15:10:05.490591 0.506008 0.563476 0.792127 2792682.301748 0.016000
15:10:06.340725 0.509577 0.556739 0.782127 2797237.511835 0.016000
15:10:07.014097 0.673181 0.571294 0.856777 2135675.068543 0.016000
15:10:07.577211 0.562965 0.570253 0.792694 2575619.446477 0.016000
15:10:08.265361 0.688001 0.584972 0.869550 2125392.514667 0.016000
15:10:08.847706 0.582171 0.584622 0.800856 2532864.215133 0.016000
15:10:09.709724 0.665452 0.594725 0.837732 2234342.961215 0.016000
15:10:10.322625 0.612742 0.596977 0.797249 2446601.580973 0.016000
15:10:11.036776 0.714007 0.611606 0.878840 2116819.170297 0.016000
15:10:11.662570 0.625649 0.613362 0.827829 2435410.365842 0.016000
15:10:12.268569 0.605847 0.612422 0.780788 2535293.060859 0.016000
15:10:13.472180 0.710738 0.624712 0.849301 2178423.164029 0.016000
15:10:14.221827 0.749484 0.640308 0.933523 2082200.381193 0.016000
15:10:15.049996 0.828019 0.663772 1.071394 1899550.835024 0.016000
15:10:15.749622 0.699458 0.668233 1.009635 2266257.964396 0.016000
15:10:16.664735 0.679665 0.669662 0.937145 2350334.873795 0.016000
15:10:17.425050 0.760152 0.680973 0.972076 2117639.347162 0.016000
15:10:18.050428 0.625234 0.674006 0.948072 2594253.784045 0.016000
15:10:18.784130 0.733550 0.681449 0.946543 2227938.615503 0.016000
15:10:20.298035 0.718823 0.686121 0.922315 2290678.095435 0.016000
15:10:21.044121 0.745931 0.693597 0.930553 2223905.696245 0.016000
15:10:21.786781 0.742515 0.699712 0.926347 2250685.580632 0.016000
15:10:22.549891 0.762953 0.707617 0.940835 2206500.145036 0.016000
15:10:23.251659 0.701619 0.706867 0.887778 2416900.970019 0.016000
15:10:23.994255 0.742450 0.711315 0.882581 2300534.719689 0.016000
15:10:24.701365 0.706972 0.710772 0.843565 2433364.097617 0.016000
15:10:25.690387 0.643404 0.702351 0.869314 2692877.229957 0.016000
15:10:26.532536 0.841927 0.719798 0.984596 2072502.596038 0.016000
15:10:27.303603 0.770917 0.726188 0.975905 2279342.833972 0.016000
15:10:28.046372 0.742611 0.728241 0.931952 2382770.515613 0.016000
15:10:28.870223 0.823708 0.740174 0.988425 2163096.480586 0.016000
15:10:29.714259 0.843885 0.753138 1.043037 2125939.099647 0.016000
15:10:30.753520 0.747786 0.752469 0.975245 2415578.642980 0.016000
15:10:31.556490 0.802823 0.758763 0.976199 2265286.182483 0.016000
15:10:32.441231 0.884590 0.774492 1.063395 2069786.211952 0.016000
15:10:33.242584 0.801155 0.777825 1.021166 2300678.136160 0.016000
15:10:34.054137 0.811415 0.782023 0.998120 2286731.325183 0.016000
15:10:34.876772 0.822492 0.787082 0.989623 2270874.028534 0.016000
15:10:36.590140 0.874325 0.797987 1.037136 2150303.285887 0.016000
15:10:37.341536 0.751247 0.792145 1.018247 2518947.267485 0.016000
15:10:37.971650 0.629968 0.771873 1.103626 3023392.010209 0.016000
15:10:38.733828 0.762029 0.770642 1.029301 2515558.029446 0.016000
15:10:39.503261 0.769275 0.770471 0.965833 2507836.762306 0.016000
15:10:40.977631 0.751870 0.768146 0.933268 2582233.097331 0.016000
15:10:41.757451 0.779665 0.769586 0.904946 2505937.828201 0.016000
15:10:42.635244 0.877647 0.783094 0.992675 2240171.928289 0.016000
15:10:43.558891 0.923500 0.800644 1.098237 2142250.546832 0.016000
15:10:44.334834 0.775795 0.797538 1.045582 2565956.269184 0.016000
15:10:45.952736 0.810250 0.799127 0.997872 2472007.271281 0.016000
15:10:46.862381 0.909428 0.812915 1.072274 2215933.821218 0.016000
15:10:47.837138 0.974556 0.833120 1.189280 2080455.165222 0.016000
15:10:48.782805 0.945506 0.847168 1.226675 2157371.601172 0.016000
15:10:49.685052 0.902096 0.854034 1.193592 2274808.806061 0.016000
15:10:50.513023 0.827794 0.850754 1.131663 2493837.612899 0.016000
15:10:51.493805 0.866272 0.852694 1.078893 2397251.087419 0.016000
15:10:52.442449 0.948476 0.864667 1.130098 2202438.814940 0.016000
15:10:53.442748 1.000146 0.881602 1.216154 2100941.447074 0.016000
15:10:54.288641 0.845750 0.877120 1.163886 2499008.409403 0.016000
15:10:55.151973 0.863171 0.875376 1.104400 2462807.198343 0.016000
15:10:57.103713 0.989871 0.889688 1.175951 2159990.489484 0.016000
15:10:58.119861 1.015981 0.905475 1.246465 2116574.603540 0.016000
15:10:59.116534 0.996524 0.916856 1.263647 2170232.036649 0.016000
15:11:00.015867 0.899198 0.914649 1.192400 2418795.266804 0.016000
15:11:01.037538 1.021526 0.928008 1.243199 2141172.901744 0.016000
15:11:02.277232 1.023714 0.939972 1.272070 2148599.959711 0.016000
15:11:03.326925 1.049523 0.953666 1.312291 2107471.927502 0.016000
15:11:04.176666 0.849585 0.940655 1.313705 2617899.153821 0.016000
15:11:05.533710 0.960052 0.943080 1.242264 2329473.787661 0.016000
15:11:06.453791 0.919927 0.940186 1.187727 2444437.753166 0.016000
15:11:07.381254 0.927301 0.938575 1.137116 2438250.547148 0.016000
15:11:08.749127 0.993953 0.945498 1.149781 2287110.179089 0.016000
15:11:09.683890 0.934603 0.944136 1.108243 2445496.172247 0.016000
15:11:10.629034 0.944980 0.944241 1.068166 2431645.355854 0.016000
15:11:12.484435 0.922844 0.941567 1.055907 2503287.844377 0.016000
15:11:13.442017 0.957425 0.943549 1.045163 2425706.154526 0.016000
15:11:15.251549 1.027803 0.954081 1.114545 2271563.837419 0.016000
15:11:16.219795 0.968092 0.955832 1.090192 2424364.117784 0.016000
15:11:17.094934 0.874937 0.945720 1.127385 2696532.258851 0.016000
15:11:18.728873 1.123940 0.967998 1.282466 2110062.831642 0.016000
15:11:19.670160 0.941124 0.964638 1.227363 2533004.674538 0.016000
15:11:20.759411 1.089104 0.980197 1.301706 2200120.592964 0.016000
15:11:22.338395 1.085989 0.993421 1.340345 2217746.223506 0.016000
15:11:23.397121 1.058580 1.001566 1.326918 2286776.794388 0.016000
15:11:24.486193 1.088932 1.012486 1.343867 2234321.258389 0.016000
15:11:25.644819 1.051031 1.017305 1.304385 2326583.838024 0.016000
15:11:26.716486 1.071500 1.024079 1.293584 2293607.468477 0.016000
15:11:27.828823 1.112185 1.035092 1.325327 2220752.839636 0.016000
15:11:29.155991 1.116735 1.045298 1.344617 2222708.199383 0.016000
15:11:30.290973 1.134832 1.056489 1.370513 2198091.178268 0.016000
15:11:32.415604 0.975099 1.046316 1.363224 2570766.431877 0.016000
15:11:33.558358 1.142588 1.058350 1.392303 2204679.394595 0.016000
15:11:34.762985 1.204478 1.076616 1.473209 2101597.910134 0.016000
15:11:36.138288 0.950587 1.060862 1.484336 2675837.044288 0.016000
15:11:37.327992 1.189534 1.076946 1.523223 2148659.987693 0.016000
15:11:38.524344 1.196198 1.091853 1.545813 2146961.888323 0.016000
15:11:39.937897 1.017780 1.082593 1.497136 2535400.414469 0.016000
15:11:40.938046 1.000002 1.072270 1.465768 2592763.054697 0.016000
15:11:42.029187 1.090976 1.074608 1.388438 2387821.547312 0.016000
15:11:43.330204 1.077669 1.074990 1.313424 2428708.842975 0.016000
15:11:44.445643 1.115271 1.080026 1.299131 2357841.084677 0.016000
15:11:45.938099 1.097593 1.082221 1.264118 2407012.283908 0.016000
15:11:46.991084 1.052829 1.078547 1.244363 2521024.716729 0.016000
15:11:49.238491 1.097415 1.080906 1.224135 2429797.361916 0.016000
15:11:50.184015 0.945367 1.063964 1.306924 2833591.317150 0.016000
15:11:52.416586 1.163593 1.076417 1.358267 2312726.078220 0.016000
15:11:53.500873 1.084126 1.077381 1.296477 2493584.704068 0.016000
15:11:54.717875 1.216854 1.094815 1.398610 2231695.656968 0.016000
15:11:55.948635 1.230612 1.111790 1.475433 2216731.116138 0.016000
15:11:57.469160 1.208586 1.123889 1.493418 2267297.528592 0.016000
15:11:58.821216 1.351907 1.152391 1.657556 2036021.686234 0.016000
15:11:59.624140 0.802776 1.108689 1.837178 3444049.750793 0.016000
15:12:00.226616 0.602297 1.045390 2.098150 4610827.694831 0.016000
15:12:00.859950 0.573294 0.986378 2.248044 4865525.137480 0.016000
15:12:01.467286 0.607186 0.938979 2.264421 4614176.933202 0.016000
15:12:02.078435 0.611000 0.897982 2.220043 4605487.425429 0.016000
15:12:02.691501 0.612876 0.862344 2.138995 4611437.198619 0.016000
15:12:03.629874 0.583661 0.827508 2.063680 4863317.530767 0.016000
15:12:04.248161 0.618133 0.801336 1.937840 4611979.599174 0.016000
15:12:04.870000 0.621696 0.778881 1.810900 4605311.955527 0.016000
15:12:06.091552 0.591105 0.755409 1.717199 4864435.381958 0.016000
15:12:06.718402 0.626685 0.739319 1.589385 4607864.147539 0.016000
15:12:07.347348 0.628758 0.725499 1.473610 4612216.804883 0.016000
15:12:07.979995 0.632493 0.713873 1.367962 4604408.131058 0.016000
15:12:08.614103 0.633964 0.703884 1.274360 4613106.919636 0.016000
15:12:09.251922 0.637675 0.695608 1.189674 4605530.691818 0.016000
15:12:10.122782 0.606841 0.684512 1.143829 4859789.591573 0.016000
15:12:10.765787 0.642841 0.679303 1.065462 4606751.334263 0.016000
15:12:11.410748 0.644816 0.674992 0.999099 4611697.539625 0.016000
15:12:12.059474 0.648540 0.671686 0.941218 4604163.055428 0.016000
15:12:12.709486 0.649866 0.668958 0.892928 4613678.234564 0.016000
15:12:13.981510 0.620950 0.662957 0.878943 4848313.196760 0.016000
15:12:14.637119 0.655461 0.662020 0.831506 4611788.746699 0.016000
15:12:15.296202 0.658934 0.661634 0.791835 4606131.360958 0.016000
15:12:15.925591 0.629244 0.657586 0.787626 4842991.857468 0.016000
15:12:16.590105 0.664363 0.658433 0.762741 4605482.885746 0.016000
15:12:17.256332 0.666087 0.659390 0.745274 4612010.751060 0.016000
15:12:18.027559 0.637188 0.656614 0.743230 4840468.126273 0.016000
15:12:18.698898 0.671183 0.658435 0.737966 4613608.353920 0.016000
15:12:19.374102 0.675044 0.660512 0.736768 4605423.831351 0.016000
15:12:20.050989 0.676748 0.662541 0.735970 4611985.299988 0.016000
15:12:20.731434 0.680311 0.664762 0.737604 4605893.720843 0.016000
15:12:21.585262 0.649481 0.662852 0.732764 4843448.412648 0.016000
15:12:22.270985 0.685566 0.665691 0.740839 4606436.487945 0.016000
15:12:22.958557 0.687429 0.668409 0.746507 4611826.276197 0.016000
15:12:23.649661 0.690956 0.671227 0.752349 4606069.658522 0.016000
15:12:24.342778 0.692953 0.673943 0.756510 4610528.411068 0.016000
15:12:25.498903 0.663625 0.672653 0.744896 4832801.643672 0.016000
15:12:26.197121 0.698062 0.675829 0.755420 4611991.861229 0.016000
15:12:26.898788 0.701530 0.679042 0.764436 4606708.328210 0.016000
