17:02:14.246678 0.000785 0.000785 0.003924 15656016.874848 0.016000
17:02:14.247310 0.000467 0.000745 0.003418 52618282.339969 0.016000
17:02:14.248258 0.000828 0.000756 0.002843 59360331.185718 0.016000
17:02:14.249543 0.001172 0.000808 0.002790 83872428.888527 0.016000
17:02:14.252186 0.002525 0.001022 0.004226 77861743.067888 0.016000
17:02:14.258865 0.002228 0.001173 0.004782 88243308.810273 0.016000
17:02:14.261018 0.002048 0.001282 0.004864 101999223.327590 0.016000
17:02:14.263163 0.002039 0.001377 0.004820 108479061.732460 0.016000
17:02:14.287829 0.009939 0.002447 0.013591 4945388.975172 0.016000
17:02:14.318103 0.016477 0.004201 0.026589 1491523.876487 0.016000
17:02:14.334090 0.015843 0.005656 0.034089 2326809.568795 0.016000
17:02:14.344646 0.010442 0.006254 0.032365 4707135.881636 0.016000
17:02:14.358893 0.014140 0.007240 0.034709 4345080.558441 0.016000
17:02:14.374880 0.015872 0.008319 0.037553 4645160.808027 0.016000
17:02:14.394481 0.019465 0.009712 0.042783 4419015.370324 0.016000
17:02:14.415763 0.021157 0.011143 0.047391 4646399.671125 0.016000
17:02:14.440610 0.024719 0.012840 0.053602 4473967.418359 0.016000
17:02:14.467308 0.026566 0.014556 0.058853 4625456.136988 0.016000
17:02:14.497486 0.030041 0.016491 0.065200 4499453.838239 0.016000
17:02:14.529550 0.031937 0.018422 0.070399 4617072.208549 0.016000
17:02:14.565009 0.035332 0.020536 0.076429 4521231.759773 0.016000
17:02:14.602340 0.037192 0.022618 0.081194 4625497.648822 0.016000
17:02:14.643260 0.040781 0.024888 0.086983 4519749.504700 0.016000
17:02:14.685808 0.042420 0.027080 0.091183 4634778.644874 0.016000
17:02:14.731984 0.046046 0.029451 0.096494 4536678.877984 0.016000
17:02:14.811101 0.003873 0.026253 0.102114 57111114.007387 0.016000
17:02:14.857320 0.046017 0.028724 0.105383 5073610.782337 0.016000
17:02:14.910630 0.053163 0.031779 0.113712 4622759.465069 0.016000
17:02:14.967570 0.056792 0.034905 0.121369 4543736.890770 0.016000
17:02:15.026089 0.058378 0.037839 0.126160 4630787.062319 0.016000
17:02:15.088244 0.062021 0.040862 0.131284 4556906.889484 0.016000
17:02:15.152139 0.063756 0.043724 0.134434 4625636.026985 0.016000
17:02:15.219774 0.067487 0.046694 0.138490 4551987.694525 0.016000
17:02:15.288999 0.069088 0.049493 0.140734 4624364.324002 0.016000
17:02:15.362334 0.073177 0.052454 0.144568 4533892.221265 0.016000
17:02:15.436469 0.073994 0.055146 0.145772 4649895.478555 0.016000
17:02:15.514644 0.078034 0.058007 0.148864 4566629.246155 0.016000
17:02:15.594675 0.079876 0.060741 0.150752 4615156.605378 0.016000
17:02:15.678163 0.083356 0.063568 0.153691 4569898.272730 0.016000
17:02:15.763400 0.085096 0.066259 0.155379 4620858.128937 0.016000
17:02:15.852234 0.088689 0.069063 0.158333 4572209.450886 0.016000
17:02:15.942827 0.090442 0.071735 0.160067 4619449.668683 0.016000
17:02:16.037005 0.094045 0.074524 0.163083 4573133.590871 0.016000
17:02:16.132906 0.095761 0.077178 0.164835 4619497.702911 0.016000
17:02:16.232409 0.099363 0.079951 0.167879 4575703.174794 0.016000
17:02:16.333729 0.101188 0.082606 0.169788 4614620.869238 0.016000
17:02:16.438540 0.104682 0.085366 0.172828 4577980.391484 0.016000
17:02:16.595302 0.059225 0.082098 0.173835 8299219.837122 0.016000
17:02:16.705396 0.109943 0.085579 0.182227 4582450.892001 0.016000
17:02:16.817354 0.111802 0.088857 0.187566 4616156.536948 0.016000
17:02:16.932821 0.115323 0.092165 0.192664 4581772.017234 0.016000
17:02:17.050074 0.117089 0.095280 0.195579 4617614.353467 0.016000
17:02:17.170842 0.120631 0.098449 0.199024 4583897.122596 0.016000
17:02:17.293638 0.122656 0.101475 0.201113 4608396.712246 0.016000
17:02:17.419606 0.125837 0.104520 0.203611 4589553.134705 0.016000
17:02:17.547522 0.127784 0.107428 0.205010 4615788.647572 0.016000
17:02:17.679018 0.131357 0.110419 0.207534 4583784.710524 0.016000
17:02:17.812285 0.133130 0.113258 0.208805 4615035.383282 0.016000
17:02:17.949062 0.136639 0.116181 0.211222 4586446.460431 0.016000
17:02:18.087591 0.138385 0.118956 0.212441 4617377.134333 0.016000
17:02:18.229770 0.142050 0.121843 0.215051 4584750.949152 0.016000
17:02:18.373729 0.143816 0.124590 0.216468 4613895.717245 0.016000
17:02:18.521138 0.147265 0.127424 0.219008 4589279.159168 0.016000
17:02:18.670378 0.149096 0.130133 0.220493 4615334.711079 0.016000
17:02:18.823155 0.152640 0.132946 0.223224 4588676.109994 0.016000
17:02:18.977849 0.154560 0.135648 0.224970 4611177.465656 0.016000
17:02:19.135875 0.157880 0.138427 0.227650 4592042.618085 0.016000
17:02:19.295772 0.159765 0.141094 0.229349 4614777.807471 0.016000
17:02:19.459258 0.163333 0.143874 0.232304 4589202.912225 0.016000
17:02:19.624511 0.165111 0.146529 0.234088 4614203.175367 0.016000
17:02:19.793195 0.168552 0.149282 0.236974 4592911.142919 0.016000
17:02:19.963792 0.170465 0.151930 0.238882 4613451.643997 0.016000
17:02:20.137906 0.173981 0.154686 0.241952 4590847.411683 0.016000
17:02:20.313853 0.175809 0.157326 0.243899 4613008.611970 0.016000
17:02:20.599295 0.124595 0.153235 0.250896 6607781.078408 0.016000
17:02:20.780330 0.180884 0.156691 0.257586 4619449.668683 0.016000
17:02:20.965134 0.184669 0.160188 0.263837 4591306.165694 0.016000
17:02:21.151774 0.186494 0.163477 0.267519 4612269.472522 0.016000
17:02:21.341758 0.189845 0.166773 0.271173 4595578.544148 0.016000
17:02:21.533693 0.191793 0.169900 0.273221 4612974.205276 0.016000
17:02:21.730689 0.196852 0.173269 0.277711 4556845.459187 0.016000
17:02:21.926399 0.195554 0.176055 0.276671 4649927.468655 0.016000
17:02:22.127121 0.200578 0.179120 0.279106 4594721.843846 0.016000
17:02:22.329833 0.202577 0.182052 0.280499 4610037.042560 0.016000
17:02:22.535704 0.205728 0.185012 0.282522 4599158.847755 0.016000
17:02:22.743596 0.207756 0.187855 0.283732 4613416.238010 0.016000
17:02:22.955171 0.211424 0.190801 0.286278 4591491.430887 0.016000
17:02:23.168311 0.212979 0.193573 0.287359 4615664.636544 0.016000
17:02:23.384889 0.216432 0.196431 0.289629 4598805.451658 0.016000
17:02:23.603460 0.218419 0.199179 0.291066 4613228.491253 0.016000
17:02:23.825700 0.222099 0.202044 0.293879 4592112.967316 0.016000
17:02:24.049516 0.223659 0.204746 0.295237 4615024.756973 0.016000
17:02:24.276807 0.227146 0.207546 0.297814 4598277.815305 0.016000
17:02:24.551463 0.187260 0.205010 0.292998 5643322.086096 0.016000
17:02:24.783473 0.231850 0.208365 0.301196 4610978.309449 0.016000
17:02:25.017975 0.234363 0.211615 0.307236 4613969.078603 0.016000
17:02:25.256066 0.237953 0.214907 0.312961 4596001.062202 0.016000
17:02:25.495935 0.239727 0.218010 0.316370 4613247.179161 0.016000
17:02:25.739338 0.243260 0.221166 0.320187 4596757.924068 0.016000
17:02:25.985595 0.246114 0.224284 0.323498 4593383.263198 0.016000
17:02:26.233405 0.247662 0.227207 0.324994 4614287.573126 0.016000
17:02:26.483825 0.250261 0.230088 0.326484 4615468.189450 0.016000
17:02:26.737776 0.253806 0.233053 0.329067 4599420.704587 0.016000
17:02:26.993666 0.255752 0.235891 0.330600 4612466.766159 0.016000
17:02:27.252984 0.259176 0.238801 0.333119 4598944.065380 0.016000
17:02:27.514208 0.261080 0.241586 0.334603 4612470.802764 0.016000
17:02:27.778929 0.264586 0.244461 0.337224 4597794.779427 0.016000
17:02:28.045414 0.266343 0.247196 0.338650 4613601.864074 0.016000
17:02:28.315556 0.269968 0.250043 0.341405 4597166.512488 0.016000
17:02:28.625580 0.231334 0.247704 0.334935 5418036.937914 0.016000
17:02:28.900817 0.275080 0.251126 0.343925 4601072.638269 0.016000
17:02:29.178032 0.277076 0.254370 0.349919 4612279.564535 0.016000
17:02:29.458743 0.280577 0.257646 0.355515 4598520.760894 0.016000
17:02:29.741256 0.282371 0.260736 0.358863 4612824.250021 0.016000
17:02:30.027288 0.285873 0.263879 0.362610 4599302.113915 0.016000
17:02:30.315115 0.287686 0.266854 0.364711 4613027.727021 0.016000
17:02:30.606540 0.291249 0.269904 0.367691 4598786.024383 0.016000
17:02:30.899690 0.292992 0.272790 0.369218 4613370.226081 0.016000
17:02:31.196306 0.296478 0.275751 0.371760 4600570.186923 0.016000
17:02:31.494805 0.298363 0.278577 0.373197 4612686.683690 0.016000
17:02:31.796822 0.301883 0.281491 0.375761 4599610.052983 0.016000
17:02:32.163483 0.264579 0.279377 0.366991 5294568.709300 0.016000
17:02:32.486187 0.322550 0.284773 0.393657 4381087.410629 0.016000
17:02:32.827816 0.341468 0.291860 0.430218 4174351.916382 0.016000
17:02:33.173791 0.345834 0.298607 0.456349 4157185.037213 0.016000
17:02:33.518629 0.344687 0.304367 0.468754 4206665.931950 0.016000
17:02:33.867530 0.348751 0.309915 0.477589 4192884.648538 0.016000
17:02:34.216986 0.349316 0.314840 0.479997 4221279.584257 0.016000
17:02:34.570587 0.353451 0.319666 0.482145 4206659.318934 0.016000
17:02:34.926005 0.355284 0.324119 0.481595 4219540.133907 0.016000
17:02:35.285030 0.358864 0.328462 0.481314 4211692.210983 0.016000
17:02:35.645709 0.360536 0.332471 0.479185 4226242.570543 0.016000
17:02:36.012506 0.366656 0.336744 0.480964 4189212.034591 0.016000
17:02:36.513654 0.383987 0.342650 0.498057 4032137.030490 0.016000
17:02:36.900350 0.386532 0.348135 0.508573 4037380.312691 0.016000
17:02:37.322271 0.421777 0.357340 0.551311 3729136.398720 0.016000
17:02:37.747663 0.425251 0.365829 0.579218 3727567.891924 0.016000
17:02:38.176828 0.429023 0.373728 0.596964 3723436.500848 0.016000
17:02:38.567474 0.390475 0.375822 0.559995 4122486.348404 0.016000
17:02:38.959461 0.391846 0.377825 0.531979 4139422.737442 0.016000
17:02:39.355258 0.395657 0.380054 0.513502 4130607.424388 0.016000
17:02:39.752625 0.397221 0.382200 0.499453 4145280.893583 0.016000
17:02:40.156202 0.403439 0.384854 0.494034 4111847.925368 0.016000
17:02:40.559021 0.402683 0.387083 0.486796 4150083.113765 0.016000
17:02:41.244538 0.315008 0.378074 0.524934 5344170.308797 0.016000
17:02:41.612194 0.367495 0.376751 0.497475 4614331.414828 0.016000
17:02:41.986180 0.373840 0.376387 0.469842 4568886.854274 0.016000
17:02:42.356661 0.370335 0.375631 0.451774 4645309.337030 0.016000
17:02:42.733360 0.376532 0.375743 0.433752 4601491.345050 0.016000
17:02:43.111771 0.378263 0.376058 0.422084 4612917.508042 0.016000
17:02:43.694565 0.354855 0.373408 0.429131 4951835.820351 0.016000
17:02:44.078338 0.383615 0.374684 0.426683 4612624.433025 0.016000
17:02:44.486675 0.408193 0.378872 0.451381 4364995.368244 0.016000
17:02:45.390890 0.452557 0.388083 0.516149 1982123.417967 0.016000
17:02:45.762384 0.371347 0.385991 0.498777 2448685.787509 0.016000
17:02:46.147731 0.385199 0.385892 0.471273 2392529.140985 0.016000
17:02:46.471111 0.323229 0.378059 0.504758 2889245.039320 0.016000
17:02:46.777591 0.306333 0.369093 0.535844 3088716.524604 0.016000
17:02:47.422978 0.375563 0.369902 0.501434 2552073.125462 0.016000
17:02:47.861101 0.437956 0.378409 0.545112 2216550.954890 0.016000
17:02:48.302287 0.441033 0.386237 0.573888 2228949.427762 0.016000
17:02:48.755667 0.453238 0.394612 0.602352 2196038.234100 0.016000
17:02:49.098155 0.342338 0.388078 0.596156 2943335.970014 0.016000
17:02:49.574348 0.476042 0.399073 0.643097 2142466.275923 0.016000
17:02:50.062967 0.488474 0.410248 0.682667 2113094.502400 0.016000
17:02:50.566365 0.503235 0.421872 0.719172 2075531.876289 0.016000
17:02:51.080945 0.514428 0.433441 0.748973 2054258.719938 0.016000
17:02:51.610508 0.529422 0.445439 0.778068 2019288.789715 0.016000
17:02:52.084400 0.473733 0.448976 0.726742 2282601.325617 0.016000
17:02:52.802423 0.526786 0.458702 0.744837 2076045.709926 0.016000
17:02:53.371219 0.568618 0.472441 0.796959 1944926.732267 0.016000
17:02:53.783410 0.412017 0.464888 0.768701 2713985.968155 0.016000
17:02:54.198765 0.415188 0.458676 0.736235 2722852.775620 0.016000
17:02:54.621674 0.422762 0.454187 0.698270 2703138.465736 0.016000
17:02:55.052353 0.430514 0.451228 0.657963 2683006.218555 0.016000
17:02:55.996919 0.523809 0.460300 0.687933 2228598.778815 0.016000
17:02:56.522789 0.525725 0.468478 0.704628 2243849.382618 0.016000
17:02:57.073495 0.550555 0.478738 0.737927 2164971.746667 0.016000
17:02:57.620770 0.547130 0.487287 0.750071 2200983.838053 0.016000
17:02:58.255943 0.635027 0.505754 0.850582 1915684.961405 0.016000
17:02:58.642390 0.386306 0.490823 0.868893 3180897.653931 0.016000
17:02:59.469355 0.490532 0.490787 0.774630 2530086.108344 0.016000
17:03:00.096395 0.626880 0.507799 0.856774 1999386.903832 0.016000
17:03:00.649624 0.553072 0.513458 0.820463 2288425.477317 0.016000
17:03:01.258410 0.608607 0.525351 0.850754 2099799.029181 0.016000
17:03:01.830861 0.572294 0.531219 0.822214 2254505.563906 0.016000
17:03:02.501709 0.670692 0.548653 0.906372 1942065.902184 0.016000
17:03:03.551543 0.586851 0.553428 0.859915 2240460.125863 0.016000
17:03:04.267572 0.715859 0.573732 0.966028 1853862.447874 0.016000
17:03:04.705394 0.437616 0.556717 0.987055 3060655.149247 0.016000
17:03:05.442319 0.736771 0.579224 1.082031 1834599.630294 0.016000
17:03:06.077061 0.634597 0.586146 1.018624 2149345.768884 0.016000
17:03:06.943519 0.639352 0.592797 0.970361 2152579.206591 0.016000
17:03:07.691515 0.747847 0.612178 1.050402 1856721.830848 0.016000
17:03:08.279714 0.588048 0.609162 0.961960 2382172.959753 0.016000
17:03:08.899665 0.619804 0.610492 0.885733 2279946.911418 0.016000
17:03:09.497217 0.597394 0.608855 0.828383 2386043.423441 0.016000
17:03:10.275020 0.581785 0.605471 0.797187 2471181.089117 0.016000
17:03:10.884464 0.609288 0.605948 0.753552 2379800.774371 0.016000
17:03:11.494187 0.609587 0.606403 0.720745 2398791.493362 0.016000
17:03:12.046845 0.552516 0.599667 0.739310 2668809.670340 0.016000
17:03:12.640247 0.593260 0.598866 0.710006 2506233.144219 0.016000
17:03:13.646879 0.647511 0.604947 0.736946 2315228.602285 0.016000
17:03:14.250965 0.603916 0.604818 0.704848 2502704.977203 0.016000
17:03:14.858489 0.607379 0.605138 0.682722 2508667.736636 0.016000
17:03:15.473159 0.614525 0.606311 0.673886 2499492.122612 0.016000
17:03:16.651015 0.596860 0.605130 0.665262 2594055.853192 0.016000
17:03:17.274032 0.622812 0.607340 0.670122 2505693.400360 0.016000
17:03:17.907024 0.632843 0.610528 0.683117 2485393.622607 0.016000
17:03:18.579052 0.671888 0.618198 0.733999 2359250.791564 0.016000
17:03:19.182273 0.603070 0.616307 0.718286 2648846.643397 0.016000
17:03:20.542537 0.360751 0.584363 0.916403 2214048.446850 0.016000
17:03:20.855147 0.312455 0.550374 1.071312 2595597.893399 0.016000
17:03:21.286938 0.431647 0.535533 1.044964 1907337.097013 0.016000
17:03:21.684820 0.397738 0.518309 1.038177 2100840.357849 0.016000
17:03:22.011770 0.326809 0.494371 1.075772 2594394.782579 0.016000
17:03:22.511853 0.499921 0.495065 0.936665 1720591.566300 0.016000
17:03:22.845899 0.333906 0.474920 0.967280 2612855.621296 0.016000
17:03:23.572520 0.465195 0.473705 0.852699 1901860.753089 0.016000
17:03:23.917058 0.344346 0.457535 0.871139 2605007.402448 0.016000
17:03:24.368423 0.451209 0.456744 0.773273 2015279.710378 0.016000
17:03:24.798269 0.429694 0.453363 0.717810 2144781.223658 0.016000
17:03:25.155305 0.356882 0.441303 0.736118 2616797.010000 0.016000
17:03:25.662358 0.506901 0.449502 0.736213 1866589.239110 0.016000
17:03:26.028399 0.365900 0.439052 0.737687 2619469.516475 0.016000
17:03:26.938588 0.416694 0.436257 0.682592 2329651.056396 0.016000
17:03:27.315081 0.376332 0.428767 0.673443 2612161.292406 0.016000
17:03:27.785956 0.470731 0.434012 0.659484 2114430.444918 0.016000
17:03:28.246006 0.459915 0.437250 0.632256 2190874.768867 0.016000
17:03:28.636995 0.390848 0.431450 0.624106 2609463.482054 0.016000
17:03:29.090745 0.453608 0.434220 0.600870 2275515.242208 0.016000
17:03:29.570480 0.479590 0.439891 0.610249 2177859.449429 0.016000
17:03:30.579506 0.539733 0.452371 0.679982 1957946.116127 0.016000
17:03:30.987963 0.408301 0.446862 0.661641 2618302.915743 0.016000
17:03:31.476848 0.488736 0.452097 0.655054 2212532.307356 0.016000
17:03:31.917184 0.440193 0.450609 0.614730 2484437.858861 0.016000
17:03:32.333083 0.415758 0.446252 0.604194 2660009.622397 0.016000
17:03:32.754235 0.421009 0.443097 0.586797 2656020.332110 0.016000
17:03:33.168058 0.413678 0.439420 0.576613 2732791.053606 0.016000
17:03:33.851959 0.490698 0.445829 0.600003 2328895.419125 0.016000
17:03:34.273064 0.420948 0.442719 0.583231 2743977.692304 0.016000
17:03:34.797057 0.523848 0.452860 0.639373 2228433.447756 0.016000
17:03:35.319413 0.522209 0.461529 0.670762 2258957.927279 0.016000
17:03:35.842321 0.522767 0.469184 0.687347 2280051.815317 0.016000
17:03:36.295412 0.452966 0.467156 0.646996 2658530.810203 0.016000
17:03:37.078102 0.541344 0.476430 0.685497 2247207.253030 0.016000
17:03:37.598724 0.520459 0.481933 0.682763 2360993.180004 0.016000
17:03:38.209756 0.610885 0.498052 0.777626 2031623.289630 0.016000
17:03:38.758731 0.548840 0.504401 0.764869 2283681.756273 0.016000
17:03:39.082914 0.324031 0.481855 0.857576 3905998.141289 0.016000
17:03:40.251243 0.530004 0.487873 0.817813 2411211.879367 0.016000
17:03:40.818000 0.566593 0.497713 0.823888 2277189.468454 0.016000
17:03:41.308369 0.490226 0.496777 0.748896 2656994.772535 0.016000
17:03:41.935487 0.626974 0.513052 0.832338 2097081.821663 0.016000
17:03:42.511021 0.575393 0.520845 0.822650 2306430.715690 0.016000
17:03:43.093845 0.582688 0.528575 0.816772 2298644.100856 0.016000
17:03:43.603748 0.509760 0.526223 0.761186 2651600.017923 0.016000
17:03:44.104733 0.500835 0.523050 0.724660 2723388.258262 0.016000
17:03:44.747056 0.642162 0.537939 0.808259 2143159.854885 0.016000
17:03:45.507752 0.599670 0.545655 0.810126 2315513.789919 0.016000
17:03:46.110022 0.602117 0.552713 0.807528 2326511.054582 0.016000
17:03:46.721114 0.610956 0.559993 0.809348 2312965.430123 0.016000
17:03:47.257787 0.536539 0.557061 0.767532 2656671.357386 0.016000
17:03:47.909762 0.651827 0.568907 0.821525 2205640.125658 0.016000
17:03:48.531670 0.621754 0.575513 0.817824 2332086.582166 0.016000
17:03:49.160512 0.628700 0.582161 0.817081 2325866.006520 0.016000
17:03:49.714982 0.554312 0.578680 0.782720 2660162.552206 0.016000
17:03:51.031656 0.689407 0.592521 0.856277 2156706.091611 0.016000
17:03:51.674787 0.642966 0.598827 0.847089 2331594.400518 0.016000
17:03:52.246972 0.572027 0.595477 0.808473 2642225.077741 0.016000
17:03:52.919489 0.672359 0.605087 0.841716 2266217.933138 0.016000
17:03:53.574035 0.654400 0.611251 0.838036 2347188.723790 0.016000
17:03:54.071515 0.497343 0.597013 0.881010 3113120.210791 0.016000
17:03:54.867656 0.514936 0.586753 0.881827 3030621.455851 0.016000
17:03:55.623464 0.755654 0.607866 0.998073 2081460.296543 0.016000
17:03:56.387384 0.763779 0.627355 1.075924 2075406.185507 0.016000
17:03:57.154922 0.767405 0.644861 1.121338 2081612.617946 0.016000
17:03:57.929583 0.774524 0.661069 1.148089 2078344.964325 0.016000
17:03:58.705960 0.776228 0.675464 1.155888 2089612.977485 0.016000
17:03:59.404109 0.698003 0.678281 1.061139 2341399.498782 0.016000
17:04:00.577183 0.739888 0.685982 1.034732 2225461.292833 0.016000
17:04:01.367706 0.790328 0.699025 1.064934 2098976.558858 0.016000
17:04:02.074822 0.706964 0.700018 0.982388 2363865.716318 0.016000
17:04:02.874364 0.799394 0.712440 1.023594 2105914.886455 0.016000
17:04:03.599226 0.724716 0.713974 0.959616 2339873.993989 0.016000
17:04:04.293906 0.694541 0.711545 0.915210 2459224.229220 0.016000
17:04:04.979886 0.685802 0.708327 0.886818 2508478.314263 0.016000
17:04:06.335076 0.780047 0.717292 0.922881 2221157.961043 0.016000
17:04:06.991866 0.656626 0.709709 0.924566 2657365.689714 0.016000
17:04:07.726489 0.734478 0.712805 0.898717 2392425.651406 0.016000
17:04:08.470584 0.743940 0.716697 0.887266 2378514.790994 0.016000
17:04:09.227408 0.756679 0.721695 0.889603 2354711.079146 0.016000
17:04:09.988415 0.760865 0.726591 0.891693 2357905.149184 0.016000
17:04:11.131284 0.815477 0.737702 0.950414 2215066.403890 0.016000
17:04:11.900478 0.769018 0.741616 0.932467 2364865.522252 0.016000
17:04:12.675110 0.774491 0.745726 0.921738 2364019.505065 0.016000
17:04:13.376847 0.701601 0.740210 0.916344 2627134.119361 0.016000
17:04:14.208364 0.831373 0.751605 0.974869 2231835.834081 0.016000
17:04:14.991875 0.783375 0.755577 0.954794 2384267.995380 0.016000
17:04:16.333028 0.800035 0.761134 0.955005 2349977.188946 0.016000
17:04:17.130715 0.797525 0.765683 0.947478 2372780.292332 0.016000
17:04:17.844849 0.713984 0.759220 0.947265 2667622.756782 0.016000
17:04:18.740354 0.895355 0.776237 1.053405 2140969.815956 0.016000
17:04:19.477711 0.737204 0.771358 1.018267 2616936.158916 0.016000
17:04:21.032707 0.687928 0.760929 1.029542 2822248.998560 0.016000
17:04:22.033805 1.000922 0.790928 1.232380 1951992.332082 0.016000
17:04:22.950660 0.916679 0.806647 1.263487 2144785.909473 0.016000
17:04:23.783333 0.832533 0.809883 1.178398 2376324.156238 0.016000
17:04:25.128927 0.890578 0.819970 1.177051 2235240.405108 0.016000
17:04:26.066864 0.937772 0.834695 1.220308 2135853.836504 0.016000
17:04:27.001454 0.934384 0.847156 1.236055 2156749.011066 0.016000
17:04:27.804932 0.803344 0.841680 1.177166 2523850.270200 0.016000
17:04:29.034187 0.995094 0.860857 1.265886 2049864.510456 0.016000
17:04:29.986460 0.952105 0.872263 1.267283 2155325.202917 0.016000
17:04:30.889922 0.903313 0.876144 1.203460 2285347.580899 0.016000
17:04:32.722609 1.007851 0.892607 1.269801 2060494.800214 0.016000
17:04:33.482526 0.759741 0.875999 1.291761 2749569.220156 0.016000
17:04:35.297759 0.939615 0.883951 1.259388 2236286.111779 0.016000
17:04:36.188166 0.890245 0.884738 1.172610 2374106.109106 0.016000
17:04:37.037763 0.849450 0.880327 1.131518 2502588.405720 0.016000
17:04:38.693643 0.982710 0.893125 1.183902 2175730.105779 0.016000
17:04:40.257599 0.379759 0.828954 1.560402 2815090.080218 0.016000
17:04:40.664518 0.406767 0.776181 1.746954 2658387.451513 0.016000
17:04:41.099008 0.434328 0.733449 1.803382 2517985.947293 0.016000
17:04:41.590132 0.490986 0.703141 1.748054 2252446.617580 0.016000
17:04:42.265621 0.365223 0.660901 1.782504 3061713.560042 0.016000
17:04:42.758330 0.492549 0.639857 1.649412 2295195.263461 0.016000
17:04:43.177787 0.419262 0.612283 1.590044 2725704.176222 0.016000
17:04:43.541832 0.363892 0.581234 1.562946 3174215.841905 0.016000
17:04:44.083826 0.541858 0.576312 1.351972 2154365.333405 0.016000
17:04:44.621054 0.537086 0.571409 1.192380 2196385.640441 0.016000
17:04:45.570156 0.602166 0.575253 1.071739 1979414.520023 0.016000
17:04:46.064940 0.494622 0.565175 1.018170 2434634.972173 0.016000
17:04:46.700122 0.635034 0.573907 0.983513 1915664.103766 0.016000
17:04:47.173826 0.473562 0.561364 0.968913 2594802.780498 0.016000
17:04:47.813713 0.639731 0.571160 0.955189 1940015.624011 0.016000
17:04:48.832836 0.575832 0.571744 0.864438 2176634.366010 0.016000
17:04:49.394160 0.561158 0.570421 0.800527 2255450.570474 0.016000
17:04:49.993708 0.599395 0.574042 0.775597 2132069.706552 0.016000
17:04:50.564699 0.570844 0.573643 0.728007 2260232.474873 0.016000
17:04:51.144025 0.579176 0.574334 0.695641 2248933.164493 0.016000
17:04:51.801646 0.657467 0.584726 0.758839 1999820.137482 0.016000
17:04:52.791810 0.585729 0.584851 0.716439 2265730.847212 0.016000
17:04:53.369187 0.577216 0.583897 0.690223 2320434.999960 0.016000
17:04:53.992906 0.623570 0.588856 0.708274 2167646.869276 0.016000
17:04:54.579949 0.586795 0.588598 0.680223 2324437.565424 0.016000
17:04:55.149948 0.569853 0.586255 0.673719 2415106.768283 0.016000
17:04:56.147131 0.661450 0.595655 0.736447 2099242.861274 0.016000
17:04:56.781449 0.634152 0.600467 0.744558 2208984.821160 0.016000
17:04:57.380055 0.598424 0.600211 0.710323 2361402.783967 0.016000
17:04:58.027360 0.647116 0.606074 0.735563 2202708.006269 0.016000
17:04:58.627876 0.600362 0.605360 0.708189 2394714.939386 0.016000
17:04:59.640326 0.667719 0.613155 0.752635 2171548.577576 0.016000
17:05:00.219542 0.579051 0.608892 0.747606 2525290.440994 0.016000
17:05:00.909000 0.689322 0.618946 0.803411 2139145.437347 0.016000
17:05:01.493633 0.584466 0.614636 0.787465 2543942.760624 0.016000
17:05:02.026568 0.532783 0.604404 0.815879 2813783.306652 0.016000
17:05:03.047503 0.677575 0.613551 0.845327 2230637.617026 0.016000
17:05:03.715918 0.668258 0.620389 0.848929 2280125.505489 0.016000
17:05:04.339628 0.623564 0.620786 0.795366 2463259.565874 0.016000
17:05:05.020079 0.680307 0.628226 0.818682 2275866.129376 0.016000
17:05:05.653528 0.633312 0.628862 0.776790 2464150.422261 0.016000
17:05:06.953833 0.348859 0.593861 0.984810 2254297.118021 0.016000
17:05:07.148063 0.194070 0.543888 1.236891 4115631.300314 0.016000
17:05:07.346672 0.198449 0.500708 1.365899 4086734.744709 0.016000
17:05:07.798725 0.451909 0.494608 1.192300 1821817.846364 0.016000
17:05:08.200777 0.401903 0.483020 1.098994 2079069.274680 0.016000
17:05:08.531824 0.330899 0.464005 1.078106 2562328.685097 0.016000
17:05:09.307054 0.480677 0.466089 0.943337 1789475.617175 0.016000
17:05:09.648737 0.341535 0.450520 0.933009 2554490.071352 0.016000
17:05:10.121779 0.472901 0.453317 0.837566 1870868.959700 0.016000
17:05:10.472244 0.350326 0.440443 0.831621 2560540.305801 0.016000
17:05:10.941966 0.469579 0.444085 0.766604 1936441.016354 0.016000
17:05:11.379080 0.436944 0.443193 0.692223 2109194.732948 0.016000
17:05:11.739203 0.359975 0.432790 0.702781 2594312.776445 0.016000
17:05:12.634942 0.435924 0.433182 0.638808 2170507.707847 0.016000
17:05:13.006918 0.371823 0.425512 0.641091 2577742.133448 0.016000
17:05:13.496305 0.489238 0.433478 0.658888 1984212.086672 0.016000
17:05:13.929897 0.433435 0.433473 0.602573 2268020.678222 0.016000
17:05:14.428458 0.498406 0.441589 0.633348 1997022.774689 0.016000
