694304.864426
404484.614603
683714.837006
1244553.67117
1405719.50848
1403101.45222
1389310.44988
1415556.00691
1386986.89956
1267766.83254
1378052.19864
1362719.61003
1284336.3461
1444508.98751
1258876.81527
1341598.45638
1339151.01046
1397564.74053
1373236.51874
1372805.93074
1342613.99411
1373937.23977
1348156.79903
1385802.78257
1393512.745
1388936.732
1395454.45313
1388221.79344
1395182.28902
1396461.86656
1336679.19163
1359516.60404
1413677.26211
1324730.37473
1367726.21103
1448449.27389
1371233.87834
1337004.1637
1414847.16157
1268024.77912
1384892.86077
1303337.05697
1345691.07342
1405252.36113
1318742.76429
1293862.08998
1350787.04174
1310671.27044
1340635.72662
