473435.564131
255444.297756
493571.646187
681342.540875
685396.567482
703562.506347
698450.289428
694916.218138
690561.592363
655015.740835
699063.674215
694034.73139
639524.728344
709899.461765
652097.085407
668437.087438
662607.900884
698332.487052
690230.527064
688307.098609
671069.361227
682540.875394
668183.203006
692942.012796
695328.526455
682569.31045
697873.463999
683972.783589
688043.0588
699561.287702
667823.702651
699295.216817
697966.89347
653943.332995
682228.089774
727086.422261
681882.806946
653860.058901
706875.190413
641539.555194
694384.076368
645349.852747
657042.754138
695271.656342
659993.906774
651782.268711
708404.590231
666623.337057
682969.432314
