734122.067635
411952.879049
683714.837006
1398425.91652
2455247.28344
2776147.04986
2991313.09028
3041797.50178
2308770.18381
1437178.83619
1839400.83274
2556573.57571
2945412.81609
3174723.26597
2282110.2874
2192974.51
2837028.53661
3033961.61267
3016750.27927
3024905.04722
3008337.56474
3044472.42815
2968402.55916
3039610.03351
3071455.26556
3043001.92952
3035415.8627
3068053.21418
3056754.34142
3034459.22616
3047791.20544
2998224.84005
3078405.60577
2888376.15517
2958198.43607
3077497.71504
2599790.79923
2712568.29491
3092761.24708
2793748.34975
3007598.25328
3018712.29816
2872543.92201
3118196.405
2893370.56972
2837735.35087
3021494.87153
2845522.49416
2900838.83416
