734071.290748
412192.545953
683714.837006
1390344.26729
2025745.91246
2031473.54524
2009385.59968
2025634.20331
1951965.0655
1420524.01747
1799175.38337
1971288.71738
1925599.67503
2094960.9018
1784925.35798
1916701.53346
1913817.40632
2002565.2483
1979811.10998
1967486.54413
1951579.16117
1997109.77963
1947106.73302
2009489.18452
2000991.16482
2020676.34813
2010955.621
2008305.06753
2019772.51955
2021383.16238
1983432.51752
1989996.95339
2031747.74043
1928213.66914
1947372.8039
2081628.92251
1975036.05159
1955728.64832
2040834.77201
1856939.16929
1991223.72296
1959075.86067
1924486.64568
2036644.66335
1912550.01523
1907734.33533
2008406.62131
1904460.2417
1922997.86737
