220589.011882
122337.767848
221693.916929
290482.38042
298149.690261
302451.508074
302297.146339
297587.08236
295948.004468
287299.685183
302800.853052
298070.478318
280532.141769
304569.919773
272198.639179
284917.233675
283467.045801
300000.0
294587.183914
286446.633492
293697.572865
290061.947801
287250.939372
297052.909516
303115.669747
285902.305271
299886.259775
295365.085813
297743.47517
299142.886158
295972.377374
301125.215802
297633.797096
285540.77384
293344.165736
307240.783995
294481.56799
280528.079618
304232.761247
274081.446126
299530.82157
271703.056769
281736.569514
297885.650452
288000.406215
279520.666193
289824.311973
285672.793744
293088.250228
