734122.067635
411952.879049
683714.837006
1402823.19488
2465037.06713
2785754.03676
3042059.51051
3181161.77516
2326842.69321
1439475.98253
1839400.83274
2564722.25043
3478927.59216
3680895.70428
2335974.40845
2224689.75322
4417912.05443
5087387.02143
5029383.5686
5090159.43942
5102711.48573
5111473.54524
5018190.31177
5097186.9605
5157629.73494
5043081.14146
5092602.82319
5093778.81588
5107848.07556
5039618.15781
5059317.55865
4931010.46004
5194223.62141
4845981.51721
5074560.77993
4598872.75312
2627646.99909
3223779.83142
4198992.58657
4572399.71565
5080028.43506
4979993.90677
4765006.601
5280897.73535
4943322.83944
4789655.73271
5121712.19661
4115361.02366
5002819.13273
