14:41:45.401380 0.060391 0.060391 0.301955 6104225.957410 0.240586
14:41:45.833325 0.251635 0.084296 0.456713 2929959.981467 0.481172
14:41:47.005566 0.461142 0.131402 0.787560 1598813.161780 0.244596
14:41:47.315872 0.310109 0.153741 0.824566 2430318.576462 0.248606
14:41:47.939350 0.308167 0.173044 0.830590 2472218.140185 0.389164
14:41:48.426012 0.405677 0.202123 0.927915 1918374.232727 0.395341
14:41:48.925263 0.499078 0.239242 1.080542 1575769.607735 0.401519
14:41:49.268188 0.342745 0.252180 0.986657 2342312.349227 0.407696
14:41:49.536044 0.202762 0.246003 0.846279 3999800.220628 0.413873
14:41:49.894149 0.146639 0.233582 0.783153 5642378.440655 0.420050
14:41:50.400450 0.148177 0.222907 0.720490 5639097.268919 0.276674
14:41:50.760984 0.231959 0.224038 0.606278 3672923.301273 0.280684
14:41:51.126988 0.317181 0.235681 0.615504 2711891.151176 0.284694
14:41:51.482340 0.355134 0.250613 0.654933 2468206.295485 0.288703
14:41:51.690192 0.207661 0.245244 0.591435 4260479.112077 0.292713
14:41:52.018601 0.243115 0.244978 0.506750 3706559.413160 0.296723
14:41:52.400799 0.328499 0.255418 0.535268 2768082.831224 0.300733
14:41:52.767453 0.366438 0.269295 0.590203 2526201.492034 0.304742
14:41:53.048974 0.281328 0.270799 0.523513 3319570.477300 0.308752
14:41:53.386548 0.309996 0.275699 0.504431 3065431.835806 0.312762
14:41:53.786292 0.396833 0.290841 0.583524 2415281.899220 0.316772
14:41:54.598739 0.370417 0.300788 0.599877 2631757.422747 0.494177
14:41:55.067553 0.345001 0.306314 0.574844 2849383.191579 0.500354
14:41:55.542868 0.319722 0.307990 0.522795 3125916.253406 0.506531
14:41:56.131887 0.402120 0.319757 0.574990 2505758.768316 0.512708
14:41:56.596981 0.354371 0.324083 0.550123 2889626.395037 0.518886
14:41:57.147973 0.386421 0.331876 0.563743 2671159.416726 0.525063
14:41:57.647826 0.361142 0.335534 0.538701 2903499.287735 0.531240
14:41:58.306365 0.212732 0.320184 0.595361 4967600.639578 0.537417
14:41:58.831576 0.200170 0.305182 0.631579 5361208.288270 0.543595
14:41:59.377083 0.201678 0.292244 0.640545 5361734.042215 0.549772
14:42:00.002985 0.277428 0.290392 0.566434 3956804.465139 0.555949
14:42:00.533996 0.252158 0.285613 0.530878 4385822.865415 0.562126
14:42:01.070973 0.226627 0.278239 0.521175 4952210.587661 0.568303
14:42:01.626701 0.212307 0.269998 0.518132 5324817.957488 0.574481
14:42:02.342136 0.219970 0.263744 0.499873 5213802.169602 0.580658
14:42:02.920775 0.217656 0.257983 0.481168 5306872.063542 0.586835
14:42:03.595730 0.305328 0.263901 0.478635 3836711.662400 0.593012
14:42:04.196408 0.312597 0.269988 0.479734 3773701.803862 0.599189
14:42:04.774001 0.290666 0.272573 0.450560 4114796.965184 0.605367
14:42:06.228700 0.290771 0.274848 0.426536 2084829.588525 0.308861
14:42:06.466641 0.219493 0.267929 0.437049 2799176.183902 0.315038
14:42:06.816057 0.254046 0.266193 0.406916 2482952.265164 0.321215
14:42:07.020385 0.137068 0.250053 0.484720 4661743.405787 0.327392
14:42:07.472937 0.261978 0.251543 0.439469 2501582.675753 0.333569
14:42:07.655704 0.111033 0.233979 0.515434 5976171.249260 0.339747
14:42:08.141699 0.256993 0.236856 0.470961 2645736.862776 0.345924
14:42:08.349632 0.118904 0.222112 0.515643 5787251.409432 0.352101
14:42:08.816905 0.233607 0.223549 0.455192 3015799.346255 0.358278
14:42:09.063547 0.121726 0.210821 0.486376 5854984.052711 0.364455
14:42:09.513866 0.128362 0.200514 0.489639 5679939.067760 0.370633
14:42:10.011356 0.254995 0.207324 0.478649 2891349.590165 0.376810
14:42:10.264110 0.130663 0.197741 0.477896 5768002.207605 0.382987
14:42:10.709279 0.192587 0.197097 0.412368 3955907.721306 0.389164
14:42:11.042025 0.135886 0.189446 0.412110 5727155.586326 0.395341
14:42:11.637332 0.335556 0.207709 0.520818 2343668.207539 0.401519
14:42:11.844730 0.141262 0.199403 0.500682 5683168.089007 0.407696
14:42:12.297921 0.186380 0.197776 0.436758 4351370.285074 0.413873
14:42:12.672263 0.146594 0.191378 0.421796 5644103.658016 0.420050
14:42:13.094581 0.148658 0.186038 0.401572 5620846.446105 0.426228
14:42:13.524356 0.151913 0.181772 0.377547 5608256.493984 0.432405
14:42:13.992446 0.156645 0.178631 0.350590 5491140.303280 0.438582
14:42:14.432126 0.157317 0.175967 0.326250 5571826.946963 0.444759
14:42:14.878876 0.159004 0.173847 0.303522 5564229.978984 0.450936
14:42:15.333659 0.162492 0.172427 0.281039 5545625.605033 0.457114
14:42:15.793281 0.164489 0.171435 0.260832 5528101.146729 0.463291
14:42:16.260345 0.167898 0.170993 0.241578 5513444.666166 0.469468
14:42:16.731970 0.169654 0.170826 0.225103 5504665.918030 0.475645
14:42:17.689142 0.167808 0.170448 0.214174 2782607.769083 0.156381
14:42:17.953830 0.050190 0.155416 0.308469 4733375.829748 0.080195
14:42:18.101288 0.117268 0.150648 0.303585 2095710.857687 0.084205
14:42:18.158108 0.056632 0.138896 0.347614 4628898.960039 0.088215
14:42:18.392692 0.202860 0.146891 0.367394 1332624.282069 0.092225
14:42:18.485050 0.092160 0.140050 0.360158 3111111.566976 0.096234
14:42:18.549908 0.060623 0.130121 0.374630 4864693.894498 0.100244
14:42:18.624299 0.034639 0.118186 0.397050 8986833.357313 0.104254
14:42:18.868618 0.174560 0.125233 0.390754 1830246.745036 0.108264
14:42:19.106768 0.237959 0.139324 0.451191 1411469.174187 0.112274
14:42:19.223977 0.117021 0.136536 0.392739 2940188.115969 0.116283
14:42:19.302059 0.077899 0.129206 0.379995 4627120.968231 0.120293
14:42:19.568755 0.224049 0.141062 0.423996 1645353.693678 0.124303
14:42:19.677068 0.108127 0.136945 0.382080 3560845.883286 0.128313
14:42:19.762260 0.064857 0.127934 0.383873 6062814.548631 0.132322
14:42:20.071077 0.241237 0.142097 0.447355 1697914.177000 0.136332
14:42:20.167035 0.095757 0.136304 0.411587 4363043.608778 0.140342
14:42:20.273046 0.061309 0.126930 0.408387 7081754.677265 0.144352
14:42:20.581584 0.225293 0.139225 0.448681 1963523.744583 0.148361
14:42:20.687232 0.105452 0.135004 0.400869 4350336.986846 0.152371
14:42:20.802706 0.068422 0.126681 0.392661 6824463.773032 0.156381
14:42:21.096740 0.205953 0.136590 0.415347 2346789.195213 0.160391
14:42:21.232719 0.135775 0.136488 0.346371 3620110.771176 0.164401
14:42:21.342954 0.081491 0.129613 0.342023 6232639.684305 0.168410
14:42:21.676839 0.246848 0.144268 0.420809 2090745.219933 0.172420
14:42:21.792366 0.115339 0.140652 0.376986 4616650.151664 0.176430
14:42:22.141016 0.287440 0.159000 0.483040 1880990.412569 0.180440
14:42:22.353499 0.087754 0.150094 0.464370 6347926.353148 0.284152
14:42:22.766171 0.216129 0.158349 0.460090 2615326.176287 0.290329
14:42:22.933754 0.093245 0.150211 0.441621 6237672.972319 0.296506
14:42:23.324251 0.186971 0.154806 0.410124 3154625.092763 0.302683
14:42:23.538687 0.098550 0.147774 0.395518 6151283.275187 0.308861
14:42:23.904774 0.155491 0.148738 0.342264 3951351.209258 0.315038
14:42:24.168582 0.104019 0.143149 0.333012 6064127.178522 0.321215
14:42:24.541684 0.155638 0.144710 0.299597 4105527.468438 0.327392
14:42:24.950847 0.237169 0.156267 0.364892 2763264.099851 0.333569
14:42:25.158472 0.111046 0.150614 0.352304 5975465.545222 0.339747
14:42:25.545729 0.158234 0.151567 0.310453 4297031.683209 0.345924
14:42:25.850064 0.116358 0.147166 0.301539 5913884.331259 0.352101
14:42:26.323206 0.125060 0.144403 0.282289 5633388.301460 0.358278
14:42:26.820395 0.263765 0.159323 0.382100 2702040.599810 0.364455
14:42:27.046533 0.125270 0.155066 0.356202 5820126.555185 0.370633
14:42:27.455168 0.162992 0.156057 0.314834 4523412.175918 0.376810
14:42:28.106974 0.060754 0.144144 0.358530 6067766.370615 0.191494
14:42:28.418658 0.180792 0.148725 0.346162 2129653.464209 0.197671
14:42:28.622980 0.187326 0.153550 0.340229 2099100.475325 0.203848
14:42:28.711752 0.072114 0.143371 0.364816 5679896.446566 0.210025
14:42:29.093849 0.243988 0.155948 0.422649 1712346.248405 0.216202
14:42:29.234108 0.140053 0.153961 0.369882 3100088.068421 0.222380
14:42:29.379787 0.063120 0.142606 0.395388 7008350.948543 0.228557
14:42:29.752009 0.206604 0.150606 0.404190 2220440.994978 0.234734
14:42:29.853239 0.072961 0.140900 0.408733 6399925.125730 0.240911
14:42:30.300281 0.228732 0.151879 0.440586 2113074.556806 0.247088
14:42:30.571931 0.253292 0.164556 0.482499 1940528.323665 0.253266
14:42:30.778056 0.205941 0.169729 0.449571 2466260.211022 0.259443
14:42:31.038899 0.207250 0.174419 0.421822 2490208.470537 0.265620
14:42:31.180607 0.083183 0.163014 0.439803 6401304.099858 0.271797
14:42:31.453824 0.084375 0.153185 0.439415 6407971.687251 0.277974
14:42:31.735680 0.087936 0.145028 0.424950 6334794.374167 0.284152
14:42:32.021897 0.089741 0.138118 0.403346 6298660.065707 0.290329
14:42:32.337300 0.114582 0.135176 0.357633 5076117.422113 0.296506
14:42:32.674941 0.155397 0.137703 0.324768 3795590.192589 0.302683
14:42:33.021967 0.199524 0.145431 0.347550 3038272.215356 0.308861
14:42:33.371822 0.240375 0.157299 0.403832 2556005.794054 0.315038
14:42:33.550603 0.103961 0.150632 0.388870 6067506.614782 0.321215
14:42:33.873855 0.105697 0.145015 0.368628 6045360.836190 0.327392
14:42:34.260595 0.115628 0.141341 0.338438 5667831.121430 0.333569
14:42:34.620585 0.141984 0.141422 0.289887 4673428.455961 0.339747
14:42:34.997026 0.178414 0.146046 0.294387 3811004.199454 0.345924
14:42:35.381088 0.216347 0.154833 0.336390 3180668.400046 0.352101
14:42:35.768023 0.251023 0.166857 0.399214 2806565.602506 0.358278
14:42:36.145160 0.269728 0.179716 0.456855 2642306.858987 0.364455
14:42:36.365427 0.125356 0.172921 0.435135 5816141.539447 0.370633
14:42:36.737918 0.127021 0.167183 0.409744 5804402.048787 0.376810
14:42:37.118626 0.130549 0.162604 0.381159 5773037.445725 0.382987
14:42:37.503792 0.132402 0.158829 0.352947 5754114.943843 0.389164
14:42:37.897683 0.136620 0.156053 0.323850 5696382.267052 0.395341
14:42:38.469721 0.143586 0.154494 0.292809 5477073.882559 0.401519
14:42:38.869103 0.141220 0.152835 0.269846 5684866.364348 0.407696
14:42:39.279045 0.143107 0.151619 0.249105 5667146.643529 0.413873
14:42:39.697712 0.147578 0.151114 0.228270 5606472.470614 0.420050
14:42:40.118934 0.148384 0.150773 0.211369 5631223.510103 0.426228
14:42:40.549042 0.151904 0.150914 0.197493 5608590.983143 0.432405
14:42:40.983397 0.153762 0.151270 0.189052 5594104.931186 0.438582
14:42:41.451304 0.182749 0.155205 0.215020 4796435.777165 0.444759
14:42:41.966711 0.165733 0.156521 0.211910 5338325.767038 0.450936
14:42:42.441074 0.188887 0.160567 0.234475 4770686.009676 0.457114
14:42:42.926867 0.217241 0.167651 0.279756 4185728.272668 0.463291
14:42:43.422340 0.249154 0.177839 0.343421 3715358.967361 0.469468
14:42:43.920537 0.277574 0.190306 0.414227 3364467.105657 0.475645
14:42:44.428498 0.309620 0.205220 0.492475 3069154.331865 0.481822
14:42:44.821428 0.220535 0.207134 0.437891 4346084.868994 0.488000
14:42:45.342759 0.253548 0.212936 0.432417 3844827.638346 0.494177
14:42:46.021454 0.384966 0.234440 0.571081 2553575.264318 0.324791
14:42:46.481528 0.459866 0.262618 0.740525 2173293.737873 0.328801
14:42:46.954123 0.472401 0.288841 0.857054 2132967.977208 0.332811
14:42:47.440937 0.486623 0.313564 0.937505 2104298.188428 0.336821
14:42:47.940195 0.499071 0.336752 0.990216 2068227.251036 0.340830
14:42:48.453604 0.513215 0.358810 1.025371 2043151.246924 0.344840
14:42:48.979691 0.525873 0.379693 1.046676 2009549.130366 0.348850
14:42:49.519587 0.539697 0.399693 1.059935 1988434.502200 0.352860
14:42:50.072174 0.552392 0.418781 1.066661 1957566.344933 0.356869
14:42:50.609372 0.537010 0.433559 1.037699 2044148.327044 0.360879
14:42:51.180247 0.570665 0.450698 1.040908 1937949.173957 0.364889
14:42:51.968595 0.390129 0.443127 0.946353 2876750.364486 0.568303
14:42:52.554756 0.407868 0.438719 0.851397 2771720.884389 0.574481
14:42:52.999008 0.277428 0.418558 0.889358 4133974.814325 0.580658
14:42:53.620829 0.318138 0.406005 0.859525 3630724.889901 0.586835
14:42:54.484617 0.416599 0.407330 0.758063 2811950.822834 0.593012
14:42:55.116288 0.455273 0.413322 0.724316 2591077.458397 0.599189
14:42:55.587222 0.326849 0.402513 0.722232 3659280.155086 0.605367
14:42:56.094615 0.228491 0.380761 0.794572 5270332.933097 0.611544
14:42:56.709957 0.231888 0.362151 0.821382 5263781.249024 0.617721
14:42:57.521349 0.425104 0.370021 0.777396 2890585.813700 0.623898
14:42:58.411159 0.402210 0.374044 0.711766 3095855.420649 0.630076
14:42:59.035916 0.396671 0.376873 0.652790 3159736.458408 0.636253
14:42:59.555846 0.279961 0.364759 0.668609 4535490.965688 0.642430
14:43:00.162952 0.244258 0.349696 0.698084 5231977.590267 0.648607
14:43:00.815617 0.247787 0.336957 0.700158 5223583.184493 0.654784
14:43:01.637905 0.414828 0.346691 0.696962 3139924.387362 0.660962
14:43:02.288437 0.284779 0.338952 0.663567 4631355.442759 0.667139
14:43:03.054820 0.383897 0.344570 0.632977 3456926.653349 0.673316
14:43:03.612013 0.267387 0.334922 0.628410 5024504.698028 0.679493
14:43:04.284856 0.260249 0.325588 0.620377 5193792.421443 0.481822
14:43:04.737929 0.231178 0.313787 0.629289 4145999.239975 0.488000
14:43:05.246378 0.251124 0.305954 0.605243 3881936.583330 0.494177
14:43:05.863762 0.232497 0.296772 0.594696 4228184.010427 0.500354
14:43:06.425388 0.293554 0.296370 0.523031 3404565.326351 0.506531
14:43:07.059271 0.420583 0.311896 0.606105 2395760.115634 0.512708
14:43:07.505906 0.354384 0.317207 0.580352 2889521.416260 0.518886
14:43:07.861987 0.191177 0.301454 0.624842 5399139.538156 0.525063
14:43:08.390929 0.194653 0.288103 0.637445 5386897.791008 0.531240
14:43:08.924316 0.196348 0.276634 0.630396 5382118.783685 0.537417
14:43:09.686476 0.203211 0.267456 0.606201 5280972.167095 0.543595
14:43:10.228918 0.201767 0.259245 0.578993 5359370.822355 0.549772
14:43:10.962405 0.385124 0.274980 0.640669 2850323.768074 0.555949
14:43:11.600179 0.466668 0.298941 0.764896 2369822.356322 0.562126
14:43:12.071706 0.375896 0.308560 0.734982 2985675.178160 0.568303
14:43:12.476823 0.212442 0.296546 0.712480 5321429.615704 0.574481
14:43:13.055208 0.215917 0.286467 0.679046 5311667.971317 0.580658
14:43:13.703562 0.217882 0.277894 0.640913 5301361.154272 0.586835
14:43:14.434938 0.362079 0.288417 0.644867 3235358.956603 0.593012
14:43:15.103953 0.437824 0.307093 0.723837 2694342.865556 0.599189
14:43:15.756810 0.491257 0.330113 0.826836 2434636.282367 0.605367
14:43:16.264598 0.393524 0.338040 0.773992 3060103.601323 0.611544
14:43:16.714892 0.231949 0.324778 0.757833 5262401.545162 0.617721
14:43:17.438928 0.237880 0.313916 0.725606 5165629.913174 0.623898
14:43:18.062687 0.237340 0.304344 0.689687 5246415.013457 0.630076
14:43:18.698005 0.242130 0.296567 0.647789 5176463.144989 0.636253
14:43:19.338890 0.246258 0.290279 0.604004 5156217.847981 0.642430
14:43:20.032333 0.296727 0.291085 0.532827 4306824.868314 0.648607
14:43:21.171009 0.413532 0.306391 0.610145 3129953.526185 0.654784
14:43:21.754644 0.342216 0.310869 0.574510 3806157.349255 0.660962
14:43:22.492243 0.418386 0.324308 0.629557 3152379.151163 0.667139
14:43:22.996427 0.255074 0.315654 0.613825 5202819.080304 0.673316
14:43:23.717573 0.302472 0.314006 0.550817 4441695.595390 0.679493
14:43:24.923617 0.467268 0.333164 0.664033 2892729.715286 0.685670
14:43:25.406073 0.263796 0.324493 0.642013 5186070.918853 0.691848
14:43:26.100218 0.265602 0.317132 0.614163 5181645.547123 0.698025
14:43:26.925656 0.392477 0.326550 0.624668 3548337.150824 0.704202
14:43:27.673879 0.436149 0.340250 0.673438 3211818.927750 0.710379
14:43:28.312227 0.363795 0.343193 0.616629 3895646.627990 0.716556
14:43:29.290515 0.481389 0.360467 0.703741 2961031.233858 0.722734
14:43:29.812007 0.279936 0.350401 0.688387 5150433.001232 0.339747
14:43:30.033663 0.161711 0.326815 0.768994 4204637.250255 0.345924
14:43:30.394847 0.176678 0.308048 0.789819 3894815.567441 0.352101
14:43:30.760279 0.189796 0.293266 0.772847 3711943.918499 0.358278
14:43:31.237927 0.308939 0.295225 0.670583 2306941.000982 0.364455
14:43:31.747113 0.314482 0.297632 0.598408 2318377.716670 0.370633
14:43:31.940535 0.137269 0.277587 0.663532 5371058.958294 0.376810
14:43:32.326364 0.145944 0.261132 0.682233 5164058.735270 0.382987
14:43:32.801516 0.237825 0.258218 0.597351 3203429.003012 0.389164
14:43:33.088975 0.135897 0.242928 0.619599 5726683.342211 0.395341
14:43:33.486983 0.138239 0.229842 0.617034 5688933.874415 0.401519
14:43:34.061738 0.311119 0.240002 0.611673 2580415.885382 0.407696
14:43:34.301597 0.143039 0.227881 0.603597 5669838.767015 0.413873
14:43:34.719371 0.146602 0.217721 0.580788 5643800.750973 0.420050
14:43:35.154510 0.161290 0.210667 0.539398 5180633.398624 0.426228
14:43:35.771736 0.154612 0.203661 0.506264 5510359.127006 0.432405
14:43:36.271738 0.221985 0.205951 0.451228 3874854.633998 0.438582
14:43:36.905110 0.416486 0.232268 0.626761 2104618.036828 0.444759
14:43:37.175174 0.241584 0.233432 0.538618 3662228.338099 0.450936
14:43:37.615863 0.231156 0.233148 0.464314 3898321.902267 0.457114
14:43:38.131522 0.289418 0.240182 0.469826 3141864.211054 0.463291
14:43:38.717784 0.412296 0.261696 0.606044 2245222.868745 0.469468
14:43:38.944847 0.169672 0.250193 0.600478 5504078.057309 0.475645
14:43:39.424333 0.173228 0.240572 0.580251 5485671.256750 0.481822
14:43:39.943036 0.175154 0.232395 0.552572 5472122.590592 0.488000
14:43:40.620455 0.364307 0.248884 0.620929 2675897.515201 0.494177
14:43:40.931171 0.180626 0.240352 0.587643 5442408.400422 0.500354
14:43:41.435245 0.183890 0.233294 0.550225 5434905.263774 0.506531
14:43:41.944460 0.186073 0.227391 0.512311 5415170.068479 0.512708
14:43:42.562425 0.291001 0.235343 0.512641 3518890.149163 0.518886
14:43:43.193618 0.402816 0.256277 0.631724 2562440.055547 0.525063
14:43:43.846056 0.467064 0.282625 0.774998 2245037.545076 0.531240
14:43:44.153706 0.243452 0.277728 0.686181 4340768.290100 0.537417
14:43:44.661984 0.213968 0.269758 0.639859 5015483.634902 0.543595
14:43:45.281150 0.289026 0.272167 0.569010 3741337.865278 0.549772
14:43:45.975236 0.432731 0.292237 0.675434 2536743.647851 0.555949
14:43:46.530616 0.431931 0.309699 0.736790 2560408.842591 0.562126
14:43:46.927312 0.266337 0.304279 0.667959 4213846.898454 0.568303
14:43:47.789734 0.436647 0.320825 0.725953 2589039.108666 0.574481
14:43:48.362343 0.434703 0.335060 0.752784 2638307.843420 0.580658
14:43:48.780873 0.272306 0.327215 0.703262 4241816.730688 0.586835
14:43:49.374297 0.278540 0.321131 0.651842 4205702.726163 0.593012
14:43:49.973698 0.284555 0.316559 0.601168 4145589.333137 0.599189
14:43:50.602953 0.314255 0.316271 0.532032 3805928.316794 0.605367
14:43:51.411786 0.293386 0.313410 0.498116 4104572.378283 0.611544
14:43:52.141389 0.411237 0.325639 0.561994 2968137.584381 0.617721
14:43:53.181141 0.215085 0.311819 0.599640 2856544.693681 0.315038
14:43:53.533675 0.252450 0.304398 0.579633 2498649.343191 0.321215
14:43:53.755682 0.153108 0.285487 0.643204 4173371.047577 0.327392
14:43:54.120574 0.190366 0.273597 0.637005 3442631.024544 0.333569
14:43:54.513534 0.249556 0.270592 0.567189 2658929.571791 0.339747
14:43:54.766920 0.163042 0.257148 0.587146 4170316.290843 0.345924
14:43:55.151776 0.201733 0.250221 0.553134 3411081.066635 0.352101
14:43:55.681698 0.167919 0.239933 0.549421 4195548.648306 0.358278
14:43:56.131678 0.259492 0.242378 0.494052 2746533.856935 0.364455
14:43:56.576247 0.339410 0.254507 0.540295 2148103.641396 0.370633
14:43:56.807749 0.200197 0.247718 0.516369 3682772.810726 0.376810
14:43:57.215034 0.230418 0.245556 0.464344 3270856.046198 0.382987
14:43:57.667825 0.300021 0.252364 0.470921 2539340.793897 0.389164
14:43:58.135620 0.378468 0.268127 0.558149 2056289.896725 0.395341
14:43:58.585556 0.432958 0.288731 0.671078 1816415.844049 0.401519
14:43:58.862216 0.276459 0.287197 0.586229 2903924.495098 0.407696
14:43:59.312798 0.319174 0.291194 0.547445 2540958.441751 0.413873
14:43:59.826202 0.418532 0.307111 0.626638 1976891.153361 0.420050
14:44:00.334920 0.367173 0.314619 0.614325 2275723.157939 0.426228
14:44:00.619262 0.225306 0.303455 0.617548 3781381.193132 0.432405
14:44:01.074108 0.247508 0.296462 0.587978 3475280.918888 0.438582
14:44:01.582276 0.316870 0.299013 0.538058 2766257.681527 0.444759
14:44:02.148962 0.438596 0.316461 0.635328 2017200.292315 0.450936
14:44:02.519103 0.357698 0.321615 0.602003 2519220.379792 0.457114
14:44:02.849655 0.231052 0.310295 0.611149 3935526.934545 0.463291
14:44:03.342566 0.260356 0.304052 0.579632 3555501.620480 0.469468
14:44:04.280316 0.267562 0.299491 0.542666 3490362.253530 0.475645
14:44:04.727684 0.239100 0.291942 0.534715 3974370.898660 0.481822
14:44:05.234347 0.263733 0.288416 0.498705 3634222.211525 0.488000
14:44:05.808507 0.348786 0.295962 0.514049 2794973.642209 0.494177
14:44:06.384154 0.430047 0.312723 0.610373 2285889.494630 0.500354
14:44:06.803916 0.349128 0.317274 0.576916 2862629.114300 0.506531
14:44:07.205775 0.191799 0.301589 0.621796 5253501.800908 0.512708
14:44:07.880368 0.353363 0.308061 0.599990 2897869.591502 0.518886
14:44:08.468172 0.421988 0.322302 0.655175 2446022.101447 0.525063
14:44:08.765913 0.194488 0.306325 0.683794 5391467.536432 0.531240
14:44:09.299044 0.196327 0.292575 0.685675 5382693.953491 0.537417
14:44:09.840406 0.199860 0.280986 0.668526 5369516.084488 0.543595
14:44:10.436434 0.251891 0.277349 0.597099 4292906.213187 0.549772
14:44:11.199209 0.212083 0.269191 0.574270 5175939.183524 0.555949
14:44:11.883350 0.339992 0.278041 0.577651 3252784.255916 0.562126
14:44:12.547807 0.441976 0.298533 0.687175 2539288.166410 0.568303
14:44:12.993992 0.319622 0.301169 0.613740 3536977.614952 0.574481
14:44:13.465001 0.215853 0.290504 0.610249 5313246.183003 0.580658
14:44:14.047996 0.217732 0.281408 0.593989 5305018.330338 0.586835
14:44:15.139855 0.553681 0.315442 0.822151 2115759.280157 0.593012
14:44:15.567410 0.388190 0.324536 0.777315 3038841.561192 0.599189
14:44:16.141114 0.362419 0.329271 0.706739 3300134.861040 0.605367
14:44:16.651504 0.267155 0.321506 0.666724 4507586.631043 0.611544
14:44:17.231823 0.235640 0.310773 0.655553 5179968.368195 0.617721
14:44:17.847975 0.233642 0.301132 0.636847 5259326.094171 0.623898
14:44:18.686820 0.241681 0.293700 0.604938 5152182.913136 0.630076
14:44:19.471102 0.395517 0.306428 0.641672 3168955.187266 0.636253
14:44:20.121318 0.409191 0.319273 0.673470 3103097.555073 0.642430
14:44:20.739877 0.385070 0.327498 0.658943 3318751.697515 0.648607
14:44:21.251581 0.247799 0.317535 0.645818 5223326.866578 0.654784
14:44:22.083381 0.257771 0.310065 0.616041 5053042.907694 0.660962
14:44:22.740198 0.253180 0.302954 0.589321 5209388.977485 0.667139
14:44:23.409594 0.254940 0.296952 0.559742 5205553.575077 0.673316
14:44:24.087034 0.258536 0.292150 0.527659 5196519.936620 0.679493
14:44:24.768729 0.260277 0.288166 0.496671 5193235.781075 0.401519
14:44:25.051543 0.141369 0.269817 0.572992 5678874.160231 0.407696
14:44:25.461234 0.143017 0.253967 0.608148 5670708.349543 0.413873
14:44:25.939202 0.147851 0.240702 0.612454 5596120.785846 0.272664
14:44:26.212509 0.148400 0.229164 0.600280 5630617.355284 0.276674
14:44:26.492942 0.151933 0.219510 0.575079 5607526.037966 0.280684
14:44:26.775485 0.153676 0.211281 0.543792 5597229.334310 0.284694
14:44:27.063979 0.157249 0.204527 0.507942 5574234.601079 0.288703
14:44:27.354750 0.159063 0.198844 0.471869 5562169.953106 0.292713
14:44:27.651192 0.162581 0.194311 0.435343 5542592.204413 0.296723
14:44:27.949922 0.164308 0.190561 0.401338 5534197.517907 0.300733
14:44:28.254519 0.167892 0.187727 0.368479 5513640.403278 0.304742
14:44:28.561238 0.169704 0.185474 0.339062 5503041.871833 0.308752
14:44:28.873805 0.173184 0.183938 0.311419 5487068.377816 0.312762
14:44:29.188595 0.175025 0.182824 0.287348 5476155.264697 0.316772
14:44:29.631831 0.178482 0.182281 0.265016 5461882.408139 0.212611
14:44:29.846312 0.180277 0.182031 0.246086 5452938.560287 0.215269
14:44:30.065282 0.183886 0.182263 0.232159 5435018.010326 0.217926
14:44:30.285179 0.185682 0.182690 0.223532 5426573.266338 0.220584
14:44:30.509636 0.189344 0.183522 0.220807 5408141.229741 0.223242
14:44:30.734723 0.191002 0.184457 0.219901 5404093.062672 0.225899
14:44:30.964497 0.194594 0.185724 0.222444 5388534.612336 0.228557
14:44:31.194929 0.196375 0.187055 0.225247 5381380.393601 0.231214
14:44:31.429753 0.199820 0.188651 0.230059 5370592.414573 0.233872
14:44:31.665552 0.201631 0.190273 0.234309 5362989.359804 0.236530
14:44:31.905748 0.205177 0.192136 0.240067 5350149.541077 0.239187
14:44:32.146903 0.206993 0.193993 0.244798 5342792.864335 0.241845
14:44:32.392637 0.210675 0.196079 0.250864 5327181.649002 0.244503
14:44:32.638905 0.212335 0.198111 0.255456 5324118.422568 0.247160
14:44:32.889636 0.215784 0.200320 0.261002 5314942.779207 0.249818
14:44:33.141604 0.217622 0.202483 0.265296 5307703.467994 0.252476
14:44:33.397723 0.221152 0.204816 0.270596 5297061.044530 0.255133
14:44:33.724792 0.223234 0.207118 0.274871 5284357.788162 0.257791
14:44:33.985972 0.226614 0.209555 0.279865 5277838.122867 0.260448
14:44:34.248398 0.228369 0.211907 0.283453 5273150.089519 0.263106
14:44:34.515074 0.231859 0.214401 0.288013 5264436.185158 0.265764
14:44:34.782823 0.233714 0.216815 0.291337 5257705.806167 0.268421
14:44:35.055024 0.237315 0.219378 0.295769 5246968.448886 0.271079
14:44:35.327868 0.238959 0.221825 0.298700 5245149.217029 0.273737
14:44:35.605291 0.242501 0.224410 0.302741 5236101.678007 0.276394
14:44:35.883563 0.244266 0.226892 0.305497 5231803.961449 0.279052
14:44:36.166418 0.247912 0.229519 0.309493 5220950.841536 0.281710
14:44:36.450034 0.249701 0.232042 0.312204 5216350.272898 0.284367
14:44:36.737904 0.253119 0.234677 0.315875 5210640.222414 0.287025
14:44:37.026990 0.255031 0.237221 0.318474 5203694.584367 0.175404
14:44:37.202810 0.175623 0.229521 0.352059 4617893.309991 0.178062
14:44:37.510950 0.148706 0.219419 0.392138 5563946.487304 0.180719
14:44:37.691339 0.148299 0.210529 0.411188 5634446.463309 0.183377
14:44:37.878637 0.152088 0.203224 0.412160 5601812.172496 0.186035
14:44:38.066395 0.153669 0.197030 0.403287 5597489.858782 0.188692
14:44:38.258753 0.157202 0.192051 0.386572 5575908.512399 0.191350
14:44:38.452029 0.159043 0.187925 0.366824 5562878.696732 0.194008
14:44:38.649630 0.162556 0.184754 0.344297 5543437.644622 0.196665
14:44:38.848247 0.164359 0.182205 0.322257 5532471.523137 0.199323
14:44:39.051209 0.167892 0.180416 0.299768 5513640.403278 0.201980
14:44:39.255238 0.169783 0.179087 0.279233 5500476.286299 0.204638
14:44:39.463388 0.173208 0.178352 0.259340 5486305.537041 0.207296
14:44:39.672545 0.174935 0.177925 0.242083 5478976.447816 0.209953
14:44:39.886269 0.178594 0.178008 0.226796 5458455.415580 0.212611
14:44:40.100768 0.180333 0.178299 0.217215 5451244.366740 0.215269
14:44:40.319709 0.183894 0.178998 0.213781 5434778.429494 0.217926
14:44:40.539506 0.185641 0.179829 0.212558 5427765.023745 0.220584
14:44:40.763855 0.189288 0.181011 0.215018 5409742.013170 0.223242
14:44:40.988904 0.190997 0.182259 0.217750 5404227.979488 0.225899
14:44:41.218399 0.194510 0.183791 0.222659 5390859.551213 0.228557
14:44:41.659908 0.196230 0.185346 0.226937 5385349.170550 0.231214
14:44:41.894686 0.199815 0.187154 0.232817 5370726.986174 0.233872
14:44:42.130682 0.201700 0.188973 0.237765 5361150.963280 0.236530
14:44:42.370909 0.205219 0.191003 0.243844 5349055.582058 0.239187
14:44:42.612049 0.207068 0.193011 0.248707 5340855.077202 0.241845
14:44:42.857448 0.210492 0.195196 0.254449 5331809.688896 0.244503
14:44:43.103931 0.212352 0.197341 0.258936 5323688.030889 0.247160
14:44:43.354886 0.215979 0.199671 0.264505 5310149.314888 0.249818
14:44:43.606874 0.217982 0.201960 0.268896 5298931.632643 0.252476
14:44:43.862815 0.221324 0.204380 0.273947 5292946.877759 0.255133
14:44:44.119711 0.222966 0.206703 0.277464 5290709.050695 0.257791
14:44:44.381234 0.226547 0.209184 0.282098 5279398.911740 0.260448
14:44:44.643633 0.228379 0.211583 0.285464 5272918.881267 0.263106
14:44:44.910621 0.232088 0.214146 0.290062 5259244.476163 0.265764
14:44:45.283173 0.233429 0.216557 0.292776 5264123.058444 0.268421
14:44:45.555322 0.237134 0.219129 0.296871 5250972.471613 0.271079
14:44:45.828442 0.238971 0.221609 0.299758 5244887.565814 0.273737
14:44:46.105749 0.242476 0.224217 0.303696 5236642.268908 0.276394
14:44:46.384133 0.244324 0.226731 0.306446 5230563.361507 0.151485
14:44:46.536898 0.152582 0.217462 0.351397 4617262.990562 0.154143
14:44:46.692761 0.154178 0.209552 0.373287 4622607.915357 0.156801
14:44:46.849595 0.154112 0.202622 0.380863 4730901.240659 0.159458
14:44:47.009406 0.154213 0.196571 0.378660 4780921.395142 0.162116
14:44:47.172940 0.155494 0.191436 0.369080 4846901.634121 0.164774
14:44:47.338169 0.155815 0.186983 0.355837 4889486.835039 0.167431
14:44:47.506988 0.157066 0.183244 0.339801 4954856.371461 0.170089
14:44:47.677608 0.157452 0.180020 0.323230 4994737.876820 0.172746
14:44:47.851645 0.158661 0.177350 0.306116 5059941.365110 0.175404
14:44:48.027534 0.159032 0.175060 0.289953 5099657.133482 0.178062
14:44:48.206956 0.160182 0.173200 0.274248 5165324.469032 0.180719
14:44:48.388203 0.160580 0.171623 0.260029 5203539.776096 0.183377
14:44:48.572968 0.161881 0.170405 0.246452 5262928.681448 0.186035
14:44:48.759493 0.162253 0.169386 0.234573 5301353.530060 0.188692
14:44:49.119103 0.157143 0.167856 0.228989 5578006.547327 0.191350
14:44:49.312306 0.158970 0.166745 0.221481 5565431.670002 0.194008
14:44:49.510191 0.162667 0.166235 0.211365 5539667.670877 0.196665
14:44:49.708857 0.164478 0.166016 0.201621 5528477.769504 0.199323
14:44:49.911700 0.167884 0.166249 0.194821 5513906.628054 0.201980
14:44:50.115607 0.169693 0.166680 0.191553 5503397.533315 0.204638
14:44:50.323920 0.173190 0.167493 0.192658 5486879.536086 0.207296
14:44:50.533111 0.174970 0.168428 0.194779 5477871.511417 0.209953
14:44:50.746772 0.178544 0.169692 0.199571 5459993.384395 0.212611
14:44:50.961261 0.180324 0.171021 0.204062 5451518.250085 0.215269
14:44:51.180287 0.183972 0.172640 0.210371 5432482.343826 0.217926
14:44:51.400133 0.185774 0.174282 0.215714 5423885.023542 0.220584
