14:41:15.446136 0.062918 0.062918 0.314591 7030844.765296 0.288703
14:41:15.831150 0.158982 0.074926 0.359745 5565006.011742 0.292713
14:41:16.127677 0.162570 0.085882 0.387139 5542966.117313 0.296723
14:41:16.426393 0.164336 0.095688 0.400086 5533250.094444 0.300733
14:41:16.875363 0.167728 0.104693 0.405031 5519032.548001 0.201980
14:41:17.079350 0.169648 0.112813 0.403021 5504859.320716 0.204638
14:41:17.287745 0.173250 0.120367 0.398460 5484976.737068 0.207296
14:41:17.496881 0.174975 0.127193 0.390371 5477722.229868 0.209953
14:41:17.710478 0.178506 0.133607 0.382303 5461152.900453 0.212611
14:41:17.924991 0.180304 0.139444 0.372663 5452123.774096 0.215269
14:41:18.144025 0.183913 0.145003 0.364385 5434221.837931 0.217926
14:41:18.363889 0.185670 0.150086 0.355290 5426921.679273 0.220584
14:41:18.588194 0.189230 0.154979 0.348026 5411398.288246 0.223242
14:41:18.813480 0.191119 0.159497 0.340422 5400776.228859 0.225899
14:41:19.042925 0.194570 0.163881 0.334648 5389194.902380 0.228557
14:41:19.273331 0.196249 0.167927 0.328370 5384832.309765 0.231214
14:41:19.567201 0.199772 0.171908 0.324085 5371887.144838 0.233872
14:41:19.802955 0.201641 0.175624 0.319491 5362716.690365 0.236530
14:41:20.043231 0.205219 0.179324 0.316818 5349055.582058 0.239187
14:41:20.284330 0.206971 0.182780 0.313548 5343359.086556 0.241845
14:41:20.529864 0.210554 0.186251 0.312102 5330245.996800 0.244503
14:41:20.776297 0.212293 0.189507 0.309936 5325164.803637 0.247160
14:41:21.027158 0.215904 0.192806 0.309526 5311990.577749 0.249818
14:41:21.278878 0.217670 0.195914 0.308318 5306523.300077 0.252476
14:41:21.534888 0.221130 0.199066 0.308585 5297592.186431 0.255133
14:41:21.791966 0.222981 0.202056 0.308109 5290352.659708 0.257791
14:41:22.053417 0.226539 0.205116 0.309140 5279587.824247 0.260448
14:41:22.315944 0.228474 0.208036 0.309412 5270723.413681 0.263106
14:41:22.582544 0.231840 0.211011 0.310847 5264874.704555 0.265764
14:41:22.850168 0.233598 0.213835 0.311298 5260319.148055 0.268421
14:41:23.122290 0.237129 0.216746 0.313139 5251078.062096 0.271079
14:41:23.569089 0.239623 0.219606 0.314777 5230614.903810 0.273737
14:41:23.845700 0.242491 0.222467 0.316730 5236317.900973 0.132882
14:41:23.978982 0.133105 0.211296 0.371356 4615911.631756 0.265764
14:41:24.345503 0.233654 0.214091 0.356493 5259057.765588 0.268421
14:41:24.617568 0.237164 0.216975 0.346850 5250307.349208 0.271079
14:41:24.890533 0.238925 0.219719 0.339075 5245897.683624 0.273737
14:41:25.168197 0.242728 0.222595 0.335121 5231205.409267 0.276394
14:41:25.446330 0.244314 0.225310 0.331423 5230777.744129 0.279052
14:41:25.728988 0.247777 0.228118 0.330170 5223794.288723 0.281710
14:41:26.012633 0.249601 0.230804 0.328825 5218438.002864 0.284367
14:41:26.300741 0.253164 0.233599 0.329475 5209712.771471 0.287025
14:41:26.589663 0.254961 0.236269 0.329539 5205130.075582 0.289682
14:41:26.883308 0.258783 0.239083 0.331550 5191559.995349 0.292340
14:41:27.177279 0.260256 0.241730 0.332252 5193654.439631 0.196665
14:41:27.521060 0.164128 0.232030 0.377523 5540259.061695 0.199323
14:41:27.724152 0.167913 0.224015 0.397252 5512951.470277 0.201980
14:41:27.928166 0.169814 0.217240 0.401369 5499472.341183 0.204638
14:41:28.136330 0.173221 0.211738 0.393853 5485890.217892 0.207296
14:41:28.345601 0.175041 0.207150 0.380434 5475655.516813 0.209953
14:41:28.559248 0.178563 0.203577 0.362127 5459402.876825 0.212611
14:41:28.773791 0.180296 0.200667 0.342860 5452368.905392 0.215269
14:41:28.992853 0.183899 0.198571 0.321984 5434637.509459 0.217926
14:41:29.212547 0.185588 0.196948 0.302491 5429319.973567 0.220584
14:41:29.437160 0.189484 0.196015 0.282636 5404146.812724 0.223242
14:41:29.662003 0.190962 0.195383 0.265402 5405219.824844 0.225899
14:41:29.891566 0.194515 0.195275 0.248657 5390720.791199 0.228557
14:41:30.121978 0.196254 0.195397 0.236413 5384694.933083 0.231214
14:41:30.356896 0.199854 0.195954 0.231173 5369682.631164 0.233872
14:41:30.592691 0.201647 0.196666 0.228773 5362558.174367 0.236530
14:41:30.833120 0.205359 0.197753 0.230526 5345410.212149 0.239187
14:41:31.074036 0.207011 0.198910 0.232748 5342325.206048 0.241845
14:41:31.319578 0.210486 0.200357 0.237312 5331966.712522 0.244503
14:41:31.639806 0.212127 0.201828 0.241314 5329336.474511 0.247160
14:41:31.890766 0.215861 0.203582 0.247230 5313052.522924 0.249818
14:41:32.142462 0.217646 0.205340 0.252139 5307116.225245 0.252476
14:41:32.398741 0.221289 0.207334 0.258382 5293785.169712 0.255133
14:41:32.655731 0.223031 0.209296 0.263279 5289165.036444 0.257791
14:41:32.917274 0.226682 0.211469 0.269343 5276250.509299 0.260448
14:41:33.179478 0.228271 0.213569 0.273777 5275413.697906 0.263106
14:41:33.446244 0.231809 0.215849 0.279244 5265573.238140 0.265764
14:41:33.917140 0.157419 0.208546 0.314522 3902960.453032 0.135539
14:41:34.069086 0.151754 0.201447 0.337721 4156624.573585 0.138197
14:41:34.222869 0.153592 0.195465 0.345525 4160220.164983 0.140855
14:41:34.380076 0.157023 0.190660 0.341647 4173650.999828 0.143512
14:41:34.539153 0.158893 0.186689 0.331695 4176090.497667 0.146170
14:41:34.701739 0.162402 0.183653 0.316695 4186742.523891 0.148828
14:41:34.866130 0.164197 0.181221 0.300458 4190869.101009 0.151485
14:41:35.034154 0.167812 0.179545 0.282382 4198225.057538 0.154143
14:41:35.317572 0.171058 0.178484 0.264098 4166442.134188 0.156801
14:41:35.490558 0.172759 0.177768 0.247704 4220259.224006 0.159458
14:41:35.665565 0.174820 0.177400 0.232800 4217367.729772 0.162116
14:41:35.844201 0.178448 0.177531 0.220129 4223438.544028 0.164774
14:41:36.024564 0.180179 0.177862 0.212459 4228325.700352 0.167431
14:41:36.216065 0.191308 0.179543 0.218937 4067994.607405 0.170089
14:41:36.406855 0.190601 0.180925 0.221529 4126062.005141 0.172746
14:41:36.601210 0.194146 0.182578 0.226251 4135116.559312 0.175404
14:41:36.797180 0.195774 0.184227 0.230179 4142570.899866 0.178062
14:41:36.996761 0.199392 0.186123 0.235752 4149573.035830 0.180719
14:41:37.198293 0.201313 0.188022 0.240433 4150675.374021 0.183377
14:41:37.405638 0.207151 0.190413 0.248851 4112788.558575 0.186035
14:41:37.637658 0.231825 0.195589 0.280830 3710386.991271 0.188692
14:41:37.868153 0.230308 0.199929 0.298579 3805963.263680 0.191350
14:41:38.100450 0.232109 0.203952 0.310118 3811729.155854 0.194008
14:41:38.336239 0.235607 0.207908 0.319189 3824675.620067 0.196665
14:41:38.573739 0.237310 0.211584 0.324446 3831744.740145 0.199323
14:41:38.814913 0.240977 0.215258 0.329298 3841428.070955 0.201980
14:41:39.049873 0.234771 0.217697 0.322740 3977867.569904 0.204638
14:41:39.276161 0.226104 0.218748 0.305937 4202808.934989 0.207296
14:41:39.504226 0.227871 0.219888 0.294404 4206165.965190 0.209953
14:41:39.872683 0.234123 0.221668 0.291789 4163828.565048 0.212611
14:41:40.105953 0.233079 0.223094 0.287096 4217626.568795 0.215269
14:41:40.342943 0.236799 0.224807 0.286514 4220558.333657 0.217926
14:41:40.584214 0.241078 0.226841 0.289392 4179624.112291 0.220584
14:41:40.826423 0.242019 0.228738 0.290829 4231073.849794 0.223242
14:41:41.070426 0.243750 0.230615 0.292195 4234636.331362 0.225899
14:41:41.318409 0.247763 0.232758 0.296092 4232170.808438 0.228557
14:41:41.567697 0.249062 0.234796 0.298600 4242994.722083 0.231214
14:41:41.802467 0.234537 0.234764 0.282876 4575621.418523 0.233872
14:41:42.036970 0.234300 0.234706 0.271254 4615213.273882 0.236530
14:41:42.275051 0.235758 0.234837 0.263301 4656163.064954 0.239187
14:41:42.515340 0.236582 0.235055 0.258148 4674572.914843 0.241845
14:41:42.758333 0.237583 0.235371 0.255218 4723841.219892 0.244503
14:41:43.005770 0.237658 0.235657 0.252829 4756818.144665 0.247160
14:41:43.252203 0.236831 0.235804 0.249856 4842610.313598 0.249818
14:41:43.502759 0.237369 0.236000 0.248104 4866143.875227 0.252476
14:41:43.757567 0.239592 0.236449 0.249119 4889377.072672 0.255133
14:41:44.258176 0.222760 0.234738 0.257929 5295601.547850 0.257791
14:41:44.519686 0.226502 0.233708 0.259337 5280443.656104 0.260448
14:41:44.782927 0.229179 0.233142 0.256893 5254509.548634 0.263106
14:41:45.049078 0.232008 0.233000 0.251947 5261060.409112 0.265764
14:41:45.319843 0.233565 0.233071 0.247846 5261065.527203 0.268421
14:41:45.964425 0.341124 0.246577 0.365712 1801104.278651 0.135539
14:41:46.101248 0.136606 0.232831 0.432153 4617543.164503 0.138197
14:41:46.405006 0.302077 0.241487 0.460225 2115274.859415 0.140855
14:41:46.682267 0.277072 0.245935 0.445573 2365306.171665 0.143512
14:41:46.941524 0.259067 0.247576 0.410437 2561313.675617 0.146170
14:41:47.152996 0.211285 0.243040 0.401477 3218100.667173 0.148828
14:41:47.466056 0.312856 0.251767 0.440411 2199504.213807 0.151485
14:41:47.618074 0.151814 0.239273 0.480709 4640626.520835 0.154143
14:41:47.773987 0.153507 0.228552 0.495395 4642811.251005 0.156801
14:41:48.098677 0.321176 0.240130 0.532886 2270057.170351 0.159458
14:41:48.422436 0.323561 0.250559 0.553557 2278643.306136 0.162116
14:41:48.649885 0.227230 0.247643 0.498220 3316744.096832 0.164774
14:41:48.919948 0.269879 0.250422 0.460592 2822952.916171 0.167431
14:41:49.259294 0.339153 0.261514 0.507871 2294658.838926 0.170089
14:41:49.706694 0.171120 0.250214 0.525376 4595794.350414 0.401519
14:41:50.078484 0.141172 0.236584 0.551998 5686796.145471 0.407696
14:41:50.576259 0.230973 0.235883 0.478054 3511267.470261 0.413873
14:41:51.105651 0.346242 0.249678 0.541666 2389635.333434 0.420050
14:41:51.498252 0.318617 0.258295 0.546225 2622533.397040 0.426228
14:41:52.369388 0.370710 0.272347 0.600709 2298206.789167 0.432405
14:41:52.787862 0.356805 0.282904 0.613634 2410729.578096 0.438582
14:41:53.181129 0.311316 0.286456 0.562915 2815608.457164 0.444759
14:41:53.743692 0.429086 0.304284 0.654259 2061908.479913 0.450936
14:41:54.147084 0.381426 0.313927 0.653550 2362502.223992 0.457114
14:41:54.488474 0.265628 0.307890 0.610906 3423252.291124 0.463291
14:41:54.854365 0.167950 0.290397 0.657599 5511730.602986 0.469468
14:41:55.326064 0.169730 0.275314 0.671383 5502199.292248 0.475645
14:41:56.172159 0.396726 0.290490 0.708954 2395284.617509 0.481822
14:41:56.639723 0.382411 0.301981 0.707749 2506371.396739 0.488000
14:41:56.924053 0.178569 0.286554 0.714292 5459227.936147 0.494177
14:41:57.586146 0.346118 0.294000 0.674367 2840187.669392 0.500354
14:41:58.076534 0.335930 0.299241 0.626447 2975095.036594 0.506531
14:41:58.524241 0.276909 0.296449 0.564186 3638799.954594 0.512708
14:41:59.053376 0.293070 0.296027 0.500209 3494044.862413 0.518886
14:41:59.765058 0.190839 0.282878 0.541203 5408704.288243 0.525063
14:42:00.294156 0.194598 0.271843 0.553867 5388415.777311 0.531240
14:42:00.827533 0.196289 0.262399 0.549471 5383733.492537 0.537417
14:42:01.369036 0.199942 0.254592 0.532353 5367319.916253 0.543595
14:42:01.914676 0.201772 0.247989 0.509130 5359237.834386 0.549772
14:42:02.580125 0.317337 0.256658 0.521861 3459189.126212 0.555949
14:42:03.160607 0.341534 0.267267 0.551046 3238097.308183 0.562126
14:42:03.839341 0.239294 0.263771 0.504578 4690062.247842 0.568303
14:42:04.451537 0.282890 0.266161 0.465885 3996241.038784 0.574481
14:42:05.032835 0.289361 0.269061 0.442054 3963491.969402 0.580658
14:42:05.762849 0.438403 0.290228 0.589316 2634725.717202 0.586835
14:42:06.332732 0.421238 0.306605 0.661930 2780984.031370 0.593012
14:42:06.881849 0.377094 0.315416 0.652399 3128259.545266 0.599189
14:42:07.330741 0.226511 0.304303 0.645945 5280238.008842 0.605367
14:42:08.200848 0.380352 0.313809 0.646090 3166077.569840 0.611544
14:42:08.664913 0.232665 0.303666 0.634021 5246202.372485 0.617721
14:42:09.329966 0.279564 0.300653 0.572521 4395413.482611 0.623898
14:42:10.071779 0.397047 0.312702 0.612997 3136112.010991 0.630076
14:42:10.544108 0.238976 0.303487 0.602434 5244777.680088 0.636253
14:42:11.632276 0.412478 0.317111 0.650312 3078370.463326 0.642430
14:42:12.121825 0.259387 0.309895 0.617520 4926815.606452 0.395341
14:42:12.468317 0.210328 0.297449 0.627735 3739076.631078 0.401519
14:42:12.846339 0.186587 0.283591 0.642168 4302634.107030 0.407696
14:42:13.270421 0.202699 0.273480 0.623305 4001046.951687 0.413873
14:42:13.703788 0.221943 0.267038 0.580943 3727949.819494 0.420050
14:42:14.173497 0.271363 0.267578 0.507333 3079211.014731 0.426228
14:42:14.616746 0.288153 0.270150 0.470541 2956652.187341 0.432405
14:42:15.114259 0.156801 0.255982 0.519624 5485679.813524 0.438582
14:42:15.553573 0.157204 0.243634 0.540144 5575840.860130 0.444759
14:42:16.000558 0.159075 0.233064 0.540006 5561753.129445 0.450936
14:42:16.455786 0.163055 0.224313 0.524529 5526480.724548 0.457114
14:42:16.929803 0.179623 0.218727 0.488579 5062339.255671 0.463291
14:42:17.587936 0.374146 0.238154 0.595963 2474155.672102 0.469468
14:42:17.996540 0.313118 0.247525 0.590845 2982543.503716 0.475645
14:42:18.423308 0.264010 0.249585 0.523560 3599379.458384 0.481822
14:42:19.149849 0.325192 0.259036 0.540124 2947376.848251 0.488000
14:42:19.593476 0.280649 0.261738 0.494167 3473549.468997 0.494177
14:42:20.076327 0.269100 0.262658 0.444342 3653066.442831 0.500354
14:42:20.587655 0.279743 0.264794 0.418141 3572651.171324 0.506531
14:42:21.126048 0.311394 0.270619 0.432230 3235823.673466 0.512708
14:42:21.564884 0.237152 0.266435 0.421110 4317908.343027 0.518886
14:42:22.155227 0.308244 0.271661 0.429476 3348620.033714 0.525063
14:42:22.789280 0.320630 0.277783 0.445112 3270360.725676 0.531240
14:42:23.196763 0.196722 0.267650 0.474208 5371884.361725 0.537417
14:42:23.772970 0.235104 0.263582 0.451046 4564582.552858 0.543595
14:42:24.403158 0.321352 0.270803 0.469171 3364982.894641 0.549772
14:42:24.980235 0.348306 0.280491 0.506770 3151620.090144 0.555949
14:42:25.402327 0.214178 0.272202 0.508224 5163553.490128 0.562126
14:42:26.093494 0.342890 0.281038 0.528743 3273072.766310 0.568303
14:42:26.861331 0.371087 0.292294 0.568122 3046445.981778 0.574481
14:42:27.295356 0.230497 0.284569 0.553237 4975685.497872 0.580658
14:42:28.027033 0.381093 0.296635 0.594659 3030945.001869 0.586835
14:42:28.537677 0.304674 0.297640 0.529198 3844947.152682 0.593012
14:42:29.139984 0.313558 0.299629 0.489216 3762138.151561 0.599189
14:42:29.652471 0.226460 0.290483 0.505843 5281427.649786 0.605367
14:42:30.999961 0.171545 0.275616 0.556074 3533812.694204 0.308861
14:42:31.313437 0.175994 0.263163 0.573128 3491024.973279 0.315038
14:42:31.590649 0.137884 0.247503 0.605257 4574747.252568 0.321215
14:42:31.881814 0.107538 0.230008 0.638288 5941863.248628 0.327392
14:42:32.211158 0.109251 0.214913 0.641880 5998662.401229 0.333569
14:42:32.547233 0.111411 0.201975 0.625703 5955887.983976 0.339747
14:42:32.890535 0.114571 0.191050 0.596249 5934620.794979 0.345924
14:42:33.238579 0.116383 0.181716 0.560283 5912624.369628 0.352101
14:42:33.703385 0.228649 0.187583 0.518441 3081192.441115 0.358278
14:42:34.112569 0.125721 0.179850 0.489856 5668934.592833 0.364455
14:42:34.476725 0.125264 0.173027 0.460117 5820403.495177 0.370633
14:42:34.849410 0.127019 0.167276 0.428601 5804478.313978 0.376810
14:42:35.230225 0.130680 0.162702 0.395292 5767244.522754 0.382987
14:42:35.615994 0.133126 0.159005 0.363023 5722818.105210 0.389164
14:42:36.162876 0.290555 0.175448 0.460012 2678460.185447 0.395341
14:42:36.535914 0.268110 0.187031 0.493116 2933243.414681 0.401519
14:42:36.912172 0.242645 0.193983 0.479160 3308602.758956 0.407696
14:42:37.294596 0.217183 0.196883 0.433966 3734212.980148 0.413873
14:42:37.683293 0.191730 0.196239 0.379204 4315401.362352 0.420050
14:42:38.133100 0.155193 0.191108 0.369378 5384165.501971 0.426228
14:42:38.654354 0.249990 0.198468 0.391053 3408008.505468 0.432405
14:42:39.055680 0.218713 0.200999 0.365682 3932824.397955 0.438582
14:42:39.469057 0.193226 0.200027 0.331312 4536364.416979 0.444759
14:42:39.888639 0.167723 0.195989 0.326757 5274985.029793 0.450936
14:42:40.334908 0.162700 0.191828 0.323193 5538531.185585 0.457114
14:42:40.793975 0.164324 0.188390 0.314418 5533651.505456 0.463291
14:42:41.261160 0.167833 0.185820 0.300898 5515575.033183 0.469468
14:42:41.732825 0.169684 0.183803 0.286248 5503683.642218 0.475645
14:42:42.245729 0.173085 0.182464 0.270016 5490205.050461 0.481822
14:42:42.729672 0.175018 0.181533 0.254643 5476371.601770 0.488000
14:42:43.221531 0.178487 0.181152 0.239030 5461736.491010 0.494177
14:42:43.717941 0.180289 0.181044 0.225316 5452578.005388 0.500354
14:42:44.612955 0.073810 0.167640 0.308078 6659272.701102 0.253266
14:42:44.930804 0.138200 0.163960 0.298729 3675136.295018 0.259443
14:42:45.131337 0.079049 0.153346 0.339334 6528821.815940 0.265620
14:42:45.458221 0.140089 0.151689 0.304437 3801011.263088 0.271797
14:42:45.973501 0.251639 0.164183 0.378694 2148600.676192 0.180440
14:42:46.142221 0.168526 0.164726 0.329952 3305461.575278 0.184449
14:42:46.430095 0.271841 0.178115 0.409150 2079332.763301 0.188459
14:42:46.607690 0.177413 0.178027 0.352006 3278407.125866 0.192469
14:42:46.901087 0.278250 0.190555 0.421262 2119761.146753 0.196479
14:42:47.085595 0.184317 0.189775 0.369044 3288944.676214 0.200488
14:42:47.384065 0.282201 0.201329 0.428206 2177171.191506 0.204498
14:42:47.577773 0.193511 0.200351 0.378327 3259680.173002 0.208508
14:42:47.881689 0.288722 0.211398 0.433250 2213118.208194 0.212518
14:42:48.082590 0.200677 0.210058 0.387168 3265746.785601 0.216527
14:42:48.391388 0.292895 0.220412 0.436082 2265495.696186 0.220537
14:42:48.601073 0.209490 0.219047 0.391721 3245671.882394 0.224547
14:42:48.915601 0.299379 0.229089 0.438926 2298517.085000 0.228557
14:42:49.132379 0.216580 0.227525 0.397412 3252896.294425 0.232567
14:42:49.452149 0.303673 0.237043 0.440607 2346945.339446 0.236576
14:42:49.677943 0.225596 0.235613 0.399733 3231831.052413 0.240586
14:42:50.002881 0.309757 0.244881 0.442115 2380188.385387 0.244596
14:42:50.536670 0.295361 0.251191 0.449597 2551670.304380 0.248606
14:42:50.774605 0.237733 0.249508 0.411771 3204672.305775 0.252615
14:42:51.185007 0.395374 0.267742 0.535304 1968363.834075 0.256625
14:42:51.550963 0.365730 0.279990 0.578650 2150307.326305 0.260635
14:42:51.890266 0.339108 0.287380 0.570493 2367434.631584 0.264645
14:42:52.147013 0.256533 0.283524 0.526706 3161416.031213 0.268654
14:42:52.568986 0.409752 0.299303 0.607917 2019250.025554 0.272664
14:42:52.750291 0.181102 0.284527 0.634189 4613885.143749 0.276674
14:42:53.183732 0.337716 0.291176 0.606610 2522736.093742 0.280684
14:42:53.370264 0.186347 0.278072 0.619477 4615904.544854 0.284694
14:42:53.811343 0.342546 0.286132 0.606659 2558908.979744 0.288703
14:42:54.065128 0.253526 0.282056 0.555057 3489725.300103 0.292713
14:42:54.514538 0.410162 0.298069 0.630926 2196984.453979 0.296723
14:42:54.711788 0.197032 0.285440 0.636120 4615047.892393 0.300733
14:42:55.329773 0.169633 0.270964 0.649780 5457054.240363 0.469468
14:42:55.799821 0.169946 0.258336 0.643467 5495205.805167 0.475645
14:42:56.300446 0.194547 0.250363 0.603000 4884538.456631 0.481822
14:42:56.917724 0.329657 0.260275 0.604047 2907457.672159 0.488000
14:42:57.420107 0.343805 0.270716 0.612075 2835469.130008 0.494177
14:42:57.752981 0.182165 0.259647 0.604218 5396429.058327 0.500354
14:42:58.462830 0.391167 0.276087 0.666035 2554980.840726 0.506531
14:42:58.929274 0.350895 0.285438 0.652707 2871560.457727 0.512708
14:42:59.280563 0.189238 0.273413 0.645065 5411180.119967 0.518886
14:42:59.846654 0.194992 0.263610 0.620770 5293507.701072 0.525063
14:43:00.390391 0.213340 0.257327 0.575467 4915045.390606 0.531240
14:43:01.044849 0.336094 0.267173 0.584545 3144261.892919 0.537417
14:43:01.705431 0.459009 0.291152 0.721018 2337976.289608 0.543595
14:43:02.003378 0.213188 0.281407 0.681770 5072251.396343 0.549772
14:43:02.767122 0.210394 0.272530 0.643815 5217489.530710 0.555949
14:43:03.319989 0.207008 0.264340 0.608326 5342405.194425 0.562126
14:43:03.886092 0.210504 0.257610 0.569436 5331513.784893 0.568303
14:43:04.530068 0.285785 0.261132 0.523176 3955757.506688 0.574481
14:43:05.034966 0.215835 0.255470 0.497300 5313692.241734 0.580658
14:43:05.650386 0.250148 0.254805 0.441499 4617557.739343 0.586835
14:43:06.208651 0.221196 0.250604 0.424233 5296010.496888 0.593012
14:43:07.005991 0.395038 0.268658 0.543314 2986164.191873 0.599189
14:43:07.600095 0.389701 0.283788 0.610824 3069100.687801 0.605367
14:43:08.122952 0.306884 0.286675 0.555048 3924038.848271 0.611544
14:43:08.659799 0.231807 0.279817 0.535964 5265621.979958 0.617721
14:43:09.279918 0.233748 0.274058 0.512237 5256944.293918 0.623898
14:43:09.956493 0.286019 0.275553 0.466148 4353503.298409 0.630076
14:43:10.754694 0.273487 0.275295 0.420307 4582943.915640 0.636253
14:43:11.525463 0.407677 0.291843 0.532984 3114623.100740 0.642430
14:43:12.183586 0.423062 0.308245 0.620321 3020719.752424 0.648607
14:43:12.757457 0.347954 0.313209 0.586974 3719847.653798 0.654784
14:43:13.337686 0.273048 0.308189 0.553674 4770327.423551 0.660962
14:43:14.179697 0.254269 0.301449 0.539482 5187075.885316 0.667139
14:43:15.013386 0.420360 0.316313 0.613749 3157066.499623 0.673316
14:43:15.783496 0.516813 0.341375 0.764953 2599564.090637 0.679493
14:43:16.392523 0.446119 0.354468 0.776895 3029863.753278 0.685670
14:43:17.013263 0.380871 0.357768 0.700991 3591937.033302 0.296506
14:43:17.139412 0.125946 0.328791 0.818030 4683148.251030 0.302683
14:43:17.570327 0.253934 0.319434 0.761220 2387266.860986 0.308861
14:43:17.754689 0.100204 0.292030 0.842599 6131492.311426 0.315038
14:43:18.199331 0.229618 0.284228 0.759567 2747100.840563 0.321215
14:43:18.396886 0.105821 0.261927 0.796839 6038278.211322 0.327392
14:43:18.837037 0.218362 0.256482 0.701231 3001253.519239 0.333569
14:43:19.063603 0.111163 0.238317 0.717197 5969172.910375 0.339747
14:43:19.486292 0.193821 0.232755 0.636411 3508062.405952 0.345924
14:43:19.755173 0.116438 0.218215 0.637274 5909815.619720 0.352101
14:43:20.185088 0.193921 0.215179 0.553767 3632982.895294 0.358278
14:43:20.471443 0.121741 0.203499 0.550878 5854273.131805 0.364455
14:43:20.890193 0.175578 0.200009 0.488464 4152504.884737 0.370633
14:43:21.472287 0.134100 0.191770 0.474020 5497988.203735 0.376810
14:43:21.918003 0.202816 0.193151 0.415884 3715998.563319 0.382987
14:43:22.417701 0.319263 0.208915 0.502077 2386296.076745 0.389164
14:43:22.661210 0.173426 0.204479 0.459839 4487443.181295 0.395341
14:43:23.166933 0.283601 0.214369 0.485012 2773022.216165 0.401519
14:43:23.426376 0.141331 0.205239 0.481259 5680397.378584 0.407696
14:43:23.894222 0.201168 0.204730 0.415817 4031494.854499 0.413873
14:43:24.449101 0.341829 0.221868 0.517281 2420484.660811 0.420050
14:43:24.896904 0.369389 0.240308 0.609389 2262070.258458 0.426228
14:43:25.108266 0.154410 0.229571 0.592280 5517574.200364 0.432405
14:43:25.739116 0.158263 0.220657 0.563997 5435004.856320 0.438582
14:43:26.290285 0.270613 0.226902 0.534362 3239105.828091 0.444759
14:43:26.623685 0.159050 0.218420 0.516867 5562628.531299 0.450936
14:43:27.121109 0.205185 0.216766 0.453836 4391745.394512 0.457114
14:43:27.705853 0.332494 0.231232 0.524763 2734822.114203 0.463291
14:43:28.004803 0.167917 0.223317 0.506781 5512818.400789 0.469468
14:43:28.514693 0.208009 0.221404 0.449310 4489651.790930 0.475645
14:43:29.154674 0.372058 0.240236 0.561819 2554096.989657 0.481822
14:43:29.498276 0.233676 0.239416 0.487163 4101680.007771 0.488000
14:43:30.245542 0.334144 0.251257 0.531796 2917447.756615 0.494177
14:43:30.607478 0.201769 0.245071 0.504963 4872109.235903 0.500354
14:43:31.245018 0.338552 0.256756 0.545156 2952054.648903 0.506531
14:43:31.780658 0.367410 0.270588 0.597542 2742484.287618 0.512708
14:43:32.162648 0.236509 0.266328 0.545622 4329647.774675 0.518886
14:43:32.637282 0.191912 0.257026 0.540913 5378466.928925 0.525063
14:43:33.316462 0.345759 0.268117 0.569766 3032679.577211 0.531240
14:43:34.052851 0.362728 0.279944 0.600791 2913388.692376 0.537417
14:43:34.534991 0.307331 0.283367 0.551390 3491843.330081 0.543595
14:43:34.973314 0.201705 0.273159 0.555838 5361017.886952 0.549772
14:43:35.526885 0.205112 0.264654 0.544710 5351847.306309 0.555949
14:43:36.085173 0.207026 0.257450 0.525120 5341937.603998 0.562126
14:43:36.983451 0.408358 0.276314 0.627974 2748332.916710 0.568303
14:43:37.420434 0.276926 0.276390 0.540748 4082302.976451 0.574481
14:43:37.934284 0.215913 0.268830 0.527576 5311767.681848 0.580658
14:43:38.682329 0.382792 0.283076 0.591096 3017492.560094 0.586835
14:43:39.198837 0.312308 0.286730 0.546977 3750965.778382 0.593012
14:43:39.702913 0.223016 0.278765 0.537665 5289521.267432 0.599189
14:43:40.714693 0.443423 0.299348 0.658180 2697270.803805 0.605367
14:43:41.193762 0.317013 0.301556 0.588345 3798657.796227 0.611544
14:43:41.720518 0.231887 0.292847 0.577608 5263802.897201 0.617721
14:43:42.340449 0.233657 0.285448 0.558209 5258988.004641 0.623898
14:43:43.133577 0.402421 0.300070 0.621613 3094232.178155 0.630076
14:43:43.783772 0.422277 0.315346 0.678710 2968137.213227 0.636253
14:43:44.429326 0.269903 0.309666 0.627632 4704505.918034 0.642430
14:43:45.046419 0.244245 0.301488 0.605383 5232253.377372 0.648607
14:43:46.001851 0.550584 0.332625 0.809642 2350842.700672 0.654784
14:43:46.663459 0.557229 0.360700 0.943067 2337510.178053 0.660962
14:43:47.232823 0.465481 0.373798 0.915354 2833438.697935 0.667139
14:43:48.505299 0.561340 0.397241 0.990949 2364172.056768 0.673316
14:43:49.093291 0.475948 0.407079 0.931068 2822761.585152 0.679493
14:43:49.697675 0.400604 0.406270 0.805737 3374105.020202 0.685670
14:43:50.310963 0.327892 0.396473 0.774450 4172299.807862 0.691848
14:43:51.007460 0.332157 0.388433 0.736232 4143388.339256 0.698025
14:43:51.856594 0.333332 0.381545 0.697496 4177938.925867 0.704202
14:43:52.729280 0.501448 0.396533 0.753398 2793574.278039 0.457114
14:43:53.047936 0.318458 0.386774 0.732498 2855358.542534 0.463291
14:43:53.551508 0.358524 0.383243 0.670786 2581963.223884 0.469468
14:43:53.973380 0.310784 0.374185 0.662301 3004941.358113 0.475645
14:43:54.369569 0.230898 0.356274 0.715649 4115550.578124 0.481822
14:43:54.992477 0.371637 0.358195 0.643088 2579033.685188 0.488000
14:43:55.383492 0.274481 0.347731 0.645114 3551603.912760 0.494177
14:43:55.972157 0.235877 0.333749 0.668640 4167595.168658 0.500354
14:43:56.635218 0.398370 0.341826 0.657616 2508783.118465 0.506531
14:43:57.046427 0.302887 0.336959 0.612741 3326706.406851 0.512708
14:43:57.497566 0.241072 0.324973 0.627696 4247694.701665 0.518886
14:43:58.209448 0.433706 0.338565 0.674340 2379935.855084 0.525063
14:43:58.667954 0.366972 0.342116 0.622354 2857373.551255 0.531240
14:43:59.116595 0.284169 0.334872 0.602998 3718801.676892 0.537417
14:43:59.908001 0.439727 0.347979 0.653928 2440495.657930 0.543595
14:44:00.414260 0.402364 0.354777 0.638624 2687476.906809 0.549772
14:44:00.867370 0.305530 0.348621 0.610754 3592864.019827 0.555949
14:44:01.382055 0.263929 0.338035 0.619326 4190215.781297 0.562126
14:44:02.109594 0.429021 0.349408 0.651363 2615964.453715 0.568303
14:44:02.636996 0.387793 0.354206 0.619057 2915204.279305 0.574481
14:44:03.121105 0.297236 0.347085 0.602694 3858483.266613 0.580658
14:44:03.962870 0.442061 0.358957 0.645639 2612924.771451 0.586835
14:44:04.513232 0.405447 0.364768 0.626270 2889294.980632 0.593012
14:44:05.016397 0.315371 0.358594 0.604117 3740508.364310 0.599189
14:44:05.762343 0.461766 0.371490 0.658805 2590125.709088 0.605367
14:44:06.391336 0.485156 0.385698 0.714851 2482137.400951 0.611544
14:44:06.903404 0.385441 0.385666 0.632788 3166782.450966 0.617721
14:44:07.658289 0.234517 0.366773 0.703263 5239703.259336 0.623898
14:44:08.507201 0.459230 0.378330 0.723155 2711459.398529 0.630076
14:44:09.037811 0.359555 0.375983 0.653377 3485908.912377 0.636253
14:44:09.574349 0.259661 0.361443 0.685810 4890064.481837 0.642430
14:44:10.201887 0.244263 0.346795 0.707250 5231870.347578 0.648607
14:44:10.854523 0.247761 0.334416 0.703791 5224131.085556 0.654784
14:44:11.643609 0.253766 0.324335 0.682016 5132790.415862 0.660962
14:44:12.469619 0.418431 0.336097 0.698454 3152043.261609 0.463291
14:44:12.748586 0.234029 0.323338 0.697174 3955474.679916 0.469468
14:44:13.198301 0.211815 0.309398 0.701298 4408977.061393 0.475645
14:44:13.671093 0.208651 0.296804 0.691476 4554364.877464 0.481822
14:44:14.255783 0.311175 0.298601 0.608975 3080143.544566 0.488000
14:44:15.138027 0.434864 0.315634 0.684678 2241730.520207 0.494177
14:44:15.615449 0.418132 0.328446 0.707727 2351027.529880 0.500354
14:44:16.047025 0.349168 0.331036 0.636219 2862300.731843 0.506531
14:44:16.390280 0.185667 0.312865 0.687122 5427005.305035 0.512708
14:44:16.907051 0.189333 0.297424 0.701648 5408461.310633 0.518886
14:44:17.451866 0.214864 0.287104 0.672832 4803931.441091 0.525063
14:44:18.298017 0.199340 0.276133 0.653193 5260236.015735 0.531240
14:44:18.915889 0.285719 0.277331 0.569712 3698624.949805 0.537417
14:44:19.547406 0.379482 0.290100 0.611536 2827938.908053 0.543595
14:44:20.188830 0.477113 0.313477 0.741567 2266431.601606 0.549772
