10:11:47.623812	750	4	0.575	450283	2	-2.4725
10:11:50.382888	4300	5.252647	0.0	2123065	17	0.75
10:11:54.206140	4300	5.427465	0.0	2177073	13	4.3
10:11:56.761320	2850	6.878989	0.0	1520281	9	1.4000000000000001
10:12:00.730724	4300	6.903683	0.0	2233056	14	2.8499999999999996
10:12:04.100217	4300	7.535826	0.0	1941625	14	4.3
10:12:07.900261	4300	7.736666	0.0	2157535	21	4.3
10:12:11.831429	4300	7.803238	0.0	2290172	18	4.3
10:12:15.369528	4300	8.263901	0.0	2055469	19	4.3
10:12:20.152602	4300	7.482116	0.0	2169201	17	4.3
10:12:25.813883	4300	5.822966	0.0	2173522	53	4.3
10:12:29.658563	2850	5.974709	0.0	1519951	8	1.4000000000000001
10:12:33.742034	2850	5.895153	0.0	1422919	8	2.85
10:12:37.841025	2850	5.793785	0.0	1578343	17	2.85
10:12:42.798614	2850	4.857918	0.0	1231445	18	2.85
10:12:46.915594	1850	4.722653	0.0	923170	5	0.8500000000000001
10:12:49.801294	1200	5.839806	0.0	617242	4	0.5499999999999999
10:12:53.006623	1850	6.631257	0.0	885714	6	1.2000000000000002
10:12:57.681867	1850	5.957085	0.0	987708	7	1.85
10:13:01.592680	1850	6.040006	0.0	923755	7	1.85
10:13:05.065595	1850	6.567963	0.0	891604	5	1.85
10:13:09.580379	1850	6.054005	0.0	955231	5	1.85
10:13:11.968848	1200	7.6646	0.0	656471	5	0.5499999999999999
10:13:15.386936	1850	8.257219	0.0	874175	13	1.2000000000000002
10:13:19.481984	1850	8.157544	0.0	897976	16	1.85
10:13:22.796586	1850	8.843198	0.0	905935	14	1.85
10:13:27.851371	1850	7.783825	0.0	1076599	7	1.85
10:13:31.947966	1850	7.687277	0.0	758197	5	1.85
10:13:36.832252	1850	6.802998	0.0	972798	7	1.85
10:13:41.801152	1850	5.832536	0.0	975811	12	1.85
10:13:44.666534	1200	6.971566	0.0	570392	6	0.5499999999999999
10:13:48.345952	1200	7.289989	0.0	620283	3	1.2
10:13:51.735009	1200	7.897808	0.0	584349	5	1.2
10:13:55.344566	1200	8.291993	0.0	670129	5	1.2
10:13:58.803412	1200	8.831328	0.0	690253	16	1.2
10:14:02.033290	1200	9.60643	0.0	598727	3	1.2
10:14:05.184427	1200	10.457905	0.0	487812	6	1.2
10:14:08.070705	1200	11.564108	0.0	575591	7	1.2
10:14:11.117098	1200	12.523431	0.0	605884	4	1.2
10:14:14.283560	1200	13.352782	0.0	587506	8	1.2
10:14:17.705773	1200	13.927903	0.0	566904	13	1.2
10:14:21.179892	1200	14.469859	0.0	641452	5	1.2
10:14:24.834136	1200	14.809246	0.0	599477	6	1.2
10:14:28.842539	1200	14.792014	0.0	634861	9	1.2
10:14:32.115341	1200	15.526317	0.0	630203	9	1.2
10:14:35.415873	1200	16.228146	0.0	638661	10	1.2
10:14:38.193693	1200	17.442681	0.0	538612	4	1.2
10:14:40.941288	1200	18.695264	0.0	550906	3	1.2
10:14:42.798882	1200	18.521873	0.0	391450	15	1.2

