10:13:31.772806	750	4	4.019	450283	2	-17.2817
10:13:32.915523	300	6.835472	0.0	155580	2	-0.15000000000000002
10:13:34.739523	750	9.012151	0.0	350812	1	0.3
10:13:37.646427	1200	10.115699	0.0	617681	6	0.75
10:13:40.472894	1200	11.278916	0.0	652874	9	1.2
10:13:45.007993	1850	10.744481	0.0	801058	10	1.2000000000000002
10:13:49.704196	1850	10.049095	0.0	905515	5	1.85
10:13:54.120318	1850	9.632436	0.0	1060487	16	1.85
10:13:58.802268	1850	8.978872	0.0	852833	17	1.85
10:14:04.282041	1850	7.469708	0.0	913888	6	1.85
10:14:09.174416	1850	6.577104	0.0	939819	12	1.85
10:14:12.118820	1200	7.644766	0.0	594078	17	0.5499999999999999
10:14:15.427336	1200	8.343149	0.0	624282	6	1.2
10:14:19.229027	1200	8.530578	0.0	687371	8	1.2
10:14:22.119311	1200	9.631571	0.0	526950	6	1.2
10:14:25.300897	1200	10.450661	0.0	587876	7	1.2
10:14:29.069704	1200	10.694989	0.0	617242	3	1.2
10:14:32.389576	1200	11.374787	0.0	581493	4	1.2
10:14:36.104046	1200	11.646779	0.0	639204	3	1.2
10:14:39.315432	1200	12.440345	0.0	586839	3	1.2
10:14:42.251719	1200	13.499007	0.0	601738	29	1.2
10:14:44.664706	1200	15.087182	0.0	616206	6	1.2
10:14:47.369655	1200	16.381761	0.0	656471	11	1.2
10:14:49.858194	1200	17.895558	0.0	536667	3	1.2
10:14:52.318895	1200	19.432056	0.0	587236	4	1.2
10:14:54.971702	1200	20.780899	0.0	590335	3	1.2
10:15:00.443918	2850	19.31052	0.0	1547572	7	1.2000000000000002
10:15:04.625864	2850	19.127578	0.0	1141971	8	2.85
10:15:09.859254	2850	17.89439	0.0	1498470	14	2.85
10:15:15.535099	2850	16.221589	0.0	1561263	14	2.85
10:15:18.919917	2850	16.831465	0.0	1341201	9	2.85
10:15:22.774130	2850	16.978739	0.0	1497683	12	2.85
10:15:26.717010	2850	17.034196	0.0	1358081	12	2.85
10:15:30.593307	2850	17.157563	0.0	1587293	8	2.85
10:15:34.880230	2850	16.870947	0.0	1492672	8	2.85
10:15:37.403417	2850	18.354575	0.0	1439896	12	2.85
10:15:38.424848	2850	21.326727	0.0	1139291	8	2.85
10:15:40.343672	4300	23.408045	0.0	2147467	14	2.8499999999999996
10:15:42.224024	4300	25.527227	0.0	2133870	15	4.3
10:15:44.115208	4300	27.636538	0.0	2146120	15	4.3
10:15:45.974596	4300	29.776666	0.0	2108491	16	4.3
10:15:47.898758	4300	31.852654	0.0	2184571	15	4.3
10:15:49.772475	4300	33.979376	0.0	2121928	17	4.3
10:15:51.730357	4300	36.020899	0.0	2219102	15	4.3
10:15:53.605864	4300	38.145728	0.0	2124950	15	4.3
10:15:55.585539	4300	40.165985	0.0	2246506	17	4.3
10:15:57.314630	4300	42.436727	0.0	1961140	14	4.3
10:15:59.221183	4300	44.531319	0.0	2155012	17	4.3
10:16:00.490392	4300	44.941179	0.0	1433658	11	4.3

