10:12:40.140694	750	4	2.646	450283	2	-11.377799999999999
10:12:41.188839	300	6.915049	0.0	155580	3	-0.15000000000000002
10:12:42.926552	750	9.175375	0.0	350812	13	0.3
10:12:44.856107	750	11.254326	0.0	382355	5	0.75
10:12:47.960204	1200	12.140898	0.0	652874	3	0.75
10:12:50.314031	1200	13.792195	0.0	520315	3	1.2
10:12:52.936606	1200	15.17726	0.0	561791	14	1.2
10:12:57.719195	1850	14.390569	0.0	1060487	12	1.2000000000000002
10:13:01.141774	1850	14.960151	0.0	852833	5	1.85
10:13:04.985607	1850	15.126746	0.0	913888	13	1.85
10:13:09.523978	1850	14.577148	0.0	939819	7	1.85
10:13:12.821580	1850	15.291995	0.0	917428	10	1.85
10:13:17.134158	1850	14.976417	0.0	946851	7	1.85
10:13:21.147760	1850	14.954955	0.0	1036454	10	1.85
10:13:24.655228	1850	15.445707	0.0	821631	5	1.85
10:13:28.816362	1850	15.29158	0.0	923170	13	1.85
10:13:33.873764	1850	14.234908	0.0	966699	5	1.85
10:13:38.082963	1850	14.025751	0.0	885714	12	1.85
10:13:42.421405	1850	13.682267	0.0	987708	7	1.85
10:13:47.587912	1850	12.513731	0.0	923755	8	1.85
10:13:51.500708	1850	12.60038	0.0	891604	8	1.85
10:13:55.845378	1850	12.25937	0.0	955231	7	1.85
10:14:00.567737	1850	11.534397	0.0	968026	6	1.85
10:14:04.268731	1850	11.844838	0.0	874175	12	1.85
10:14:09.193325	1850	10.912835	0.0	897976	18	1.85
10:14:13.513222	1850	10.59314	0.0	905935	5	1.85
10:14:18.877607	1850	9.231238	0.0	1076599	7	1.85
10:14:22.937066	1850	9.164649	0.0	758197	7	1.85
10:14:26.967652	1850	9.136294	0.0	972798	11	1.85
10:14:32.346433	1850	7.759226	0.0	975811	6	1.85
10:14:36.219714	1850	7.881381	0.0	873429	11	1.85
10:14:40.284247	1850	7.828372	0.0	954453	7	1.85
10:14:44.703128	1850	7.398071	0.0	885062	9	1.85
10:14:48.429026	1850	7.676605	0.0	1035329	6	1.85
10:14:52.876584	1850	7.226568	0.0	1026056	9	1.85
10:14:56.561871	1850	7.541578	0.0	943942	9	1.85
10:14:58.900358	1850	9.200693	0.0	728962	3	1.85
10:15:01.915518	1850	10.185619	0.0	938587	8	1.85
10:15:04.624981	1850	11.478813	0.0	908665	9	1.85
10:15:08.085570	1850	12.015992	0.0	930577	7	1.85
10:15:11.169932	1850	12.931472	0.0	858450	3	1.85
10:15:15.082459	1850	13.03067	0.0	1025005	13	1.85
10:15:17.324269	1850	14.778703	0.0	886255	5	1.85
10:15:19.708757	1850	16.392779	0.0	973972	8	1.85
10:15:21.924942	1850	18.177466	0.0	958994	5	1.85
10:15:26.043656	2850	18.058779	0.0	1483527	10	1.85
10:15:29.376822	2850	18.728985	0.0	1231456	13	2.85
10:15:32.650503	2850	19.452169	0.0	1364537	10	2.85
10:15:34.919986	2850	18.861986	0.0	889412	7	2.85

