10:12:18.186186	750	4	1.768	450283	1	-7.602399999999999
10:12:19.869156	1200	6.318003	0.0	611087	4	0.75
10:12:22.949526	2850	7.240283	0.0	1300868	9	1.2000000000000002
10:12:27.241837	2850	6.946548	0.0	1520281	22	2.85
10:12:30.973283	2850	7.213007	0.0	1472558	7	2.85
10:12:34.089262	2850	8.099093	0.0	1224260	17	2.85
10:12:37.488642	2850	8.700042	0.0	1388403	16	2.85
10:12:42.799613	2850	7.40453	0.0	1638769	27	2.85
10:12:49.491598	2850	4.697001	0.0	1348011	9	2.85
10:12:52.057410	1200	6.12963	0.0	560821	10	-0.44999999999999996
10:12:56.449601	1850	5.745246	0.0	939819	5	1.2000000000000002
10:12:58.964348	1200	7.249576	0.0	594078	3	0.5499999999999999
10:13:02.996330	1850	7.197361	0.0	946851	8	1.2000000000000002
10:13:06.816324	1850	7.378044	0.0	1036454	10	1.85
10:13:10.268749	1850	7.928579	0.0	821631	13	1.85
10:13:15.166315	1850	7.026361	0.0	923170	12	1.85
10:13:19.539356	1850	6.659919	0.0	966699	16	1.85
10:13:23.544351	1850	6.64401	0.0	885714	7	1.85
10:13:27.447712	1850	6.746348	0.0	987708	12	1.85
10:13:31.308509	1850	6.879841	0.0	923755	11	1.85
10:13:35.150065	1850	7.040852	0.0	891604	18	1.85
10:13:40.845713	1850	5.348074	0.0	955231	15	1.85
10:13:44.772360	1200	5.419357	0.0	656471	10	0.5499999999999999
10:13:47.637714	1200	6.554269	0.0	536667	5	1.2
10:13:50.561872	1200	7.62582	0.0	587236	3	1.2
10:13:53.619250	1200	8.594424	0.0	590335	13	1.2
10:13:56.667596	1200	9.52063	0.0	696376	5	1.2
10:13:58.885597	1200	11.30196	0.0	487160	6	1.2
10:14:01.886761	1200	12.299914	0.0	622896	4	1.2
10:14:06.604322	1850	11.58445	0.0	975811	4	1.2000000000000002
10:14:11.582529	1850	10.613178	0.0	873429	6	1.85
10:14:17.171080	1850	9.0184	0.0	954453	6	1.85
10:14:21.812067	1850	8.380141	0.0	885062	9	1.85
10:14:26.794159	1850	7.396826	0.0	1035329	12	1.85
10:14:31.667362	1850	6.528921	0.0	1026056	5	1.85
10:14:36.129986	1850	6.065279	0.0	943942	10	1.85
10:14:40.802227	1850	5.396862	0.0	728962	11	1.85
10:14:43.953083	1200	6.233912	0.0	575591	5	0.5499999999999999
10:14:46.857124	1200	7.33134	0.0	605884	3	1.2
10:14:49.526750	1200	8.664266	0.0	587506	5	1.2
10:14:51.797382	1200	10.38994	0.0	566904	5	1.2
10:14:54.018153	1200	12.16832	0.0	641452	5	1.2
10:14:57.255011	1850	12.931626	0.0	886255	6	1.2000000000000002
10:15:00.785835	1850	13.400637	0.0	973972	7	1.85
10:15:04.283217	1850	13.906996	0.0	958994	5	1.85
10:15:07.570928	1850	14.615927	0.0	982064	14	1.85
10:15:10.400321	1850	15.785977	0.0	830730	5	1.85
10:15:13.296289	1850	16.890687	0.0	846370	5	1.85
10:15:15.381081	1850	16.489682	0.0	598850	4	1.85

