10:12:40.447223	750	4	2.769	450283	2	-11.906699999999999
10:12:42.490658	750	5.971747	0.0	398865	1	0.75
10:12:44.938919	1200	7.522818	0.0	571051	2	0.75
10:12:47.037463	1200	9.424177	0.0	617681	3	1.2
10:12:51.301411	1850	9.186805	0.0	996749	18	1.2000000000000002
10:12:55.001805	1850	9.467381	0.0	801058	5	1.85
10:12:58.174226	1850	10.28899	0.0	905515	10	1.85
10:13:03.438901	1850	9.024956	0.0	1060487	10	1.85
10:13:06.689595	1850	9.772365	0.0	852833	22	1.85
10:13:10.436536	1850	10.028659	0.0	913888	4	1.85
10:13:15.006442	1850	9.454995	0.0	939819	6	1.85
10:13:18.119585	1850	10.348187	0.0	917428	4	1.85
10:13:22.751983	1850	9.711583	0.0	946851	6	1.85
10:13:26.633149	1850	9.831241	0.0	1036454	6	1.85
10:13:30.352612	1850	10.110884	0.0	821631	5	1.85
10:13:36.667713	1850	7.794906	0.0	923170	8	1.85
10:13:42.125220	1850	6.337856	0.0	966699	16	1.85
10:13:44.757504	1200	7.711661	0.0	581493	4	0.5499999999999999
10:13:47.404160	1200	9.058107	0.0	639204	11	1.2
10:13:53.637330	1850	6.824257	0.0	923755	8	1.2000000000000002
10:13:57.617774	1200	6.852452	0.0	601738	12	0.5499999999999999
10:14:00.964559	1200	7.50292	0.0	616206	9	1.2
10:14:04.106230	1200	8.355434	0.0	656471	12	1.2
10:14:06.515216	1200	9.951132	0.0	536667	3	1.2
10:14:11.213985	1850	9.255222	0.0	897976	5	1.2000000000000002
10:14:15.813499	1850	8.670086	0.0	905935	9	1.85
10:14:20.999288	1850	7.462247	0.0	1076599	6	1.85
10:14:24.950061	1850	7.512122	0.0	758197	4	1.85
10:14:29.178089	1850	7.286211	0.0	972798	6	1.85
10:14:34.431807	1850	6.031045	0.0	975811	6	1.85
10:14:37.821937	1200	6.640898	0.0	570392	8	0.5499999999999999
10:14:41.012806	1200	7.454293	0.0	620283	4	1.2
10:14:43.839118	1200	8.622507	0.0	584349	2	1.2
10:14:46.714533	1200	9.750351	0.0	670129	4	1.2
10:14:49.806109	1200	10.656326	0.0	690253	11	1.2
10:14:52.185729	1200	12.275819	0.0	598727	6	1.2
10:14:55.595637	1850	12.867405	0.0	728962	8	1.2000000000000002
10:14:58.976687	1850	13.484931	0.0	938587	6	1.85
10:15:02.252214	1850	14.209068	0.0	908665	4	1.85
10:15:05.459076	1850	15.003987	0.0	930577	10	1.85
10:15:08.341336	1850	16.122239	0.0	858450	7	1.85
10:15:11.631631	1850	16.830949	0.0	1025005	6	1.85
10:15:14.507489	1850	17.95602	0.0	886255	5	1.85
10:15:17.295395	1850	19.1667	0.0	973972	5	1.85
10:15:19.967740	1850	20.493596	0.0	958994	9	1.85
10:15:24.061952	2850	20.400309	0.0	1483527	7	1.85
10:15:29.380957	4300	19.080579	0.0	1961140	14	2.8499999999999996
10:15:34.849651	4300	17.611666	0.0	2155012	23	4.3
10:15:37.381999	4300	16.759605	0.0	1433658	10	4.3

