10:11:48.070587	750	4	1.05	450283	3	-4.515
10:11:50.678469	1850	5.402163	0.0	957685	5	0.75
10:11:52.166357	1850	7.915733	0.0	877771	7	1.85
10:11:55.943146	4300	8.137316	0.0	2160877	15	1.8499999999999996
10:11:59.714106	4300	8.371263	0.0	2233056	12	4.3
10:12:03.113992	4300	8.967346	0.0	1941625	19	4.3
10:12:06.820111	4300	9.267432	0.0	2157535	18	4.3
10:12:10.703007	4300	9.377481	0.0	2290172	17	4.3
10:12:14.371427	4300	9.709442	0.0	2055469	14	4.3
10:12:18.584389	4300	9.496138	0.0	2169201	20	4.3
10:12:24.336837	4300	7.752984	0.0	2173522	17	4.3
10:12:29.982330	4300	6.10148	0.0	2102452	17	4.3
10:12:33.432872	2850	6.649319	0.0	1422919	15	1.4000000000000001
10:12:37.780136	2850	6.303944	0.0	1578343	12	2.85
10:12:42.838389	2850	5.244131	0.0	1231445	18	2.85
10:12:46.600133	1850	5.486556	0.0	923170	5	0.8500000000000001
10:12:50.153556	1850	5.92836	0.0	966699	6	1.85
10:12:53.655477	1850	6.429025	0.0	885714	7	1.85
10:12:57.938108	1850	6.143199	0.0	987708	5	1.85
10:13:02.597906	1850	5.486194	0.0	923755	5	1.85
10:13:05.635875	1200	6.445719	0.0	601738	4	0.5499999999999999
10:13:08.897214	1200	7.199345	0.0	616206	4	1.2
10:13:11.804208	1200	8.279291	0.0	656471	5	1.2
10:13:14.155515	1200	9.924723	0.0	536667	4	1.2
10:13:18.004934	1850	10.084415	0.0	897976	19	1.2000000000000002
10:13:22.824699	1850	9.256234	0.0	905935	9	1.85
10:13:27.668179	1850	8.421934	0.0	1076599	12	1.85
10:13:31.288518	1850	8.793988	0.0	758197	5	1.85
10:13:35.795827	1850	8.287459	0.0	972798	8	1.85
10:13:40.809954	1850	7.292643	0.0	975811	5	1.85
10:13:45.299973	1850	6.810331	0.0	873429	20	1.85
10:13:50.229755	1850	5.856023	0.0	954453	5	1.85
10:13:54.177457	1200	5.905025	0.0	584349	3	0.5499999999999999
10:13:57.720038	1200	6.370121	0.0	670129	3	1.2
10:14:01.676831	1200	6.405516	0.0	690253	5	1.2
10:14:05.173547	1200	6.920498	0.0	598727	4	1.2
10:14:07.669504	1200	8.411565	0.0	487812	8	1.2
10:14:10.328443	1200	9.760318	0.0	575591	3	1.2
10:14:13.378006	1200	10.707218	0.0	605884	5	1.2
10:14:16.834319	1200	11.254797	0.0	587506	8	1.2
10:14:19.200351	1200	12.880211	0.0	566904	8	1.2
10:14:24.286342	1850	11.800531	0.0	1025005	6	1.2000000000000002
10:14:29.418311	1850	10.66252	0.0	886255	8	1.85
10:14:34.584342	1850	9.506996	0.0	973972	6	1.85
10:14:39.255842	1850	8.827259	0.0	958994	10	1.85
10:14:44.327746	1850	7.754408	0.0	982064	4	1.85
10:14:48.281384	1850	7.807239	0.0	830730	5	1.85
10:14:52.374071	1850	7.706976	0.0	846370	4	1.85
10:14:55.038792	1850	6.725802	0.0	598850	10	1.85

