11:04:09.605715	750	4	0.797	450283	778	-3.4271
11:04:10.345167	750	7.284193	0.0	398865	686	0.75
11:04:11.382419	1200	10.249146	0.0	571051	987	0.75
11:04:12.496365	1200	13.137281	0.0	617681	1074	1.2
11:04:13.670724	1200	15.960058	0.0	652874	1137	1.2
11:04:15.112021	1850	18.520306	0.0	801058	1330	1.2000000000000002
11:04:16.720631	1850	20.907018	0.0	905515	1575	1.85
11:04:18.604327	1850	23.040238	0.0	1060487	1836	1.85
11:04:20.127010	1850	25.530916	0.0	852833	1464	1.85
11:04:22.674632	2850	26.953971	0.0	1429765	2493	1.85
11:04:25.066631	2850	28.56026	0.0	1354548	2356	2.85
11:04:27.748409	2850	29.890655	0.0	1519951	2638	2.85
11:04:30.263393	2850	31.392505	0.0	1422919	2455	2.85
11:04:33.048562	2850	32.606944	0.0	1578343	2726	2.85
11:04:35.229839	2850	34.426476	0.0	1231445	2122	2.85
11:04:37.835606	2850	35.820114	0.0	1471065	2552	2.85
11:04:41.624888	2850	36.054726	0.0	1491626	3691	2.85
11:04:45.204546	2850	36.480123	0.0	1358801	3463	2.85
11:04:49.298196	2850	36.38267	0.0	1537156	3944	2.85
11:04:52.940114	2850	36.723052	0.0	1336050	3456	2.85
11:04:55.329128	1850	38.336979	0.0	891604	2302	0.8500000000000001
11:04:58.230032	1850	39.488398	0.0	955231	2771	1.85
11:05:02.476058	1850	39.246161	0.0	968026	4076	1.85
11:05:06.338329	1850	39.379012	0.0	874175	3694	1.85
11:05:10.359410	1850	39.351945	0.0	897976	3861	1.85
11:05:13.009774	1200	40.717372	0.0	590335	2479	0.5499999999999999
11:05:16.135679	1200	41.582469	0.0	696376	2958	1.2
11:05:18.366897	1200	43.349035	0.0	487160	2073	1.2
11:05:21.154810	1200	44.546373	0.0	622896	2651	1.2
11:05:24.040454	1200	45.673012	0.0	641447	2733	1.2
11:05:26.614336	1200	47.110212	0.0	570392	2396	1.2
11:05:29.396044	1200	48.322446	0.0	620283	2613	1.2
11:05:32.017764	1200	49.685646	0.0	584349	2471	1.2
11:05:35.036816	1200	50.659949	0.0	670129	2861	1.2
11:05:38.125697	1200	51.592785	0.0	690253	2922	1.2
11:05:40.837351	1200	52.879876	0.0	598727	2536	1.2
11:05:43.047758	1200	54.674951	0.0	487812	2035	1.2
11:05:45.648063	1200	56.072462	0.0	575591	2421	1.2
11:05:48.633797	1200	57.060079	0.0	605884	2818	1.2
11:05:51.807967	1200	57.912897	0.0	587506	2988	1.2
11:05:54.886125	1200	58.86061	0.0	566904	2865	1.2
11:05:58.350137	1200	59.372533	0.0	641452	3286	1.2
11:06:02.112237	1200	59.74858	0.0	599477	3048	1.2
11:06:06.039861	1200	59.749709	0.0	634861	3210	1.2
11:06:10.450674	1200	59.499733	0.0	630203	3196	1.2
11:06:13.916284	1200	59.812609	0.0	638661	3259	1.2
11:06:17.811386	1200	59.999433	0.0	538612	2688	1.2
11:06:22.188054	1200	59.749707	0.0	550906	2699	1.2
11:06:24.347216	1200	59.077125	0.0	391450	1951	1.2

