11:04:40.090232	750	4	1.204	450283	1165	-5.1772
11:04:41.227162	750	6.936519	0.0	398865	1029	0.75
11:04:42.819799	1200	9.346091	0.0	571051	1452	0.75
11:04:44.537569	1200	11.62852	0.0	617681	1604	1.2
11:04:46.274059	1200	13.894289	0.0	652874	1625	1.2
11:04:48.491109	1850	15.669768	0.0	801058	2082	1.2000000000000002
11:04:50.762576	1850	17.401854	0.0	905515	2161	1.85
11:04:53.588165	1850	18.578312	0.0	1060487	2706	1.85
11:04:55.872893	1850	20.292461	0.0	852833	2170	1.85
11:04:58.994269	1850	21.222873	0.0	913888	2956	1.85
11:05:03.094048	1850	21.125353	0.0	939819	3901	1.85
11:05:07.144418	1850	21.071615	0.0	917428	3859	1.85
11:05:11.309541	1850	20.907066	0.0	946851	3973	1.85
11:05:14.365429	1200	21.85094	0.0	687371	2860	0.5499999999999999
11:05:16.757716	1200	23.457103	0.0	526950	2203	1.2
11:05:19.426056	1200	24.78898	0.0	587876	2481	1.2
11:05:22.194321	1200	26.024039	0.0	617242	2577	1.2
11:05:24.807627	1200	27.416487	0.0	581493	2415	1.2
11:05:27.658506	1200	28.541832	0.0	639204	2680	1.2
11:05:30.316632	1200	29.897758	0.0	586839	2485	1.2
11:05:33.033973	1200	31.184984	0.0	601738	2537	1.2
11:05:35.792498	1200	32.431075	0.0	616206	2571	1.2
11:05:38.688743	1200	33.504387	0.0	656471	2730	1.2
11:05:41.150647	1200	35.06732	0.0	536667	2259	1.2
11:05:43.808556	1200	36.407204	0.0	587236	2464	1.2
11:05:46.505571	1200	37.709803	0.0	590335	2507	1.2
11:05:50.093763	1200	38.13538	0.0	696376	3374	1.2
11:05:52.766195	1200	39.476016	0.0	487160	2437	1.2
11:05:56.118875	1200	40.124624	0.0	622896	3118	1.2
11:05:59.582844	1200	40.661377	0.0	641447	3227	1.2
11:06:02.414586	1200	41.827818	0.0	570392	2599	1.2
11:06:05.662088	1200	42.532812	0.0	620283	3060	1.2
11:06:08.667305	1200	43.57503	0.0	584349	2802	1.2
11:06:11.728730	1200	44.490675	0.0	670129	2849	1.2
11:06:15.410343	1200	44.792246	0.0	690253	3482	1.2
11:06:18.077796	1200	46.145707	0.0	598727	2444	1.2
11:06:20.747171	1200	47.461494	0.0	487812	2485	1.2
11:06:23.286612	1200	48.957414	0.0	575591	2335	1.2
11:06:25.819646	1200	50.377235	0.0	605884	2344	1.2
11:06:27.937057	1200	52.254545	0.0	587506	1968	1.2
11:06:29.981072	1200	54.207124	0.0	566904	1896	1.2
11:06:32.296896	1200	55.895235	0.0	641452	2162	1.2
11:06:34.459922	1200	57.73192	0.0	599477	2009	1.2
11:06:36.748010	1200	59.44358	0.0	634861	2132	1.2
11:06:40.619139	1850	59.749732	0.0	958994	3210	1.2000000000000002
11:06:44.630768	1850	59.711146	0.0	982064	3358	1.85
11:06:48.612788	1850	59.749778	0.0	830730	2831	1.85
11:06:52.643936	1850	59.749751	0.0	846370	2877	1.85
11:06:54.826486	1850	59.045516	0.0	598850	2029	1.85

