11:04:09.600224	750	4	0.797	450283	778	-3.4271
11:04:10.334669	750	7.291173	0.0	398865	698	0.75
11:04:11.383017	1200	10.234837	0.0	571051	996	0.75
11:04:12.497046	1200	13.120746	0.0	617681	1068	1.2
11:04:13.671277	1200	15.945476	0.0	652874	1125	1.2
11:04:15.110858	1850	18.508285	0.0	801058	1399	1.2000000000000002
11:04:16.744692	1850	20.889121	0.0	905515	1573	1.85
11:04:18.645064	1850	22.996619	0.0	1060487	1828	1.85
11:04:20.138578	1850	25.473803	0.0	852833	1453	1.85
11:04:22.673917	2850	26.940466	0.0	1429765	2485	1.85
11:04:25.089246	2850	28.541607	0.0	1354548	2352	2.85
11:04:27.788967	2850	29.853751	0.0	1519951	2628	2.85
11:04:30.310447	2850	31.333669	0.0	1422919	2447	2.85
11:04:33.097977	2850	32.545079	0.0	1578343	2712	2.85
11:04:35.287928	2850	34.366815	0.0	1231445	2107	2.85
11:04:37.905866	2850	35.740148	0.0	1471065	2540	2.85
11:04:41.754077	2850	35.912329	0.0	1491626	3725	2.85
11:04:45.325136	2850	36.340362	0.0	1358801	3460	2.85
11:04:49.349310	2850	36.303916	0.0	1537156	3921	2.85
11:04:52.944486	2850	36.704487	0.0	1336050	3455	2.85
11:04:55.344122	1850	38.310193	0.0	891604	2295	0.8500000000000001
11:04:58.265025	1850	39.431139	0.0	955231	2775	1.85
11:05:02.499119	1850	39.198766	0.0	968026	4055	1.85
11:05:06.351507	1850	39.343249	0.0	874175	3679	1.85
11:05:10.367671	1850	39.325991	0.0	897976	3843	1.85
11:05:13.026902	1200	40.686891	0.0	590335	2477	0.5499999999999999
11:05:16.142957	1200	41.560304	0.0	696376	2939	1.2
11:05:18.383695	1200	43.319851	0.0	487160	2070	1.2
11:05:21.159174	1200	44.527493	0.0	622896	2627	1.2
11:05:24.053340	1200	45.647168	0.0	641447	2735	1.2
11:05:26.630275	1200	47.087088	0.0	570392	2388	1.2
11:05:29.404087	1200	48.29833	0.0	620283	2597	1.2
11:05:32.036663	1200	49.657194	0.0	584349	2465	1.2
11:05:35.037411	1200	50.644945	0.0	670129	2845	1.2
11:05:38.117377	1200	51.588846	0.0	690253	2920	1.2
11:05:40.824247	1200	52.876642	0.0	598727	2544	1.2
11:05:43.039700	1200	54.672095	0.0	487812	2043	1.2
11:05:45.644980	1200	56.062324	0.0	575591	2437	1.2
11:05:48.621461	1200	57.062395	0.0	605884	2810	1.2
11:05:51.808444	1200	57.906723	0.0	587506	3001	1.2
11:05:54.900059	1200	58.8222	0.0	566904	2871	1.2
11:05:58.350633	1200	59.357593	0.0	641452	3266	1.2
11:06:02.108916	1200	59.749679	0.0	599477	3056	1.2
11:06:06.017896	1200	59.749524	0.0	634861	3205	1.2
11:06:10.437966	1200	59.499718	0.0	630203	3211	1.2
11:06:13.906185	1200	59.808665	0.0	638661	3277	1.2
11:06:18.326553	1200	59.49974	0.0	538612	2706	1.2
11:06:22.174939	1200	59.749728	0.0	550906	2651	1.2
11:06:24.334948	1200	59.075938	0.0	391450	1961	1.2

