11:05:51.337759	750	4	2.368	450283	2282	-10.1824
11:05:53.515181	750	5.816877	0.0	398865	1949	0.75
11:05:56.704317	1200	6.63734	0.0	571051	2889	0.75
11:06:00.023146	1200	7.315084	0.0	617681	3087	1.2
11:06:03.302583	1200	8.034896	0.0	652874	3039	1.2
11:06:05.892354	1200	9.382149	0.0	520315	2416	1.2
11:06:08.930772	1200	10.386222	0.0	561791	2840	1.2
11:06:12.230305	1200	11.105661	0.0	709534	3072	1.2
11:06:15.394340	1200	11.904032	0.0	584846	2958	1.2
11:06:17.925898	1200	13.385747	0.0	560821	2329	1.2
11:06:21.061276	1200	14.248284	0.0	607410	2947	1.2
11:06:23.762082	1200	15.553396	0.0	594078	2514	1.2
11:06:26.206224	1200	17.077206	0.0	624282	2256	1.2
11:06:28.674364	1200	18.609733	0.0	687371	2315	1.2
11:06:30.591314	1200	20.692251	0.0	526950	1769	1.2
11:06:32.702238	1200	22.561226	0.0	587876	1983	1.2
11:06:34.952376	1200	24.33071	0.0	617242	2097	1.2
11:06:37.048995	1200	26.235337	0.0	581493	1942	1.2
11:06:40.452520	1850	26.80713	0.0	987708	3234	1.2000000000000002
11:06:43.717401	1850	27.56552	0.0	923755	3127	1.85
11:06:46.726885	1850	28.557425	0.0	891604	2853	1.85
11:06:49.795014	1850	29.489425	0.0	955231	2912	1.85
11:06:52.899553	1850	30.382899	0.0	968026	2956	1.85
11:06:55.716728	1850	31.538974	0.0	874175	2684	1.85
11:06:58.138205	1850	33.119193	0.0	897976	2307	1.85
11:07:00.550572	1850	34.706533	0.0	905935	2301	1.85
11:07:03.430792	1850	35.824503	0.0	1076599	2765	1.85
11:07:05.234088	1850	38.006061	0.0	758197	1709	1.85
11:07:07.034707	1850	40.195051	0.0	972798	1730	1.85
11:07:08.270432	1850	42.932245	0.0	975811	1188	1.85
11:07:09.212768	1850	46.017663	0.0	873429	895	1.85
11:07:10.985213	1850	48.242522	0.0	954453	1706	1.85
11:07:12.200500	1850	51.000177	0.0	885062	1173	1.85
11:07:14.367927	2850	52.866686	0.0	1587293	2104	1.85
11:07:16.032423	2850	55.168543	0.0	1492672	1622	2.85
11:07:17.308561	2850	57.89335	0.0	1439896	1253	2.85
11:07:19.822454	2850	59.576229	0.0	1139291	990	2.85
11:07:23.653216	2850	59.576158	0.0	1499009	1305	2.85
11:07:27.551802	4300	59.826209	0.0	2133870	1853	2.8499999999999996
11:07:31.448231	4300	59.826182	0.0	2146120	1867	4.3
11:07:35.811095	4300	59.576169	0.0	2108491	1836	4.3
11:07:39.742777	4300	59.576202	0.0	2184571	1909	4.3
11:07:43.620190	4300	59.826207	0.0	2121928	1848	4.3
11:07:47.581005	4300	59.826209	0.0	2219102	1931	4.3
11:07:51.459974	4300	59.826251	0.0	2124950	1850	4.3
11:07:55.444737	4300	59.826234	0.0	2246506	1955	4.3
11:07:59.680387	4300	59.576185	0.0	1961140	1698	4.3
11:08:03.583767	4300	59.826176	0.0	2155012	1881	4.3
11:08:05.356455	4300	59.756246	0.0	1433658	1248	4.3

