11:05:01.551738	750	4	1.978	450283	1916	-8.5054
11:05:03.342858	750	6.349414	0.0	398865	1599	0.75
11:05:06.051640	1200	7.644315	0.0	571051	2461	0.75
11:05:08.837745	1200	8.858508	0.0	617681	2595	1.2
11:05:11.768122	1200	9.927397	0.0	652874	2739	1.2
11:05:14.130645	1200	11.562992	0.0	520315	2170	1.2
11:05:16.661877	1200	13.022553	0.0	561791	2355	1.2
11:05:19.814044	1200	13.881855	0.0	709534	2967	1.2
11:05:22.435681	1200	15.261067	0.0	584846	2425	1.2
11:05:24.957837	1200	16.74481	0.0	560821	2319	1.2
11:05:27.681845	1200	17.991243	0.0	607410	2552	1.2
11:05:30.369116	1200	19.310826	0.0	594078	2504	1.2
11:05:33.185235	1200	20.513966	0.0	624282	2614	1.2
11:05:36.260519	1200	21.435968	0.0	687371	2875	1.2
11:05:38.662114	1200	23.02121	0.0	526950	2221	1.2
11:05:41.301120	1200	24.398761	0.0	587876	2455	1.2
11:05:44.072203	1200	25.621005	0.0	617242	2582	1.2
11:05:46.726014	1200	26.967916	0.0	581493	2461	1.2
11:05:50.078126	1200	27.624896	0.0	639204	3151	1.2
11:05:53.239927	1200	28.481328	0.0	586839	2941	1.2
11:05:56.493858	1200	29.224763	0.0	601738	3027	1.2
11:05:59.808175	1200	29.916952	0.0	616206	3082	1.2
11:06:03.076898	1200	30.645075	0.0	656471	3035	1.2
11:06:05.821719	1200	31.845903	0.0	536667	2571	1.2
11:06:08.948874	1200	32.749765	0.0	587236	2950	1.2
11:06:11.675467	1200	34.045027	0.0	590335	2491	1.2
11:06:15.378705	1200	34.317038	0.0	696376	3510	1.2
11:06:17.643646	1200	36.024092	0.0	487160	2106	1.2
11:06:20.797043	1200	36.87815	0.0	622896	2995	1.2
11:06:23.704742	1200	38.007791	0.0	641447	2691	1.2
11:06:25.965234	1200	39.704187	0.0	570392	2092	1.2
11:06:28.183164	1200	41.484861	0.0	620283	2066	1.2
11:06:30.304428	1200	43.367538	0.0	584349	1962	1.2
11:06:32.690457	1200	44.964335	0.0	670129	2243	1.2
11:06:35.159045	1200	46.507532	0.0	690253	2323	1.2
11:06:37.309984	1200	48.356705	0.0	598727	1999	1.2
11:06:39.999871	1850	49.667586	0.0	728962	2499	1.2000000000000002
11:06:43.170371	1850	50.499724	0.0	938587	3020	1.85
11:06:46.226655	1850	51.441193	0.0	908665	2902	1.85
11:06:49.200693	1850	52.467056	0.0	930577	2821	1.85
11:06:52.106097	1850	53.537905	0.0	858450	2779	1.85
11:06:55.392242	1850	54.249741	0.0	1025005	3175	1.85
11:06:57.759365	1850	55.883561	0.0	886255	2253	1.85
11:07:00.362754	1850	57.280635	0.0	973972	2487	1.85
11:07:02.926319	1850	58.716844	0.0	958994	2450	1.85
11:07:06.277090	1850	59.499701	0.0	982064	2240	1.85
11:07:10.316857	1850	59.499721	0.0	830730	1424	1.85
11:07:13.895707	1850	59.749736	0.0	846370	1468	1.85
11:07:15.564755	1850	59.929718	0.0	598850	1080	1.85

