11:05:00.246528	750	4	1.902	450283	1858	-8.1786
11:05:02.128385	750	6.25619	0.0	398865	1690	0.75
11:05:04.746856	1200	7.635435	0.0	571051	2371	0.75
11:05:07.511154	1200	8.871977	0.0	617681	2574	1.2
11:05:10.470696	1200	9.906868	0.0	652874	2770	1.2
11:05:12.865504	1200	11.517598	0.0	520315	2199	1.2
11:05:15.386901	1200	12.999369	0.0	561791	2348	1.2
11:05:18.533469	1200	13.866305	0.0	709534	2936	1.2
11:05:21.169237	1200	15.17242	0.0	584846	2477	1.2
11:05:23.755038	1200	16.627494	0.0	560821	2380	1.2
11:05:26.496067	1200	17.889191	0.0	607410	2543	1.2
11:05:29.158338	1200	19.223495	0.0	594078	2480	1.2
11:05:31.975376	1200	20.401026	0.0	624282	2626	1.2
11:05:35.036283	1200	21.312665	0.0	687371	2928	1.2
11:05:37.474585	1200	22.9064	0.0	526950	2246	1.2
11:05:40.125887	1200	24.254613	0.0	587876	2462	1.2
11:05:42.893117	1200	25.490718	0.0	617242	2571	1.2
11:05:45.509461	1200	26.871669	0.0	581493	2437	1.2
11:05:48.615679	1200	27.740962	0.0	639204	2939	1.2
11:05:51.792709	1200	28.585884	0.0	586839	3006	1.2
11:05:55.037733	1200	29.370414	0.0	601738	3035	1.2
11:05:58.356440	1200	30.012339	0.0	616206	3122	1.2
11:06:01.782891	1200	30.573738	0.0	656471	3241	1.2
11:06:04.612009	1200	31.80078	0.0	536667	2621	1.2
11:06:07.492618	1200	32.912582	0.0	587236	2652	1.2
11:06:10.266871	1200	34.093644	0.0	590335	2587	1.2
11:06:13.924783	1200	34.445243	0.0	696376	3493	1.2
11:06:16.648623	1200	35.762643	0.0	487160	2479	1.2
11:06:19.380651	1200	37.024049	0.0	622896	2513	1.2
11:06:22.255345	1200	38.126708	0.0	641447	2666	1.2
11:06:25.015415	1200	39.342584	0.0	570392	2569	1.2
11:06:27.246720	1200	41.112884	0.0	620283	2079	1.2
11:06:29.354192	1200	43.004305	0.0	584349	1955	1.2
11:06:31.772477	1200	44.586837	0.0	670129	2260	1.2
11:06:34.247561	1200	46.108093	0.0	690253	2324	1.2
11:06:36.418710	1200	47.940001	0.0	598727	2023	1.2
11:06:38.183754	1200	50.175995	0.0	487812	1607	1.2
11:06:41.392040	1850	50.966728	0.0	938587	3012	1.2000000000000002
11:06:44.498937	1850	51.832705	0.0	908665	2980	1.85
11:06:47.732665	1850	52.598411	0.0	930577	3119	1.85
11:06:50.548114	1850	53.807941	0.0	858450	2680	1.85
11:06:53.842608	1850	54.513866	0.0	1025005	3143	1.85
11:06:56.440431	1850	55.893045	0.0	886255	2466	1.85
11:06:59.046879	1850	57.285694	0.0	973972	2491	1.85
11:07:01.608919	1850	58.724886	0.0	958994	2446	1.85
11:07:04.724764	1850	59.749787	0.0	982064	2502	1.85
11:07:08.912526	1850	59.499703	0.0	830730	1599	1.85
11:07:12.978282	1850	59.49979	0.0	846370	1491	1.85
11:07:14.197241	1850	59.813566	0.0	598850	1124	1.85

