17:55:52.058330	750	4	0.828	450283	5	-3.5603999999999996
17:55:54.499928	2850	5.56731	0.0	1431809	17	0.75
17:55:58.343197	4300	5.727061	0.0	2177073	19	2.8499999999999996
17:56:02.119057	4300	5.948134	0.0	2160877	13	4.3
17:56:06.052182	4300	6.014851	0.0	2233056	12	4.3
17:56:09.723684	4300	6.352903	0.0	1941625	12	4.3
17:56:13.259952	4300	6.807566	0.0	2157535	15	4.3
17:56:17.272987	4300	6.796258	0.0	2290172	12	4.3
17:56:20.689228	4300	7.380289	0.0	2055469	36	4.3
17:56:26.349353	4300	5.719443	0.0	2169201	11	4.3
17:56:29.727098	2850	6.342305	0.0	1354548	14	1.4000000000000001
17:56:33.729924	2850	6.343429	0.0	1519951	35	2.85
17:56:37.685309	2850	6.383148	0.0	1422919	13	2.85
17:56:41.992463	2850	6.094788	0.0	1578343	24	2.85
17:56:46.987874	2850	5.082576	0.0	1231445	11	2.85
17:56:50.831366	1850	5.241377	0.0	923170	6	0.8500000000000001
17:56:53.607543	1200	6.464815	0.0	617242	4	0.5499999999999999
17:56:57.059142	1850	7.014932	0.0	885714	11	1.2000000000000002
17:57:01.107676	1850	6.961442	0.0	987708	6	1.85
17:57:04.439151	1850	7.646972	0.0	923755	8	1.85
17:57:08.784184	1850	7.284791	0.0	891604	9	1.85
17:57:12.382318	1850	7.685931	0.0	955231	7	1.85
17:57:16.564506	1850	7.50419	0.0	968026	8	1.85
17:57:19.876672	1850	8.192097	0.0	874175	16	1.85
17:57:23.713488	1850	8.355474	0.0	897976	5	1.85
17:57:28.077676	1850	8.004733	0.0	905935	15	1.85
17:57:33.370785	1850	6.699185	0.0	1076599	24	1.85
17:57:36.963800	1850	7.112077	0.0	758197	3	1.85
17:57:41.667079	1850	6.403092	0.0	972798	21	1.85
17:57:46.491161	1850	5.581516	0.0	975811	18	1.85
17:57:49.583457	1200	6.489721	0.0	570392	4	0.5499999999999999
17:57:52.807382	1200	7.265487	0.0	620283	4	1.2
17:57:56.239333	1200	7.83531	0.0	584349	4	1.2
17:57:59.801619	1200	8.268341	0.0	670129	7	1.2
17:58:03.285465	1200	8.78672	0.0	690253	9	1.2
17:58:06.285684	1200	9.79483	0.0	598727	6	1.2
17:58:08.830824	1200	11.238355	0.0	487812	8	1.2
17:58:11.879608	1200	12.188223	0.0	575591	4	1.2
17:58:15.147668	1200	12.921282	0.0	605884	4	1.2
17:58:18.596571	1200	13.478714	0.0	587506	4	1.2
17:58:21.260616	1200	14.821953	0.0	566904	5	1.2
17:58:24.663121	1200	15.404078	0.0	641452	5	1.2
17:58:29.344275	1850	14.724954	0.0	886255	16	1.2000000000000002
17:58:34.330211	1850	13.740176	0.0	973972	9	1.85
17:58:39.359668	1850	12.713004	0.0	958994	34	1.85
17:58:44.618913	1850	11.454931	0.0	982064	7	1.85
17:58:48.786125	1850	11.287067	0.0	830730	9	1.85
17:58:53.742643	1850	10.351537	0.0	846370	21	1.85
17:58:57.246771	1850	8.502147	0.0	598850	1	1.85

