17:57:35.705004	750	4	3.676	450283	12	-15.806799999999999
17:57:37.915063	750	5.75019	0.0	398865	3	0.75
17:57:41.314663	1200	6.351318	0.0	571051	10	0.75
17:57:44.577996	1200	7.088134	0.0	617681	5	1.2
17:57:47.954012	1200	7.7146	0.0	652874	5	1.2
17:57:50.774541	1200	8.898162	0.0	520315	8	1.2
17:57:53.754304	1200	9.914897	0.0	561791	9	1.2
17:57:57.477090	1200	10.193861	0.0	709534	5	1.2
17:58:00.713756	1200	10.955755	0.0	584846	7	1.2
17:58:03.688915	1200	11.978251	0.0	560821	4	1.2
17:58:07.029072	1200	12.636914	0.0	607410	4	1.2
17:58:10.027036	1200	13.638519	0.0	594078	5	1.2
17:58:13.163608	1200	14.503527	0.0	624282	12	1.2
17:58:17.271714	1200	14.396937	0.0	687371	12	1.2
17:58:20.481764	1200	15.183278	0.0	526950	4	1.2
17:58:25.075094	1850	14.59039	0.0	923170	3	1.2000000000000002
17:58:30.293063	1850	13.386061	0.0	966699	6	1.85
17:58:35.496045	1850	12.170794	0.0	885714	9	1.85
17:58:40.910135	1850	10.758033	0.0	987708	23	1.85
17:58:45.670249	1850	10.003831	0.0	923755	15	1.85
17:58:49.994843	1850	9.682121	0.0	891604	8	1.85
17:58:54.626642	1850	9.039251	0.0	955231	17	1.85
17:58:58.593010	1850	9.073833	0.0	968026	5	1.85
17:59:01.659715	1850	10.014936	0.0	874175	8	1.85
17:59:04.904469	1850	10.767526	0.0	897976	5	1.85
17:59:08.053120	1850	11.616592	0.0	905935	3	1.85
17:59:11.775686	1850	11.890103	0.0	1076599	7	1.85
17:59:14.283770	1850	13.382016	0.0	758197	6	1.85
17:59:16.842357	1850	14.822678	0.0	972798	10	1.85
17:59:23.268194	2850	12.397593	0.0	1561263	8	1.85
17:59:27.008551	2850	12.657191	0.0	1341201	17	2.85
17:59:30.425958	2850	13.23904	0.0	1497683	12	2.85
17:59:34.251010	2850	13.416729	0.0	1358081	14	2.85
17:59:38.254745	2850	13.416559	0.0	1587293	17	2.85
17:59:42.171938	2850	13.495661	0.0	1492672	9	2.85
17:59:45.872955	2850	13.795872	0.0	1439896	10	2.85
17:59:47.367659	2850	16.298175	0.0	1139291	8	2.85
17:59:49.239171	4300	18.429826	0.0	2147467	12	2.8499999999999996
17:59:51.085836	4300	20.579508	0.0	2133870	11	4.3
17:59:52.951862	4300	22.713661	0.0	2146120	16	4.3
17:59:54.776385	4300	24.888558	0.0	2108491	16	4.3
17:59:56.670955	4300	26.994571	0.0	2184571	15	4.3
17:59:58.511262	4300	29.154411	0.0	2121928	16	4.3
18:00:00.428522	4300	31.23708	0.0	2219102	12	4.3
18:00:02.271863	4300	33.39339	0.0	2124950	12	4.3
18:00:04.223637	4300	35.442227	0.0	2246506	17	4.3
18:00:05.922577	4300	37.743602	0.0	1961140	16	4.3
18:00:07.794187	4300	39.872026	0.0	2155012	20	4.3
18:00:09.019559	4300	40.325604	0.0	1433658	6	4.3

