17:55:51.892321	750	4	0.664	450283	2	-2.8552
17:55:54.412675	2850	5.490112	0.0	1431809	12	0.75
17:55:58.164158	4300	5.736709	0.0	2177073	16	2.8499999999999996
17:56:01.803684	4300	6.096569	0.0	2160877	16	4.3
17:56:05.776212	4300	6.146652	0.0	2233056	13	4.3
17:56:08.917009	4300	6.983412	0.0	1941625	11	4.3
17:56:12.746756	4300	7.153193	0.0	2157535	26	4.3
17:56:16.671971	4300	7.230008	0.0	2290172	14	4.3
17:56:20.479955	4300	7.428393	0.0	2055469	18	4.3
17:56:25.497241	4300	6.403243	0.0	2169201	13	4.3
17:56:29.065322	2850	6.835046	0.0	1354548	15	1.4000000000000001
17:56:32.934524	2850	6.966006	0.0	1519951	29	2.85
17:56:36.407569	2850	7.494702	0.0	1422919	12	2.85
17:56:40.248244	2850	7.65179	0.0	1578343	22	2.85
17:56:44.326855	2850	7.580452	0.0	1231445	9	2.85
17:56:50.450700	2850	5.451416	0.0	1471065	41	2.85
17:56:53.509204	1200	6.396221	0.0	617242	4	-0.44999999999999996
17:56:57.447972	1850	6.452788	0.0	885714	11	1.2000000000000002
17:57:02.114907	1850	5.798033	0.0	987708	6	1.85
17:57:05.356868	1850	6.545659	0.0	923755	14	1.85
17:57:09.656824	1850	6.25729	0.0	891604	7	1.85
17:57:13.710032	1850	6.195783	0.0	955231	13	1.85
17:57:17.681583	1850	6.221856	0.0	968026	5	1.85
17:57:21.104341	1850	6.797747	0.0	874175	5	1.85
17:57:24.915769	1850	6.984394	0.0	897976	11	1.85
17:57:28.496244	1850	7.405254	0.0	905935	11	1.85
17:57:33.891613	1850	6.010251	0.0	1076599	10	1.85
17:57:37.551582	1850	6.355997	0.0	758197	10	1.85
17:57:42.385607	1850	5.548121	0.0	972798	8	1.85
17:57:45.348983	1200	6.551842	0.0	641447	11	0.5499999999999999
17:57:48.216318	1200	7.686042	0.0	570392	4	1.2
17:57:51.167060	1200	8.73412	0.0	620283	4	1.2
17:57:53.959911	1200	9.95223	0.0	584349	18	1.2
17:57:57.123405	1200	10.78512	0.0	670129	5	1.2
17:58:02.250820	1850	9.650872	0.0	1026056	14	1.2000000000000002
17:58:07.081566	1850	8.841554	0.0	943942	8	1.85
17:58:10.792047	1850	9.133336	0.0	728962	12	1.85
17:58:15.530879	1850	8.379126	0.0	938587	6	1.85
17:58:20.006478	1850	7.893839	0.0	908665	7	1.85
17:58:26.739941	1850	5.171977	0.0	930577	36	1.85
17:58:29.563754	1200	6.336567	0.0	566904	4	0.5499999999999999
17:58:32.107797	1200	7.801284	0.0	641452	4	1.2
17:58:34.811096	1200	9.090817	0.0	599477	6	1.2
17:58:40.239955	1850	7.661237	0.0	973972	8	1.2000000000000002
17:58:45.195898	1850	6.706812	0.0	958994	8	1.85
17:58:50.802284	1850	5.10311	0.0	982064	9	1.85
17:58:53.681421	1200	6.219383	0.0	538612	3	0.5499999999999999
17:58:55.861841	1200	8.039009	0.0	550906	5	1.2
17:58:58.693822	1850	6.889895	0.0	598850	6	1.2000000000000002

