17:56:22.044683	750	4	1.529	450283	4	-6.5747
17:56:24.742474	1850	5.288261	0.0	957685	9	0.75
17:56:26.981391	1850	7.052949	0.0	877771	5	1.85
17:56:31.100226	2850	6.944208	0.0	1520281	22	1.85
17:56:35.058067	2850	6.977271	0.0	1472558	9	2.85
17:56:38.325876	2850	7.70732	0.0	1224260	11	2.85
17:56:41.985680	2850	8.047081	0.0	1388403	8	2.85
17:56:48.678588	2850	5.358379	0.0	1638769	16	2.85
17:56:52.178925	1850	5.852979	0.0	852833	14	0.8500000000000001
17:56:56.109865	1850	5.921798	0.0	913888	9	1.85
17:57:00.400461	1850	5.631447	0.0	939819	10	1.85
17:57:04.376753	1850	5.655605	0.0	917428	4	1.85
17:57:06.926083	1200	7.110528	0.0	624282	4	0.5499999999999999
17:57:10.812689	1850	7.220143	0.0	1036454	8	1.2000000000000002
17:57:14.719019	1850	7.31424	0.0	821631	6	1.85
17:57:18.658079	1850	7.381179	0.0	923170	6	1.85
17:57:22.663634	1850	7.379614	0.0	966699	6	1.85
17:57:26.050683	1850	7.981044	0.0	885714	12	1.85
17:57:29.981854	1850	8.049324	0.0	987708	20	1.85
17:57:34.211370	1850	7.822819	0.0	923755	14	1.85
17:57:38.681051	1850	7.354932	0.0	891604	5	1.85
17:57:43.562498	1850	6.478694	0.0	955231	9	1.85
17:57:48.191023	1850	5.846091	0.0	968026	4	1.85
17:57:50.760902	1200	7.28106	0.0	536667	4	0.5499999999999999
17:57:53.815438	1200	8.215293	0.0	587236	1	1.2
17:57:56.631239	1200	9.399958	0.0	590335	17	1.2
17:57:59.535242	1200	10.497381	0.0	696376	10	1.2
17:58:03.676947	1850	10.355145	0.0	758197	5	1.2000000000000002
17:58:08.640338	1850	9.409266	0.0	972798	4	1.85
17:58:13.381069	1850	8.649507	0.0	975811	13	1.85
17:58:17.497930	1850	8.533645	0.0	873429	11	1.85
17:58:21.615275	1850	8.41602	0.0	954453	5	1.85
17:58:26.695472	1850	7.34795	0.0	885062	7	1.85
17:58:32.627062	1850	5.405762	0.0	1035329	15	1.85
17:58:36.334430	1200	5.699046	0.0	690253	5	0.5499999999999999
17:58:39.504943	1200	6.533297	0.0	598727	5	1.2
17:58:42.343713	1200	7.704875	0.0	487812	3	1.2
17:58:45.303117	1200	8.731602	0.0	575591	7	1.2
17:58:48.429435	1200	9.601121	0.0	605884	5	1.2
17:58:51.705137	1200	10.360728	0.0	587506	10	1.2
17:58:54.977058	1200	11.06303	0.0	566904	4	1.2
17:58:58.669430	1200	11.365428	0.0	641452	3	1.2
17:59:00.662252	1200	13.369247	0.0	599477	12	1.2
17:59:02.946432	1200	15.084213	0.0	634861	3	1.2
17:59:08.076985	2850	13.960162	0.0	1464921	39	1.2000000000000002
17:59:12.672749	2850	13.357825	0.0	1483527	7	2.85
17:59:17.218669	2850	12.813287	0.0	1231456	16	2.85
17:59:21.726959	2850	12.303817	0.0	1364537	14	2.85
17:59:24.606600	2850	11.113622	0.0	889412	11	2.85

