17:56:44.570530	750	4	2.654	450283	2	-11.412199999999999
17:56:46.405719	750	6.199789	0.0	398865	7	0.75
17:56:49.077321	1200	7.525493	0.0	571051	15	0.75
17:56:51.568663	1200	9.046493	0.0	617681	4	1.2
17:56:54.315000	1200	10.287929	0.0	652874	4	1.2
17:56:58.167900	1850	10.434196	0.0	801058	4	1.2000000000000002
17:57:01.849132	1850	10.753068	0.0	905515	8	1.85
17:57:07.172886	1850	9.432588	0.0	1060487	5	1.85
17:57:10.813104	1850	9.835611	0.0	852833	21	1.85
17:57:14.779698	1850	9.822942	0.0	913888	8	1.85
17:57:19.349332	1850	9.253235	0.0	939819	10	1.85
17:57:23.792219	1850	8.816127	0.0	917428	6	1.85
17:57:28.072123	1850	8.61996	0.0	946851	15	1.85
17:57:32.453212	1850	8.150352	0.0	1036454	15	1.85
17:57:36.116398	1850	8.487947	0.0	821631	5	1.85
17:57:41.143691	1850	7.462167	0.0	923170	7	1.85
17:57:46.562818	1850	6.047035	0.0	966699	14	1.85
17:57:49.646664	1200	6.95846	0.0	581493	4	0.5499999999999999
17:57:53.379316	1200	7.229038	0.0	639204	7	1.2
17:57:56.553473	1200	8.054022	0.0	586839	4	1.2
17:57:59.384994	1200	9.218108	0.0	601738	3	1.2
17:58:02.022127	1200	10.582893	0.0	616206	3	1.2
17:58:05.282526	1200	11.323188	0.0	656471	12	1.2
17:58:07.626686	1200	12.976377	0.0	536667	7	1.2
17:58:10.845361	1200	13.758374	0.0	587236	4	1.2
17:58:14.240574	1200	14.364824	0.0	590335	8	1.2
17:58:18.010644	1200	14.597927	0.0	696376	5	1.2
17:58:20.641000	1200	15.967047	0.0	487160	4	1.2
17:58:25.530029	1850	15.085221	0.0	972798	19	1.2000000000000002
17:58:30.945485	1850	13.658599	0.0	975811	11	1.85
17:58:35.521331	1850	13.08643	0.0	873429	11	1.85
17:58:40.558349	1850	12.048286	0.0	954453	9	1.85
17:58:45.273569	1850	11.332162	0.0	885062	17	1.85
17:58:50.671738	1850	9.93896	0.0	1035329	36	1.85
17:58:56.368095	1850	8.259628	0.0	1026056	29	1.85
17:59:01.324769	1850	7.279665	0.0	943942	5	1.85
17:59:03.661653	1850	8.942804	0.0	728962	4	1.85
17:59:06.695899	1850	9.908493	0.0	938587	6	1.85
17:59:09.863640	1850	10.73981	0.0	908665	12	1.85
17:59:13.589121	1850	11.041526	0.0	930577	7	1.85
17:59:16.795223	1850	11.807435	0.0	858450	10	1.85
17:59:20.205886	1850	12.396689	0.0	1025005	8	1.85
17:59:23.291930	1850	13.312352	0.0	886255	6	1.85
17:59:26.151757	1850	14.455917	0.0	973972	6	1.85
17:59:28.769161	1850	15.833695	0.0	958994	9	1.85
17:59:32.791188	2850	15.811094	0.0	1483527	17	1.85
17:59:37.851338	4300	14.761937	0.0	1961140	18	2.8499999999999996
17:59:43.818699	4300	12.783838	0.0	2155012	22	4.3
17:59:46.813843	4300	11.468727	0.0	1433658	12	4.3

