17:56:44.214232	750	4	2.391	450283	5	-10.2813
17:56:47.035503	1200	5.165286	0.0	611087	17	0.75
17:56:49.595818	1200	6.603794	0.0	571051	7	1.2
17:56:53.668213	1850	6.543647	0.0	933276	14	1.2000000000000002
17:56:58.013716	1850	6.185071	0.0	996749	7	1.85
17:57:01.600530	1850	6.599902	0.0	801058	28	1.85
17:57:06.512164	1850	5.690454	0.0	905515	7	1.85
17:57:09.683789	1200	6.515127	0.0	709534	10	0.5499999999999999
17:57:12.314966	1200	7.884142	0.0	584846	8	1.2
17:57:14.795289	1200	9.412928	0.0	560821	4	1.2
17:57:19.365698	1850	8.833074	0.0	939819	5	1.2000000000000002
17:57:23.841749	1850	8.359408	0.0	917428	5	1.85
17:57:28.037397	1850	8.164117	0.0	946851	22	1.85
17:57:32.213408	1850	7.988095	0.0	1036454	17	1.85
17:57:36.276162	1850	7.936524	0.0	821631	5	1.85
17:57:41.447574	1850	6.761012	0.0	923170	19	1.85
17:57:46.641345	1850	5.562305	0.0	966699	10	1.85
17:57:49.908701	1200	6.292036	0.0	581493	5	0.5499999999999999
17:57:53.200392	1200	6.999936	0.0	639204	11	1.2
17:57:57.470986	1200	6.746333	0.0	586839	5	1.2
17:58:02.048807	1200	6.15427	0.0	601738	3	1.2
17:58:05.128567	1200	7.070342	0.0	616206	5	1.2
17:58:10.113880	1200	6.08664	0.0	656471	7	1.2
17:58:12.720629	1200	7.479321	0.0	536667	9	1.2
17:58:15.524817	1200	8.67562	0.0	587236	6	1.2
17:58:18.129380	1200	10.069737	0.0	590335	4	1.2
17:58:23.512946	1850	8.693728	0.0	1076599	5	1.2000000000000002
17:58:26.777392	1850	9.432097	0.0	758197	5	1.85
17:58:31.164297	1850	9.03439	0.0	972798	13	1.85
17:58:36.123739	1850	8.076466	0.0	975811	5	1.85
17:58:39.870707	1850	8.34191	0.0	873429	22	1.85
17:58:44.784402	1850	7.417161	0.0	954453	13	1.85
17:58:49.441622	1850	6.757978	0.0	885062	16	1.85
17:58:54.201578	1850	6.017528	0.0	1035329	24	1.85
17:58:59.090603	1850	5.107965	0.0	1026056	7	1.85
17:59:00.621914	1200	7.582715	0.0	598727	9	0.5499999999999999
17:59:02.720389	1850	9.483119	0.0	728962	5	1.2000000000000002
17:59:08.071986	2850	8.133432	0.0	1499009	21	1.85
17:59:12.839113	2850	7.367111	0.0	1427478	17	2.85
17:59:17.814018	2850	6.385008	0.0	1402287	36	2.85
17:59:20.662310	1850	7.538666	0.0	858450	5	0.8500000000000001
17:59:24.070395	1850	8.129221	0.0	1025005	19	1.85
17:59:26.687577	1850	9.511455	0.0	886255	7	1.85
17:59:29.337617	1850	10.864875	0.0	973972	18	1.85
17:59:32.956759	2850	11.244587	0.0	1464921	17	1.85
17:59:36.996606	2850	11.203726	0.0	1483527	13	2.85
17:59:39.957845	2850	12.244779	0.0	1231456	9	2.85
17:59:43.173630	2850	13.026785	0.0	1364537	13	2.85
17:59:45.422276	2850	12.457531	0.0	889412	9	2.85

