16:54:46.929433 0.025494 0.025494 0.127470 481993.898363 0.016000
16:54:47.050205 0.120600 0.037382 0.208971 203781.119666 0.016000
16:54:47.201064 0.150714 0.051549 0.293572 326127.804297 0.016000
16:54:47.307759 0.106541 0.058423 0.294932 922687.747790 0.016000
16:54:47.396547 0.088651 0.062201 0.269811 2217776.775970 0.016000
16:54:47.647060 0.250373 0.085723 0.429602 1570521.493957 0.016000
16:54:48.009562 0.362356 0.120302 0.654845 2170328.617458 0.016000
16:54:48.379122 0.369418 0.151441 0.801464 2162104.184566 0.016000
16:54:48.752199 0.372923 0.179127 0.888125 2174733.720528 0.016000
16:54:49.460288 0.371091 0.203122 0.926835 2218583.167777 0.016000
16:54:49.847445 0.386993 0.226106 0.952762 2159171.220649 0.016000
16:54:50.105729 0.258145 0.230111 0.807142 3284478.457955 0.016000
16:54:50.457174 0.351292 0.245259 0.799213 2448562.043294 0.016000
16:54:50.858717 0.401396 0.264776 0.836379 2173534.169326 0.016000
16:54:51.716883 0.399197 0.281578 0.844702 2216288.636539 0.016000
16:54:52.134437 0.417373 0.298553 0.856690 2149214.550815 0.016000
16:54:52.555475 0.420887 0.313844 0.854782 2160465.907099 0.016000
16:54:52.983582 0.427964 0.328109 0.847932 2153452.299958 0.016000
16:54:53.415275 0.431545 0.341039 0.834341 2164056.954799 0.016000
16:54:53.854384 0.438947 0.353277 0.821162 2155558.828612 0.016000
16:54:54.296579 0.442048 0.364374 0.804058 2168235.936070 0.016000
16:54:55.145625 0.405041 0.369457 0.739888 2396676.014049 0.016000
16:54:55.598609 0.452835 0.379879 0.741080 2170856.536712 0.016000
16:54:56.059332 0.460578 0.389967 0.741566 2161041.291825 0.016000
16:54:56.522452 0.462971 0.399092 0.735796 2176412.908814 0.016000
16:54:56.993497 0.470889 0.408067 0.732391 2165912.387486 0.016000
16:54:57.469725 0.476021 0.416561 0.727759 2168374.690467 0.016000
16:54:57.949127 0.479248 0.424397 0.720482 2179414.202751 0.016000
16:54:58.751705 0.454643 0.428178 0.680488 2324390.729023 0.016000
16:54:59.243600 0.491709 0.436119 0.688883 2174164.014156 0.016000
16:54:59.574039 0.330280 0.422889 0.718301 3274021.392249 0.016000
16:55:00.060445 0.486258 0.430810 0.715738 2249077.511666 0.016000
16:55:00.552650 0.492056 0.438466 0.713407 2247549.548452 0.016000
16:55:00.973665 0.420873 0.436267 0.660066 2656876.447927 0.016000
16:55:01.321683 0.347847 0.425214 0.681484 3249980.736341 0.016000
16:55:02.141066 0.472237 0.431092 0.670317 2419936.882271 0.016000
16:55:02.498170 0.356952 0.421825 0.675383 3235929.155410 0.016000
16:55:03.027574 0.529270 0.435255 0.732869 2205604.221343 0.016000
16:55:03.560465 0.532758 0.447443 0.768156 2214228.609438 0.016000
16:55:04.158619 0.598007 0.466264 0.857362 1993180.802721 0.016000
16:55:05.160695 0.600455 0.483038 0.910553 2005518.995341 0.016000
16:55:05.713433 0.552571 0.491729 0.881899 2201548.528078 0.016000
16:55:06.299538 0.585956 0.503508 0.890362 2097086.295392 0.016000
16:55:06.891215 0.591526 0.514510 0.892669 2098112.228240 0.016000
16:55:07.385044 0.493669 0.511905 0.816365 2538899.376076 0.016000
16:55:07.986592 0.601405 0.523092 0.840937 2104512.265872 0.016000
16:55:08.878735 0.659149 0.540099 0.914540 1938790.274365 0.016000
16:55:09.493448 0.614556 0.549407 0.904694 2099466.678936 0.016000
16:55:10.110071 0.616477 0.557790 0.891326 2112857.370681 0.016000
16:55:10.708943 0.598729 0.562908 0.853998 2196012.269607 0.016000
16:55:11.336196 0.627099 0.570932 0.853441 2116259.834402 0.016000
16:55:11.967831 0.631459 0.578497 0.850907 2121106.841176 0.016000
16:55:13.158056 0.694883 0.593046 0.913738 1945191.137815 0.016000
16:55:13.656028 0.497810 0.581141 0.916896 2739937.546048 0.016000
16:55:14.294929 0.638765 0.588344 0.897784 2154557.296863 0.016000
16:55:14.920393 0.625325 0.592967 0.862028 2220515.857796 0.016000
16:55:15.549375 0.628837 0.597451 0.835117 2227654.794565 0.016000
16:55:16.481834 0.696860 0.609877 0.887536 2027838.946012 0.016000
16:55:16.989043 0.507055 0.597024 0.908090 2811150.419224 0.016000
16:55:17.637657 0.648459 0.603453 0.888188 2217096.368228 0.016000
16:55:18.286016 0.648214 0.609048 0.867360 2236891.374793 0.016000
16:55:18.941678 0.655516 0.614857 0.855058 2230719.315105 0.016000
16:55:19.692952 0.595307 0.612413 0.812114 2476973.600550 0.016000
16:55:20.265401 0.572295 0.607398 0.797292 2598044.939483 0.016000
16:55:20.931666 0.666115 0.614738 0.815875 2250566.189761 0.016000
16:55:21.520510 0.588693 0.611482 0.788380 2567423.508872 0.016000
16:55:22.193082 0.672429 0.619101 0.812720 2265982.502461 0.016000
16:55:23.213049 0.667233 0.625117 0.818464 2302044.446858 0.016000
16:55:23.738911 0.525705 0.612691 0.857113 2945164.508835 0.016000
16:55:24.365939 0.626864 0.614462 0.811953 2489496.150476 0.016000
16:55:25.064035 0.697940 0.624897 0.856492 2253580.947914 0.016000
16:55:25.769428 0.705242 0.634940 0.888981 2247671.271764 0.016000
16:55:26.476554 0.706977 0.643945 0.906512 2259536.374273 0.016000
16:55:27.164068 0.687363 0.649372 0.889716 2341889.529069 0.016000
16:55:27.855006 0.690780 0.654548 0.876214 2348092.906141 0.016000
16:55:28.611497 0.695557 0.659674 0.866933 2349633.062433 0.016000
16:55:29.341705 0.730046 0.668471 0.894286 2255463.249756 0.016000
16:55:30.078883 0.737029 0.677040 0.914961 2250766.021135 0.016000
16:55:30.822436 0.743398 0.685335 0.930133 2248011.931565 0.016000
16:55:31.569670 0.747067 0.693052 0.938382 2253420.452445 0.016000
16:55:32.241642 0.671817 0.690397 0.895630 2524115.700759 0.016000
16:55:32.996710 0.754928 0.698464 0.916919 2262509.466507 0.016000
16:55:34.038741 0.815985 0.713154 0.994516 2108274.141211 0.016000
16:55:34.805732 0.766833 0.719864 0.984565 2259433.082239 0.016000
16:55:35.577930 0.772051 0.726387 0.977100 2260078.392641 0.016000
16:55:36.437355 0.859241 0.742994 1.063883 2045042.056988 0.016000
16:55:37.186611 0.749101 0.743757 0.990531 2362127.644487 0.016000
16:55:37.973668 0.786902 0.749150 0.977375 2264271.931346 0.016000
16:55:38.768771 0.794941 0.754874 0.971833 2256831.785325 0.016000
16:55:40.083494 0.847256 0.766422 1.021523 2131983.859448 0.016000
16:55:40.887988 0.804325 0.771160 1.000389 2261055.873426 0.016000
16:55:41.694319 0.806180 0.775537 0.982479 2271095.784201 0.016000
16:55:43.085110 0.737330 0.770761 0.964175 2499830.605454 0.016000
16:55:43.903527 0.818244 0.776697 0.969240 2267646.379843 0.016000
16:55:44.730973 0.827295 0.783022 0.978027 2257690.247635 0.016000
16:55:45.557571 0.826446 0.788450 0.978128 2274878.058305 0.016000
16:55:46.530043 0.804210 0.790420 0.948439 2353056.493106 0.016000
16:55:47.227555 0.697354 0.778786 0.990367 2731238.060101 0.016000
16:55:48.068041 0.840313 0.786477 1.006689 2281207.236291 0.016000
16:55:48.835616 0.767377 0.784090 0.968349 2514038.930951 0.016000
16:55:49.859861 0.831727 0.790044 0.975876 2334304.326887 0.016000
16:55:50.616569 0.756535 0.785856 0.958739 2582553.170006 0.016000
16:55:51.469334 0.852566 0.794195 0.990567 2306073.654401 0.016000
16:55:53.016883 0.933339 0.811588 1.098012 2119666.860433 0.016000
16:55:53.867454 0.850400 0.816439 1.070069 2340846.740199 0.016000
16:55:54.645692 0.778094 0.811646 1.040214 2574166.955250 0.016000
16:55:55.526792 0.880955 0.820310 1.061044 2287553.897539 0.016000
16:55:56.548883 0.866472 0.826080 1.052793 2339971.731718 0.016000
16:55:57.443659 0.894609 0.834646 1.073210 2280111.264520 0.016000
16:55:58.315847 0.872022 0.839318 1.055617 2353261.962990 0.016000
16:55:59.883299 0.907080 0.847788 1.077774 2275856.757687 0.016000
16:56:00.669603 0.786137 0.840082 1.074223 2641616.353118 0.016000
16:56:01.584648 0.914899 0.849434 1.099857 2283268.744857 0.016000
16:56:03.191282 0.968052 0.864261 1.170696 2170594.342540 0.016000
16:56:04.052431 0.860980 0.863851 1.096959 2454803.249919 0.016000
16:56:04.983337 0.930761 0.872215 1.113955 2283963.679981 0.016000
16:56:05.919616 0.936127 0.880204 1.125421 2283997.919226 0.016000
16:56:06.861285 0.941502 0.887866 1.133077 2284010.367731 0.016000
16:56:08.474311 0.888205 0.887908 1.072156 2434897.208181 0.016000
16:56:09.394581 0.920107 0.891933 1.062317 2363829.712393 0.016000
16:56:10.353970 0.959243 0.900347 1.095445 2280197.890532 0.016000
16:56:11.311887 0.957772 0.907525 1.111274 2296529.823433 0.016000
16:56:12.276263 0.964226 0.914613 1.124125 2293902.034257 0.016000
16:56:13.830240 0.936382 0.917334 1.096237 2375236.212348 0.016000
16:56:14.798637 0.968188 0.923691 1.108722 2309898.377681 0.016000
16:56:15.782968 0.984163 0.931250 1.130496 2284889.693234 0.016000
16:56:16.774027 0.990908 0.938707 1.147800 2281737.221906 0.016000
16:56:18.705032 0.993093 0.945505 1.156711 2289090.718084 0.016000
16:56:19.711037 1.005845 0.953048 1.171792 2272286.327616 0.016000
16:56:20.712549 1.001362 0.959087 1.171460 2294730.381383 0.016000
16:56:21.721681 1.008989 0.965325 1.174506 2289562.900008 0.016000
16:56:22.654463 0.932628 0.961238 1.150821 2490202.104526 0.016000
16:56:23.759177 0.979634 0.963537 1.124121 2383257.307370 0.016000
16:56:24.785880 1.026539 0.971412 1.154852 2286330.865572 0.016000
16:56:25.809288 1.023217 0.977888 1.167272 2305763.181946 0.016000
16:56:26.953069 0.993483 0.979837 1.137471 2387140.837956 0.016000
16:56:27.908822 0.955589 0.976806 1.119280 2494662.308023 0.016000
16:56:28.792313 0.883348 0.965124 1.165437 2712588.959506 0.016000
16:56:30.665177 1.105594 0.982683 1.273388 2178420.084416 0.016000
16:56:31.644996 0.979655 0.982304 1.203361 2471008.602335 0.016000
16:56:33.373155 1.112663 0.998599 1.294750 2186667.421344 0.016000
16:56:34.442626 1.069307 1.007438 1.300259 2286819.727199 0.016000
16:56:35.434735 0.991949 1.005502 1.240606 2477546.525352 0.016000
16:56:36.856957 1.064464 1.012872 1.248163 2320311.242034 0.016000
16:56:37.905490 1.048372 1.017309 1.229278 2367648.056567 0.016000
16:56:38.994636 1.089009 1.026272 1.256947 2290582.024097 0.016000
16:56:40.410257 1.102818 1.035840 1.285393 2273042.308145 0.016000
16:56:41.378378 0.967957 1.027355 1.282402 2602429.600134 0.016000
16:56:43.524213 1.168090 1.044947 1.376968 2167065.698992 0.016000
16:56:44.520054 0.995684 1.038789 1.337067 2554642.069015 0.016000
16:56:45.609128 1.088936 1.045057 1.318913 2347157.030031 0.016000
16:56:46.755216 1.145943 1.057668 1.363946 2241116.848683 0.016000
16:56:48.879168 1.156988 1.070083 1.399111 2230343.107070 0.016000
16:56:50.071318 1.191981 1.085320 1.453990 2175175.470154 0.016000
16:56:51.267173 1.195704 1.099118 1.486004 2178679.703647 0.016000
16:56:52.470165 1.202853 1.112085 1.505984 2175946.751150 0.016000
16:56:54.299195 1.271031 1.131953 1.586324 2068896.982817 0.016000
16:56:55.515414 1.216036 1.142464 1.567324 2172567.540205 0.016000
16:56:56.733081 1.217499 1.151843 1.545524 2180049.397477 0.016000
16:56:57.872055 1.138824 1.150216 1.458495 2341446.995019 0.016000
16:57:00.252326 1.277205 1.166089 1.524288 2097379.841264 0.016000
16:57:01.489693 1.237208 1.174979 1.514747 2175117.070231 0.016000
16:57:02.727974 1.238109 1.182870 1.500826 2183459.030261 0.016000
16:57:04.074117 1.117728 1.174728 1.478337 2429614.371605 0.016000
16:57:05.408756 1.334474 1.194696 1.582149 2044203.051271 0.016000
16:57:07.824379 1.202492 1.195670 1.494057 2278787.720022 0.016000
16:57:08.998545 1.173949 1.192955 1.438466 2344660.621927 0.016000
16:57:10.584475 1.298612 1.206162 1.495952 2129042.590760 0.016000
16:57:11.780642 1.195993 1.204891 1.432403 2321993.627000 0.016000
16:57:14.135668 1.350164 1.223050 1.538957 2065953.566345 0.016000
16:57:15.372718 1.236891 1.224780 1.475551 2265085.548510 0.016000
16:57:17.507916 1.273378 1.230855 1.467531 2209832.197810 0.016000
16:57:18.807756 1.299679 1.239458 1.485789 2174567.651736 0.016000
16:57:21.210124 1.429071 1.263160 1.637521 1986275.069747 0.016000
16:57:22.608937 1.398654 1.280096 1.696362 2038256.804377 0.016000
16:57:24.202838 0.925054 1.235716 1.902957 3095066.637220 0.016000
16:57:24.899743 0.696748 1.168345 2.207744 4126875.031753 0.016000
16:57:26.296320 0.700493 1.109864 2.357265 4122353.255312 0.016000
16:57:26.995890 0.699385 1.058554 2.404584 4146454.813276 0.016000
16:57:27.701518 0.705481 1.014420 2.377015 4128042.829922 0.016000
16:57:29.031258 0.703630 0.975571 2.308307 4156365.037659 0.016000
16:57:29.742126 0.710716 0.942464 2.206871 4132215.909353 0.016000
16:57:30.528359 0.786085 0.922917 2.027601 3751654.740704 0.016000
16:57:31.302332 0.773828 0.904281 1.881883 3826958.815909 0.016000
16:57:32.353203 0.646354 0.872040 1.863168 4600723.727025 0.016000
16:57:33.001698 0.648315 0.844074 1.811145 4605761.423321 0.016000
16:57:33.651930 0.650088 0.819826 1.739115 4612101.236670 0.016000
16:57:34.210281 0.558208 0.787124 1.738209 5393258.535767 0.016000
16:57:34.629877 0.419438 0.741163 1.822163 7206902.633390 0.016000
16:57:35.872790 0.614599 0.725342 1.662656 4938400.569996 0.016000
16:57:36.533693 0.660743 0.717268 1.484852 4612116.978396 0.016000
16:57:37.198167 0.664331 0.710650 1.339276 4605704.366287 0.016000
16:57:37.864457 0.666135 0.705086 1.221070 4611677.309695 0.016000
16:57:38.534284 0.669681 0.700660 1.123054 4605608.887479 0.016000
16:57:39.205779 0.671360 0.696998 1.043093 4612392.645980 0.016000
16:57:39.945490 0.635139 0.689265 1.010696 4894777.452361 0.016000
16:57:40.622153 0.676493 0.687669 0.941514 4613724.495979 0.016000
16:57:41.302584 0.680296 0.686747 0.884504 4605995.415159 0.016000
16:57:41.984804 0.682082 0.686164 0.839147 4611948.691412 0.016000
16:57:42.670596 0.685656 0.686101 0.801346 4605831.020694 0.016000
16:57:43.498944 0.651010 0.681714 0.803239 4869823.539431 0.016000
16:57:44.189989 0.690886 0.682861 0.783176 4606536.975459 0.016000
16:57:44.882874 0.692747 0.684097 0.769219 4611900.974198 0.016000
16:57:45.579611 0.696592 0.685658 0.761996 4604083.271208 0.016000
16:57:46.277616 0.697864 0.687184 0.756643 4613301.220929 0.016000
16:57:47.404420 0.662271 0.684070 0.761077 4879790.733336 0.016000
16:57:48.107940 0.703367 0.686482 0.763535 4612145.471845 0.016000
16:57:48.815087 0.706999 0.689047 0.767353 4605833.540878 0.016000
