16:54:17.043048 0.000872 0.000872 0.004359 14093411.963905 0.016000
16:54:17.043746 0.000491 0.000824 0.003821 50062756.242836 0.016000
16:54:17.044588 0.000684 0.000807 0.003195 71857243.014291 0.016000
16:54:17.045981 0.001241 0.000861 0.003086 79200318.942758 0.016000
16:54:17.048181 0.002054 0.001010 0.003872 95720687.270110 0.016000
16:54:17.057374 0.005052 0.001515 0.007704 38916173.706088 0.016000
16:54:17.059678 0.002184 0.001599 0.006909 95641668.855365 0.016000
16:54:17.062345 0.002546 0.001717 0.006647 86872641.252552 0.016000
16:54:17.066262 0.003799 0.001978 0.007756 61456793.240115 0.016000
16:54:17.103633 0.013849 0.003462 0.019667 4436414.994061 0.016000
16:54:17.119776 0.016015 0.005031 0.029738 4603668.869648 0.016000
16:54:17.187704 0.037903 0.009140 0.060543 972586.114067 0.016000
16:54:17.196032 0.008214 0.009024 0.048502 5983932.143504 0.016000
16:54:17.229816 0.033659 0.012103 0.066347 1825367.185357 0.016000
16:54:17.245867 0.015929 0.012582 0.057090 4628543.882175 0.016000
16:54:17.265321 0.019313 0.013423 0.053535 4453820.217076 0.016000
16:54:17.286720 0.021259 0.014403 0.052323 4624097.036078 0.016000
16:54:17.311534 0.024689 0.015688 0.054415 4479411.199753 0.016000
16:54:17.338217 0.026553 0.017046 0.056956 4627740.394896 0.016000
16:54:17.368434 0.030080 0.018676 0.061641 4493640.682540 0.016000
16:54:17.400335 0.031774 0.020313 0.065636 4640769.044976 0.016000
16:54:17.436592 0.036120 0.022289 0.072088 4422569.773899 0.016000
16:54:17.473324 0.036530 0.024069 0.075659 4709363.228154 0.016000
16:54:17.514078 0.040623 0.026138 0.081385 4537336.697949 0.016000
16:54:17.557684 0.043466 0.028304 0.087067 4523250.073128 0.016000
16:54:17.602230 0.044409 0.030317 0.090494 4703907.488707 0.016000
16:54:17.660133 0.011782 0.028000 0.091669 18773153.690754 0.016000
16:54:17.703399 0.043092 0.029887 0.092730 5417987.858250 0.016000
16:54:17.757197 0.053656 0.032858 0.103759 4580300.961302 0.016000
16:54:17.813445 0.056110 0.035764 0.112193 4598954.541210 0.016000
16:54:17.872115 0.058520 0.038609 0.118685 4619561.483577 0.016000
16:54:17.934278 0.062023 0.041536 0.125007 4556766.754039 0.016000
16:54:17.998254 0.063847 0.044325 0.129239 4619054.946350 0.016000
16:54:18.065759 0.067366 0.047205 0.133932 4560171.680357 0.016000
16:54:18.135073 0.069171 0.049950 0.136962 4618817.458576 0.016000
16:54:18.207902 0.072682 0.052792 0.140782 4564767.603425 0.016000
16:54:18.282516 0.074482 0.055503 0.143186 4619427.053316 0.016000
16:54:18.360661 0.078013 0.058317 0.146589 4567857.397415 0.016000
16:54:18.440649 0.079848 0.061008 0.148743 4616768.913639 0.016000
16:54:18.524128 0.083347 0.063801 0.151940 4570395.026380 0.016000
16:54:18.609422 0.085154 0.066470 0.153928 4617701.327868 0.016000
16:54:18.698285 0.088733 0.069253 0.157110 4569936.694000 0.016000
16:54:18.788854 0.090437 0.071901 0.158978 4619705.411705 0.016000
16:54:18.883018 0.094033 0.074667 0.162107 4573713.344777 0.016000
16:54:18.978999 0.095848 0.077315 0.164076 4615303.549789 0.016000
16:54:19.078454 0.099317 0.080065 0.167138 4577823.152691 0.016000
16:54:19.179743 0.101155 0.082701 0.169096 4616121.824232 0.016000
16:54:19.284535 0.104662 0.085446 0.172203 4578856.392324 0.016000
16:54:19.441327 0.065008 0.082892 0.168397 7560924.298786 0.016000
16:54:19.551452 0.109964 0.086276 0.177477 4581576.571872 0.016000
16:54:19.663401 0.111808 0.089467 0.183401 4615910.450604 0.016000
16:54:19.778852 0.115312 0.092698 0.188993 4582207.786426 0.016000
16:54:19.896102 0.117111 0.095749 0.192384 4616749.489083 0.016000
16:54:20.016898 0.120665 0.098864 0.196255 4582601.944731 0.016000
16:54:20.139545 0.122514 0.101820 0.198514 4613741.746099 0.016000
16:54:20.265631 0.125954 0.104837 0.201491 4585296.220334 0.016000
16:54:20.393665 0.127903 0.107720 0.203277 4611495.202839 0.016000
16:54:20.525041 0.131237 0.110660 0.205844 4587973.378136 0.016000
16:54:20.658345 0.133168 0.113473 0.207370 4613721.634169 0.016000
16:54:20.795084 0.136604 0.116365 0.209918 4587623.172255 0.016000
16:54:20.933676 0.138459 0.119126 0.211386 4614912.366319 0.016000
16:54:21.075799 0.141991 0.121984 0.214043 4586660.129755 0.016000
16:54:21.219841 0.143892 0.124723 0.215675 4611456.998292 0.016000
16:54:21.367168 0.147190 0.127531 0.218212 4591613.346119 0.016000
16:54:21.516389 0.149089 0.130226 0.219795 4615548.751309 0.016000
16:54:21.669181 0.152662 0.133031 0.222643 4588016.808182 0.016000
16:54:21.823803 0.154487 0.135713 0.224378 4613362.200144 0.016000
16:54:21.981869 0.157929 0.138490 0.227205 4590621.473921 0.016000
16:54:22.141809 0.159793 0.141153 0.228993 4613965.323557 0.016000
16:54:22.305221 0.163274 0.143918 0.231919 4590858.137633 0.016000
16:54:22.470529 0.165174 0.146575 0.233832 4612444.850855 0.016000
16:54:22.639259 0.168597 0.149328 0.236793 4591683.590224 0.016000
16:54:22.809800 0.170407 0.151962 0.238641 4615026.601815 0.016000
16:54:22.984249 0.174305 0.154755 0.242106 4582313.607774 0.016000
16:54:23.159871 0.175483 0.157346 0.243587 4621576.185764 0.016000
16:54:23.445298 0.135199 0.154578 0.241406 6089509.344563 0.016000
16:54:23.626370 0.180917 0.157870 0.249330 4618603.482951 0.016000
16:54:23.811162 0.184655 0.161218 0.256598 4591649.994949 0.016000
16:54:23.997691 0.186394 0.164365 0.261076 4614741.406792 0.016000
16:54:24.187783 0.189957 0.167564 0.265689 4592873.352426 0.016000
16:54:24.379690 0.191763 0.170589 0.268381 4613696.853639 0.016000
16:54:24.575103 0.195271 0.173674 0.271700 4593738.600845 0.016000
16:54:24.772320 0.197067 0.176598 0.273511 4614227.125768 0.016000
16:54:24.973027 0.200561 0.179594 0.276241 4595109.646772 0.016000
16:54:25.175607 0.202442 0.182450 0.277783 4613115.457079 0.016000
16:54:25.381721 0.205970 0.185390 0.280410 4593755.281570 0.016000
16:54:25.589641 0.207785 0.188189 0.281850 4612765.129483 0.016000
16:54:25.800979 0.211201 0.191066 0.284323 4596342.906467 0.016000
16:54:26.014179 0.213064 0.193815 0.285757 4613825.921815 0.016000
16:54:26.231024 0.216705 0.196677 0.288522 4593007.152073 0.016000
16:54:26.449496 0.218334 0.199384 0.289925 4615021.877223 0.016000
16:54:26.671621 0.221987 0.202209 0.292718 4594431.018156 0.016000
16:54:26.895413 0.223655 0.204890 0.294218 4615108.391281 0.016000
16:54:27.122860 0.227304 0.207692 0.297102 4595075.265575 0.016000
16:54:27.396858 0.189166 0.205376 0.290959 5586463.456852 0.016000
16:54:27.629565 0.232561 0.208774 0.300147 4596886.768028 0.016000
16:54:27.863982 0.234282 0.211963 0.306000 4615565.526460 0.016000
16:54:28.102164 0.238014 0.215219 0.311798 4594822.485887 0.016000
16:54:28.341930 0.239623 0.218270 0.315108 4615248.444538 0.016000
16:54:28.585338 0.243254 0.221393 0.319006 4596875.064058 0.016000
16:54:28.830550 0.245065 0.224352 0.321234 4613046.011132 0.016000
16:54:29.081666 0.250981 0.227680 0.326971 4553271.620644 0.016000
16:54:29.329812 0.248008 0.230221 0.325017 4657397.908606 0.016000
16:54:29.583825 0.253878 0.233178 0.327932 4598116.260963 0.016000
16:54:29.839663 0.255702 0.235994 0.329583 4613369.913241 0.016000
16:54:30.099057 0.259260 0.238902 0.332360 4597455.371265 0.016000
16:54:30.360295 0.261092 0.241676 0.333959 4612260.206699 0.016000
16:54:30.624905 0.264464 0.244524 0.336525 4599917.013283 0.016000
16:54:30.891475 0.266421 0.247261 0.338159 4612247.655781 0.016000
16:54:31.161559 0.269943 0.250097 0.340951 4597592.844123 0.016000
16:54:31.471616 0.236568 0.248406 0.330075 5298164.321770 0.016000
16:54:31.746875 0.275106 0.251743 0.339696 4600638.002647 0.016000
16:54:32.024046 0.277031 0.254904 0.346157 4613029.785575 0.016000
16:54:32.304828 0.280627 0.258119 0.352282 4597704.225414 0.016000
16:54:32.587287 0.282307 0.261143 0.355952 4613872.193298 0.016000
16:54:32.873303 0.285850 0.264231 0.360045 4599670.382774 0.016000
16:54:33.161086 0.287643 0.267158 0.362430 4613715.974395 0.016000
16:54:33.452671 0.291425 0.270191 0.365913 4596009.427254 0.016000
16:54:33.745849 0.293032 0.273046 0.367678 4612739.627863 0.016000
16:54:34.042334 0.296346 0.275959 0.370232 4602620.699917 0.016000
16:54:34.340824 0.298339 0.278756 0.371842 4613062.680668 0.016000
16:54:34.642934 0.301975 0.281659 0.374691 4598208.280896 0.016000
16:54:35.009813 0.272927 0.280567 0.359073 5132624.345749 0.016000
16:54:35.356601 0.346631 0.288825 0.413769 4076726.535468 0.016000
16:54:35.697081 0.340342 0.295265 0.440489 4188163.118990 0.016000
16:54:36.040117 0.342891 0.301218 0.457763 4192866.225221 0.016000
16:54:36.384804 0.344539 0.306633 0.467363 4208476.564016 0.016000
16:54:36.733093 0.348150 0.311823 0.473887 4200120.458175 0.016000
16:54:37.083204 0.349975 0.316592 0.476292 4213328.210085 0.016000
16:54:37.436831 0.353481 0.321203 0.477867 4206301.814164 0.016000
16:54:37.792234 0.355263 0.325460 0.477019 4219792.159852 0.016000
16:54:38.153512 0.361128 0.329919 0.479255 4185285.039488 0.016000
16:54:38.519494 0.365834 0.334408 0.482326 4165036.627185 0.016000
16:54:38.887200 0.367554 0.338552 0.482635 4178978.358663 0.016000
16:54:39.374313 0.367631 0.342186 0.479329 4211527.794277 0.016000
16:54:39.771572 0.397086 0.349049 0.506805 3930071.503558 0.016000
16:54:40.173196 0.401465 0.355601 0.526334 3917811.611290 0.016000
16:54:40.598667 0.425332 0.364317 0.562098 3726857.469853 0.016000
16:54:41.022981 0.424160 0.371798 0.579976 3766125.957676 0.016000
16:54:41.413351 0.390202 0.374098 0.548636 4125370.481290 0.016000
16:54:41.805592 0.392101 0.376349 0.525255 4136729.555776 0.016000
16:54:42.204377 0.398641 0.379135 0.513108 4099687.566561 0.016000
16:54:42.603827 0.399306 0.381656 0.502307 4123633.897776 0.016000
16:54:43.007287 0.403322 0.384365 0.496518 4113041.382268 0.016000
16:54:43.410117 0.402688 0.386655 0.489093 4150031.514031 0.016000
16:54:44.090561 0.312617 0.377400 0.528267 5385041.945670 0.016000
16:54:44.458297 0.367582 0.376173 0.499141 4613239.000446 0.016000
16:54:44.829668 0.371231 0.375555 0.472724 4600994.087385 0.016000
16:54:45.202696 0.372880 0.375221 0.450772 4613602.454059 0.016000
16:54:45.581592 0.378742 0.375661 0.435846 4574639.446714 0.016000
16:54:45.957855 0.376116 0.375718 0.421311 4639249.132281 0.016000
16:54:46.541337 0.357799 0.373478 0.425592 4911095.083174 0.016000
16:54:46.925771 0.384268 0.374827 0.424702 4604785.698590 0.016000
16:54:47.673707 0.322960 0.368343 0.457617 2739458.821760 0.016000
16:54:48.039713 0.365860 0.368033 0.437472 2451823.199900 0.016000
16:54:48.411052 0.371194 0.368428 0.423668 2449695.522415 0.016000
16:54:48.797484 0.386291 0.370661 0.429954 2385766.003918 0.016000
16:54:49.115548 0.317920 0.364068 0.461279 2937493.990378 0.016000
16:54:49.503004 0.387253 0.366966 0.463059 2443301.633611 0.016000
16:54:49.890183 0.387023 0.369474 0.461599 2476504.158867 0.016000
16:54:50.503542 0.388600 0.371864 0.460085 2498074.427932 0.016000
16:54:50.906888 0.403175 0.375778 0.473255 2438245.720034 0.016000
16:54:51.304996 0.397956 0.378550 0.473836 2501099.789001 0.016000
16:54:51.690203 0.385051 0.379363 0.457328 2616837.687723 0.016000
16:54:52.104270 0.413911 0.383681 0.476703 2464066.745551 0.016000
16:54:52.523347 0.418925 0.388087 0.493097 2463906.151200 0.016000
16:54:52.948011 0.424513 0.392640 0.507823 2460420.144226 0.016000
16:54:53.378658 0.430489 0.397371 0.521608 2454808.008338 0.016000
16:54:53.813237 0.434431 0.402004 0.532241 2460818.433434 0.016000
16:54:54.254643 0.441138 0.406896 0.543708 2451259.988194 0.016000
16:54:55.099469 0.367642 0.401989 0.543851 2974718.643302 0.016000
16:54:55.551662 0.452030 0.408244 0.564682 2446563.587181 0.016000
16:54:56.007253 0.455434 0.414143 0.578661 2455258.894348 0.016000
16:54:56.469148 0.461743 0.420093 0.591082 2448322.367783 0.016000
16:54:56.938245 0.468942 0.426199 0.603290 2436940.169555 0.016000
16:54:57.409070 0.470677 0.431759 0.609055 2454064.385711 0.016000
16:54:57.886952 0.477735 0.437506 0.616455 2443530.191370 0.016000
16:54:58.357007 0.469898 0.441555 0.608159 2510432.983269 0.016000
16:54:58.923904 0.566741 0.457203 0.707342 2103140.626307 0.016000
16:54:59.440833 0.516759 0.464648 0.711808 2330340.041125 0.016000
16:55:00.565520 0.546326 0.474857 0.741906 2226714.770405 0.016000
16:55:01.186857 0.621178 0.493147 0.839754 1978177.228681 0.016000
16:55:01.727000 0.540008 0.499005 0.805821 2298276.772793 0.016000
16:55:02.355946 0.628800 0.515229 0.875136 1993281.955420 0.016000
16:55:03.025761 0.669657 0.534533 0.958891 1890018.345509 0.016000
16:55:03.555187 0.529272 0.533875 0.857405 2414547.498818 0.016000
16:55:04.184919 0.513194 0.531290 0.794618 2514136.541720 0.016000
16:55:04.645722 0.460636 0.522458 0.790609 2827673.654167 0.016000
16:55:05.192685 0.546815 0.525503 0.750972 2404499.137594 0.016000
16:55:05.760523 0.567698 0.530777 0.742074 2337693.625217 0.016000
16:55:06.348675 0.588014 0.537932 0.753641 2277823.753296 0.016000
16:55:06.942346 0.593534 0.544882 0.762266 2277342.185066 0.016000
16:55:07.951674 0.640221 0.556799 0.815176 2130464.721670 0.016000
16:55:08.330813 0.378980 0.534572 0.906174 3631472.425557 0.016000
16:55:08.940347 0.609391 0.543924 0.897445 2278576.577503 0.016000
16:55:09.555046 0.614549 0.552752 0.888517 2279447.495224 0.016000
16:55:10.774171 0.597044 0.558289 0.854404 2366860.769209 0.016000
16:55:11.413535 0.639182 0.568401 0.871380 2230050.798189 0.016000
16:55:12.038206 0.624515 0.575415 0.858764 2302100.699809 0.016000
16:55:12.592375 0.554024 0.572741 0.806643 2617186.348388 0.016000
16:55:13.233900 0.641362 0.581319 0.825366 2279948.156937 0.016000
16:55:14.250418 0.707022 0.597032 0.905771 2085592.952957 0.016000
16:55:14.870673 0.620093 0.599914 0.854530 2397782.775450 0.016000
16:55:15.497783 0.626967 0.603296 0.821311 2391091.623063 0.016000
16:55:15.923893 0.425964 0.581129 0.921972 3548244.524525 0.016000
16:55:16.561776 0.637745 0.588206 0.900454 2389218.622499 0.016000
16:55:17.573611 0.700918 0.602295 0.949193 2191411.216301 0.016000
16:55:18.225645 0.651865 0.608491 0.918235 2375166.617249 0.016000
16:55:18.943447 0.717665 0.622138 0.963619 2174518.881934 0.016000
16:55:19.627135 0.683549 0.629815 0.947336 2301025.410996 0.016000
16:55:20.935922 0.792573 0.650159 1.051059 2000007.632966 0.016000
16:55:21.636767 0.700664 0.656472 1.007652 2279894.358768 0.016000
16:55:22.360534 0.723622 0.664866 0.995400 2224542.390759 0.016000
16:55:22.878983 0.518306 0.646546 1.041007 3129457.681686 0.016000
16:55:23.655399 0.776264 0.662761 1.088325 2105345.086937 0.016000
16:55:24.571989 0.764017 0.675418 1.095847 2155176.878899 0.016000
16:55:25.286141 0.713993 0.680240 1.034137 2323384.662693 0.016000
16:55:25.993238 0.706947 0.683578 0.975708 2363923.115887 0.016000
16:55:26.716782 0.723356 0.688550 0.947426 2327285.569138 0.016000
16:55:27.883438 0.696574 0.689553 0.891733 2434406.203008 0.016000
16:55:28.597178 0.713577 0.692556 0.868215 2393620.441626 0.016000
16:55:29.325845 0.728522 0.697052 0.864762 2361383.531152 0.016000
16:55:30.057598 0.731603 0.701371 0.861704 2368234.760091 0.016000
16:55:30.794903 0.737148 0.705843 0.861870 2367091.078459 0.016000
16:55:31.541986 0.746925 0.710978 0.869081 2352557.121637 0.016000
16:55:32.961488 0.800829 0.722210 0.930637 2209550.536330 0.016000
16:55:33.578054 0.616401 0.708984 0.971113 2890584.919257 0.016000
16:55:34.301350 0.723116 0.710750 0.921479 2480996.404377 0.016000
16:55:35.109688 0.808196 0.722931 0.978424 2235022.010061 0.016000
16:55:35.785099 0.675264 0.716972 0.956259 2693204.907489 0.016000
16:55:36.497106 0.711857 0.716333 0.900913 2572021.899140 0.016000
16:55:37.929332 0.754767 0.721137 0.898006 2442078.341939 0.016000
16:55:38.718067 0.788568 0.729566 0.929649 2352984.084129 0.016000
16:55:39.352252 0.634025 0.717623 0.963227 2945903.421663 0.016000
16:55:40.152480 0.800066 0.727929 0.994574 2349886.151245 0.016000
16:55:40.957012 0.804383 0.737486 1.013924 2352550.845970 0.016000
16:55:41.768933 0.811775 0.746772 1.028390 2346265.988109 0.016000
16:55:43.160912 0.781658 0.751133 0.997232 2452386.563817 0.016000
16:55:43.983837 0.822701 0.760079 1.016222 2344978.373882 0.016000
16:55:44.811717 0.827725 0.768534 1.028288 2345590.813000 0.016000
16:55:45.644880 0.832995 0.776592 1.035868 2345502.177627 0.016000
16:55:46.458940 0.813905 0.781256 1.013026 2415613.613802 0.016000
16:55:48.073302 0.964503 0.804162 1.161237 2051178.583942 0.016000
16:55:49.010627 0.937159 0.820787 1.221590 2124138.880926 0.016000
16:55:49.866963 0.856160 0.825208 1.161184 2339450.773665 0.016000
16:55:51.479628 0.920424 0.837110 1.184308 2189460.546309 0.016000
16:55:52.412738 0.932946 0.849090 1.205323 2173244.831238 0.016000
16:55:53.224670 0.811793 0.844428 1.148900 2512719.100296 0.016000
16:55:54.837528 0.955045 0.858255 1.197226 2148690.410004 0.016000
16:55:55.683081 0.845395 0.856647 1.123736 2441916.245818 0.016000
16:55:56.574950 0.891727 0.861032 1.096428 2328820.444260 0.016000
16:55:57.470252 0.895158 0.865298 1.075971 2333621.413889 0.016000
16:55:58.769704 0.952808 0.876237 1.121751 2205321.205833 0.016000
16:55:59.655776 0.885921 0.877447 1.071267 2385693.528631 0.016000
16:56:01.559846 0.968559 0.888836 1.125313 2194831.643047 0.016000
16:56:02.306431 0.746426 0.871035 1.190803 2864465.731099 0.016000
16:56:03.230268 0.923681 0.877616 1.170088 2328076.415693 0.016000
16:56:04.951956 0.903438 0.880844 1.126020 2393842.579381 0.016000
16:56:05.885819 0.933697 0.887450 1.124186 2329423.227228 0.016000
16:56:06.824610 0.938631 0.893848 1.122580 2330270.218490 0.016000
16:56:08.498328 0.913541 0.896309 1.087552 2407720.957058 0.016000
16:56:09.449792 0.951284 0.903181 1.101588 2325110.228628 0.016000
16:56:10.407268 0.957330 0.909950 1.112903 2323261.599203 0.016000
16:56:11.370210 0.962789 0.916555 1.121609 2322851.490496 0.016000
16:56:12.338479 0.968131 0.923002 1.128369 2322726.829496 0.016000
16:56:13.432396 0.888839 0.918731 1.106920 2543758.750076 0.016000
16:56:14.496341 1.063784 0.936863 1.223057 2136974.929395 0.016000
16:56:15.480676 0.984185 0.942778 1.204746 2322295.143225 0.016000
16:56:16.470262 0.989423 0.948609 1.191729 2322420.153015 0.016000
16:56:17.458067 0.987663 0.953491 1.174885 2339000.738137 0.016000
16:56:18.785057 0.962520 0.954619 1.129694 2412865.919000 0.016000
16:56:19.787039 1.001827 0.960520 1.139034 2330462.241822 0.016000
16:56:20.796078 1.008901 0.966568 1.148834 2326301.314629 0.016000
16:56:21.909459 1.113230 0.984901 1.268263 2119324.412651 0.016000
16:56:23.685393 0.914938 0.976155 1.258640 2592070.795975 0.016000
16:56:24.702564 1.016996 0.981260 1.233964 2344032.483444 0.016000
16:56:25.818202 1.115480 0.998038 1.321786 2148097.324522 0.016000
16:56:26.964099 1.145743 1.016501 1.407017 2102083.733688 0.016000
16:56:28.109711 1.145466 1.032622 1.454473 2113320.094393 0.016000
16:56:29.878101 1.070368 1.037340 1.391475 2273072.329209 0.016000
16:56:30.866327 0.988056 1.031179 1.346065 2474872.008770 0.016000
16:56:32.334687 1.016344 1.029325 1.280325 2418078.750584 0.016000
16:56:33.398027 1.063175 1.033556 1.255656 2323124.684047 0.016000
16:56:34.467519 1.069345 1.038030 1.240393 2321211.588422 0.016000
16:56:35.805778 1.039338 1.038193 1.191274 2400050.543219 0.016000
16:56:36.884012 1.078076 1.043179 1.197872 2325208.715554 0.016000
16:56:38.539849 1.147918 1.056271 1.277030 2194442.487099 0.016000
16:56:39.585833 1.045824 1.054965 1.230982 2420414.789480 0.016000
16:56:40.621947 1.035921 1.052585 1.203641 2455414.807028 0.016000
16:56:42.018128 1.141472 1.063696 1.265875 2239129.626810 0.016000
16:56:43.062176 1.043881 1.061219 1.232668 2460234.594637 0.016000
16:56:45.340907 1.170035 1.074821 1.312224 2205472.701870 0.016000
16:56:46.456567 1.115501 1.079906 1.298638 2324308.243328 0.016000
16:56:48.824612 1.184204 1.092943 1.361291 2199837.001546 0.016000
16:56:50.021576 1.196807 1.105926 1.411051 2186939.249148 0.016000
16:56:51.212330 1.190606 1.116511 1.430035 2208649.831295 0.016000
16:56:52.411740 1.199263 1.126855 1.444749 2202953.242166 0.016000
16:56:53.795472 1.139906 1.128486 1.379958 2328444.770010 0.016000
16:56:55.003883 1.208252 1.138457 1.406826 2206903.943423 0.016000
16:56:56.221785 1.217758 1.148370 1.428947 2199767.220862 0.016000
16:56:57.450558 1.228627 1.158402 1.449092 2190308.428373 0.016000
16:56:59.738244 1.178827 1.160955 1.399398 2293262.617346 0.016000
16:57:00.972084 1.233678 1.170045 1.421601 2201261.835914 0.016000
16:57:02.208782 1.236554 1.178359 1.433534 2206078.892086 0.016000
16:57:03.477439 1.268512 1.189628 1.471162 2160188.072471 0.016000
16:57:04.882464 1.206562 1.191745 1.419829 2281285.092392 0.016000
16:57:06.140975 1.258340 1.200069 1.437728 2197180.618508 0.016000
16:57:08.643655 1.422850 1.227917 1.628942 1951778.291730 0.016000
16:57:09.952417 1.308596 1.238002 1.619449 2131579.358473 0.016000
16:57:12.420372 1.344089 1.251263 1.643436 2084433.348480 0.016000
16:57:13.680047 1.259502 1.252293 1.554662 2234177.964522 0.016000
16:57:16.196800 1.356237 1.265286 1.596007 2083883.669416 0.016000
16:57:17.488827 1.291859 1.268607 1.543222 2197243.038462 0.016000
16:57:19.450901 1.365816 1.280758 1.583928 2087262.306800 0.016000
16:57:20.729867 1.278790 1.280512 1.509858 2238916.480807 0.016000
16:57:22.651221 1.359913 1.290437 1.541847 2114393.910395 0.016000
