16:11:34.591306	750	4	1.203	450283	1165	-5.172899999999999
16:11:37.173183	1850	5.498645	0.0	957685	2439	0.75
16:11:39.565143	1850	7.106102	0.0	877771	2281	1.85
16:11:42.062462	1850	8.613599	0.0	933276	2378	1.85
16:11:44.712719	1850	9.956984	0.0	996749	2538	1.85
16:11:46.907192	1850	11.763498	0.0	801058	2087	1.85
16:11:49.296336	1850	13.377067	0.0	905515	2275	1.85
16:11:53.085584	1850	13.642021	0.0	1060487	3620	1.85
16:11:56.875735	1850	13.844784	0.0	852833	3597	1.85
16:12:00.924187	1850	13.795761	0.0	913888	3855	1.85
16:12:05.095605	1850	13.626221	0.0	939819	3978	1.85
16:12:07.807240	1200	14.914544	0.0	594078	2468	0.5499999999999999
16:12:10.637790	1200	16.080503	0.0	624282	2646	1.2
16:12:13.733685	1200	16.990262	0.0	687371	2911	1.2
16:12:16.120852	1200	18.606056	0.0	526950	2190	1.2
16:12:18.759254	1200	19.961925	0.0	587876	2447	1.2
16:12:21.526679	1200	21.196672	0.0	617242	2571	1.2
16:12:24.151949	1200	22.575521	0.0	581493	2429	1.2
16:12:27.034396	1200	23.692681	0.0	639204	2681	1.2
16:12:29.693783	1200	25.027673	0.0	586839	2467	1.2
16:12:32.386890	1200	26.336431	0.0	601738	2496	1.2
16:12:35.160387	1200	27.563281	0.0	616206	2582	1.2
16:12:38.109187	1200	28.611703	0.0	656471	2754	1.2
16:12:40.647076	1200	30.103434	0.0	536667	2323	1.2
16:12:43.826827	1200	30.925779	0.0	587236	2942	1.2
16:12:47.032218	1200	31.714996	0.0	590335	2969	1.2
16:12:50.757687	1200	31.978627	0.0	696376	3503	1.2
16:12:53.433439	1200	33.312134	0.0	487160	2465	1.2
16:12:56.798224	1200	33.947864	0.0	622896	3131	1.2
16:13:00.290272	1200	34.459395	0.0	641447	3258	1.2
16:13:03.371348	1200	35.377704	0.0	570392	2850	1.2
16:13:06.729056	1200	36.020728	0.0	620283	3116	1.2
16:13:09.883702	1200	36.863673	0.0	584349	2922	1.2
16:13:13.468013	1200	37.262647	0.0	670129	3368	1.2
16:13:17.164525	1200	37.594531	0.0	690253	3470	1.2
16:13:20.403821	1200	38.336474	0.0	598727	3017	1.2
16:13:23.102819	1200	39.645167	0.0	487812	2462	1.2
16:13:26.227836	1200	40.517747	0.0	575591	2894	1.2
16:13:29.518305	1200	41.230725	0.0	605884	3055	1.2
16:13:31.892143	1200	42.804538	0.0	587506	2189	1.2
16:13:33.962451	1200	44.735555	0.0	566904	1914	1.2
16:13:36.274778	1200	46.408671	0.0	641452	2174	1.2
16:13:38.445643	1200	48.252207	0.0	599477	2028	1.2
16:13:38.553899	1850	48.14643	0.0	599477	2028	1.2000000000000002
16:13:42.045709	1850	48.654367	0.0	973972	3332	1.85
16:13:45.447436	1850	49.239611	0.0	958994	3258	1.85
16:13:48.943878	1850	49.761187	0.0	982064	3354	1.85
16:13:51.908518	1850	50.766616	0.0	830730	2834	1.85
16:13:54.948768	1850	51.748657	0.0	846370	2884	1.85

