16:11:53.611254	750	4	1.943	450283	1879	-8.354899999999999
16:11:56.419800	1200	5.32886	0.0	611087	2560	0.75
16:11:59.024334	1200	6.70588	0.0	571051	2423	1.2
16:12:01.844246	1200	7.906345	0.0	617681	2622	1.2
16:12:04.834981	1200	8.913708	0.0	652874	2796	1.2
16:12:07.149079	1200	10.602707	0.0	520315	2118	1.2
16:12:09.700596	1200	12.040315	0.0	561791	2368	1.2
16:12:12.868507	1200	12.875305	0.0	709534	2990	1.2
16:12:15.502004	1200	14.246263	0.0	584846	2440	1.2
16:12:18.043967	1200	15.708896	0.0	560821	2343	1.2
16:12:20.789991	1200	16.960034	0.0	607410	2550	1.2
16:12:23.488837	1200	18.240296	0.0	594078	2529	1.2
16:12:26.291993	1200	19.458731	0.0	624282	2609	1.2
16:12:29.370222	1200	20.386424	0.0	687371	2878	1.2
16:12:31.760527	1200	21.990323	0.0	526950	2199	1.2
16:12:34.410444	1200	23.341013	0.0	587876	2454	1.2
16:12:37.194102	1200	24.557831	0.0	617242	2588	1.2
16:12:39.842702	1200	25.915816	0.0	581493	2445	1.2
16:12:43.222827	1200	26.558649	0.0	639204	3152	1.2
16:12:46.442259	1200	27.327581	0.0	586839	2987	1.2
16:12:49.688720	1200	28.072694	0.0	601738	3042	1.2
16:12:52.993613	1200	28.780923	0.0	616206	3080	1.2
16:12:56.515356	1200	29.261296	0.0	656471	3282	1.2
16:12:59.437104	1200	30.338874	0.0	536667	2689	1.2
16:13:02.628748	1200	31.146059	0.0	587236	2956	1.2
16:13:05.857195	1200	31.919994	0.0	590335	2991	1.2
16:13:09.603494	1200	32.174501	0.0	696376	3503	1.2
16:13:12.281587	1200	33.49564	0.0	487160	2445	1.2
16:13:15.629932	1200	34.144905	0.0	622896	3109	1.2
16:13:19.094964	1200	34.681637	0.0	641447	3230	1.2
16:13:22.188143	1200	35.55572	0.0	570392	2884	1.2
16:13:25.531626	1200	36.243434	0.0	620283	3116	1.2
16:13:28.695604	1200	37.085719	0.0	584349	2922	1.2
16:13:31.647264	1200	38.078806	0.0	670129	2773	1.2
16:13:34.103928	1200	39.626625	0.0	690253	2295	1.2
16:13:36.271666	1200	41.437449	0.0	598727	2031	1.2
16:13:38.886889	1850	42.838957	0.0	728962	2424	1.2000000000000002
16:13:42.233176	1850	43.492284	0.0	938587	3192	1.85
16:13:45.469745	1850	44.23112	0.0	908665	3105	1.85
16:13:48.814345	1850	44.916652	0.0	930577	3177	1.85
16:13:51.887442	1850	45.828094	0.0	858450	2934	1.85
16:13:55.399927	1850	46.300587	0.0	1025005	3393	1.85
16:13:57.768063	1850	47.931455	0.0	886255	2256	1.85
16:14:00.376342	1850	49.322665	0.0	973972	2493	1.85
16:14:02.936576	1850	50.764599	0.0	958994	2444	1.85
16:14:05.552471	1850	52.147247	0.0	982064	2501	1.85
16:14:07.777671	1850	53.920389	0.0	830730	2109	1.85
16:14:10.050476	1850	55.649021	0.0	846370	2158	1.85
16:14:11.670200	1850	55.708629	0.0	598850	1507	1.85

