16:12:44.347627	750	4	2.312	450283	2238	-9.941600000000001
16:12:47.716298	1200	4.783597	0.0	611087	3092	0.75
16:12:50.845116	1200	5.645419	0.0	571051	2915	1.2
16:12:54.201827	1200	6.304631	0.0	617681	3136	1.2
16:12:57.746939	1200	6.744295	0.0	652874	3331	1.2
16:13:00.569203	1200	7.933012	0.0	520315	2595	1.2
16:13:03.620219	1200	8.891404	0.0	561791	2831	1.2
16:13:07.416278	1200	9.09496	0.0	709534	3565	1.2
16:13:10.593557	1200	9.916166	0.0	584846	2945	1.2
16:13:13.615919	1200	10.896222	0.0	560821	2790	1.2
16:13:16.922850	1200	11.570309	0.0	607410	3090	1.2
16:13:20.152983	1200	12.358132	0.0	594078	3000	1.2
16:13:23.495407	1200	13.00861	0.0	624282	3122	1.2
16:13:27.205629	1200	13.308724	0.0	687371	3473	1.2
16:13:30.088505	1200	14.42803	0.0	526950	2644	1.2
16:13:32.284822	1200	16.178393	0.0	587876	2012	1.2
16:13:34.518662	1200	17.944038	0.0	617242	2083	1.2
16:13:36.600929	1200	19.86245	0.0	581493	1927	1.2
16:13:40.104574	1850	20.354521	0.0	987708	3309	1.2000000000000002
16:13:43.393758	1850	21.065669	0.0	923755	3134	1.85
16:13:46.578572	1850	21.878323	0.0	891604	3033	1.85
16:13:49.986964	1850	22.478172	0.0	955231	3250	1.85
16:13:53.445007	1850	23.014508	0.0	968026	3307	1.85
16:13:56.160184	1850	24.274937	0.0	874175	2587	1.85
16:13:58.570826	1850	25.862903	0.0	897976	2299	1.85
16:14:00.987528	1850	27.428608	0.0	905935	2321	1.85
16:14:03.867143	1850	28.566515	0.0	1076599	2761	1.85
16:14:05.936329	1850	30.499767	0.0	758197	1957	1.85
16:14:08.520047	1850	31.916154	0.0	972798	2467	1.85
16:14:11.135161	1850	33.299657	0.0	975811	2501	1.85
16:14:12.461783	1850	35.916239	0.0	873429	1271	1.85
16:14:13.793862	2850	38.584217	0.0	1497683	1303	1.85
16:14:14.998506	2850	41.379342	0.0	1358081	1181	2.85
16:14:17.037704	4300	43.340121	0.0	2286761	1985	2.8499999999999996
16:14:19.070944	4300	45.30691	0.0	2307787	2004	4.3
16:14:20.967478	4300	47.41038	0.0	2143948	1861	4.3
16:14:22.737051	4300	49.640277	0.0	1919781	1665	4.3
16:14:24.636014	4300	51.744597	0.0	2147467	1871	4.3
16:14:26.521634	4300	53.856548	0.0	2133870	1856	4.3
16:14:28.417325	4300	55.961045	0.0	2146120	1869	4.3
16:14:30.280570	4300	58.097571	0.0	2108491	1836	4.3
16:14:32.710757	4300	59.749749	0.0	2184571	1902	4.3
16:14:37.086097	4300	59.499744	0.0	2121928	1848	4.3
16:14:41.049411	4300	59.499752	0.0	2219102	1932	4.3
16:14:44.928677	4300	59.499738	0.0	2124950	1849	4.3
16:14:48.913892	4300	59.499739	0.0	2246506	1960	4.3
16:14:52.649954	4300	59.749753	0.0	1961140	1708	4.3
16:14:57.055023	4300	59.499741	0.0	2155012	1876	4.3
16:14:58.327532	4300	59.730846	0.0	1433658	1247	4.3

