16:11:03.815020	750	4	0.755	450283	739	-3.2465
16:11:07.576733	4300	4.485997	0.211	2123065	3666	-0.15730000000000022
16:11:09.887228	2850	6.169955	0.0	1300868	2238	1.4000000000000001
16:11:12.572185	2850	7.485877	0.0	1520281	2607	2.85
16:11:15.171248	2850	8.890265	0.0	1472558	2521	2.85
16:11:17.343065	2850	10.718474	0.0	1224260	2091	2.85
16:11:19.800086	2850	12.255741	0.0	1388403	2378	2.85
16:11:22.771986	2850	13.254569	0.0	1638769	2844	2.85
16:11:25.159169	2850	14.895251	0.0	1348011	2327	2.85
16:11:27.681513	2850	16.373265	0.0	1429765	2463	2.85
16:11:30.090964	2850	17.961038	0.0	1354548	2351	2.85
16:11:32.946360	2850	19.137844	0.0	1519951	2763	2.85
16:11:36.639026	2850	19.44043	0.0	1422919	3582	2.85
16:11:40.805115	2850	19.278822	0.0	1578343	4044	2.85
16:11:44.093288	2850	19.988657	0.0	1231445	3176	2.85
16:11:47.989870	2850	20.09284	0.0	1471065	3787	2.85
16:11:50.704716	1850	21.405489	0.0	966699	2568	0.8500000000000001
16:11:54.431662	1850	21.703321	0.0	885714	3551	1.85
16:11:58.789137	1850	21.347182	0.0	987708	4164	1.85
16:12:02.859337	1850	21.269113	0.0	923755	3885	1.85
16:12:06.811578	1850	21.323476	0.0	891604	3766	1.85
16:12:09.621844	1200	22.513332	0.0	616206	2577	0.5499999999999999
16:12:12.558010	1200	23.575664	0.0	656471	2758	1.2
16:12:14.991355	1200	25.141931	0.0	536667	2245	1.2
16:12:17.657045	1200	26.479843	0.0	587236	2472	1.2
16:12:20.327319	1200	27.808007	0.0	590335	2476	1.2
16:12:23.438081	1200	28.688921	0.0	696376	2926	1.2
16:12:25.678005	1200	30.457583	0.0	487160	2060	1.2
16:12:28.487285	1200	31.648952	0.0	622896	2620	1.2
16:12:31.399571	1200	32.736142	0.0	641447	2719	1.2
16:12:33.968652	1200	34.165623	0.0	570392	2390	1.2
16:12:36.760249	1200	35.37682	0.0	620283	2596	1.2
16:12:39.404162	1200	36.730315	0.0	584349	2455	1.2
16:12:42.834553	1200	37.323241	0.0	670129	3213	1.2
16:12:46.506070	1200	37.63683	0.0	690253	3460	1.2
16:12:49.744925	1200	38.396648	0.0	598727	3024	1.2
16:12:52.434364	1200	39.727034	0.0	487812	2452	1.2
16:12:55.558324	1200	40.601424	0.0	575591	2899	1.2
16:12:58.839638	1200	41.328509	0.0	605884	3045	1.2
16:13:02.028114	1200	42.130566	0.0	587506	2959	1.2
16:13:05.101665	1200	43.05541	0.0	566904	2851	1.2
16:13:08.576472	1200	43.576946	0.0	641452	3259	1.2
16:13:11.829220	1200	44.326369	0.0	599477	3031	1.2
16:13:15.251304	1200	44.908224	0.0	634861	3197	1.2
16:13:18.727084	1200	45.426078	0.0	630203	3231	1.2
16:13:22.160486	1200	45.976787	0.0	638661	3230	1.2
16:13:25.091208	1200	47.064391	0.0	538612	2727	1.2
16:13:28.097017	1200	48.061807	0.0	550906	2767	1.2
16:13:30.272901	1200	47.564538	0.0	391450	1945	1.2

