16:11:54.644499	750	4	1.914	450283	1846	-8.230199999999998
16:11:57.505333	1200	5.276799	0.0	611087	2598	0.75
16:12:00.119165	1200	6.665506	0.0	571051	2420	1.2
16:12:02.917718	1200	7.84571	0.0	617681	2621	1.2
16:12:05.875635	1200	8.90404	0.0	652874	2775	1.2
16:12:08.208427	1200	10.570208	0.0	520315	2148	1.2
16:12:10.732320	1200	12.043333	0.0	561791	2341	1.2
16:12:13.916179	1200	12.865256	0.0	709534	2988	1.2
16:12:16.533938	1200	14.249572	0.0	584846	2421	1.2
16:12:19.073457	1200	15.70678	0.0	560821	2345	1.2
16:12:21.809450	1200	16.971158	0.0	607410	2543	1.2
16:12:24.500199	1200	18.285372	0.0	594078	2496	1.2
16:12:27.313093	1200	19.465982	0.0	624282	2621	1.2
16:12:30.389625	1200	20.391422	0.0	687371	2877	1.2
16:12:32.776409	1200	22.006657	0.0	526950	2198	1.2
16:12:35.438528	1200	23.341888	0.0	587876	2467	1.2
16:12:38.226784	1200	24.555463	0.0	617242	2595	1.2
16:12:40.990701	1200	25.815516	0.0	581493	2544	1.2
16:12:44.420070	1200	26.366491	0.0	639204	3215	1.2
16:12:47.630711	1200	27.167964	0.0	586839	2984	1.2
16:12:50.863493	1200	27.922281	0.0	601738	3033	1.2
16:12:54.190015	1200	28.59887	0.0	616206	3108	1.2
16:12:57.728695	1200	29.060804	0.0	656471	3334	1.2
16:13:00.640178	1200	30.147563	0.0	536667	2702	1.2
16:13:03.846019	1200	30.96868	0.0	587236	2954	1.2
16:13:07.080654	1200	31.727977	0.0	590335	3001	1.2
16:13:10.798440	1200	32.020228	0.0	696376	3472	1.2
16:13:13.484331	1200	33.302519	0.0	487160	2474	1.2
16:13:16.856575	1200	33.942364	0.0	622896	3151	1.2
16:13:20.308070	1200	34.494738	0.0	641447	3242	1.2
16:13:23.400121	1200	35.402732	0.0	570392	2875	1.2
16:13:26.756002	1200	36.053417	0.0	620283	3133	1.2
16:13:29.903244	1200	36.904347	0.0	584349	2913	1.2
16:13:32.406125	1200	38.357353	0.0	670129	2317	1.2
16:13:34.883900	1200	39.873429	0.0	690253	2324	1.2
16:13:37.035411	1200	41.72387	0.0	598727	1992	1.2
16:13:39.685788	1850	43.072586	0.0	728962	2456	1.2000000000000002
16:13:43.029408	1850	43.726791	0.0	938587	3185	1.85
16:13:46.277127	1850	44.480416	0.0	908665	3091	1.85
16:13:49.596205	1850	45.161262	0.0	930577	3164	1.85
16:13:52.664736	1850	46.09218	0.0	858450	2914	1.85
16:13:55.985781	1850	46.745649	0.0	1025005	3185	1.85
16:13:58.365635	1850	48.364489	0.0	886255	2264	1.85
16:14:00.961133	1850	49.760726	0.0	973972	2491	1.85
16:14:03.536294	1850	51.197031	0.0	958994	2471	1.85
16:14:06.123195	1850	52.60688	0.0	982064	2473	1.85
16:14:08.374088	1850	54.357787	0.0	830730	2134	1.85
16:14:10.643062	1850	56.089054	0.0	846370	2153	1.85
16:14:12.071303	1850	56.314277	0.0	598850	1339	1.85

