16:11:03.890354	750	4	0.768	450283	737	-3.3023999999999996
16:11:07.658486	4300	4.288353	0.0	2123065	3657	0.75
16:11:09.972489	2850	5.962677	0.0	1300868	2223	1.4000000000000001
16:11:12.672080	2850	7.273743	0.0	1520281	2616	2.85
16:11:15.272853	2850	8.664967	0.0	1472558	2524	2.85
16:11:17.436318	2850	10.500027	0.0	1224260	2089	2.85
16:11:19.849816	2850	12.054603	0.0	1388403	2371	2.85
16:11:22.812957	2850	13.125766	0.0	1638769	2852	2.85
16:11:25.200450	2850	14.73406	0.0	1348011	2314	2.85
16:11:27.735217	2850	16.201552	0.0	1429765	2452	2.85
16:11:30.151905	2850	17.789482	0.0	1354548	2332	2.85
16:11:33.052660	2850	18.91632	0.0	1519951	2796	2.85
16:11:36.744849	2850	19.218124	0.0	1422919	3583	2.85
16:11:40.907174	2850	19.055019	0.0	1578343	4040	2.85
16:11:44.182919	2850	19.78436	0.0	1231445	3156	2.85
16:11:48.069368	2850	19.898735	0.0	1471065	3767	2.85
16:11:50.851311	1850	21.138302	0.0	966699	2612	0.8500000000000001
16:11:54.618437	1850	21.38374	0.0	885714	3601	1.85
16:11:58.977192	1850	21.0224	0.0	987708	4191	1.85
16:12:03.037565	1850	20.984353	0.0	923755	3871	1.85
16:12:06.999424	1850	21.019453	0.0	891604	3763	1.85
16:12:09.817374	1200	22.197157	0.0	616206	2585	0.5499999999999999
16:12:12.772066	1200	23.238452	0.0	656471	2764	1.2
16:12:15.217778	1200	24.795585	0.0	536667	2262	1.2
16:12:17.864079	1200	26.150445	0.0	587236	2454	1.2
16:12:20.528499	1200	27.485193	0.0	590335	2479	1.2
16:12:23.606608	1200	28.411067	0.0	696376	2879	1.2
16:12:25.848806	1200	30.171617	0.0	487160	2044	1.2
16:12:28.643124	1200	31.373807	0.0	622896	2592	1.2
16:12:31.538009	1200	32.479363	0.0	641447	2699	1.2
16:12:34.114687	1200	33.907198	0.0	570392	2376	1.2
16:12:36.906712	1200	35.114223	0.0	620283	2590	1.2
16:12:39.543538	1200	36.472545	0.0	584349	2445	1.2
16:12:43.008059	1200	37.037395	0.0	670129	3243	1.2
16:12:46.686175	1200	37.358413	0.0	690253	3439	1.2
16:12:49.923355	1200	38.120573	0.0	598727	3001	1.2
16:12:52.597228	1200	39.44205	0.0	487812	2441	1.2
16:12:55.731518	1200	40.320082	0.0	575591	2887	1.2
16:12:58.998131	1200	41.042416	0.0	605884	3033	1.2
16:13:02.161731	1200	41.87572	0.0	587506	2934	1.2
16:13:05.218716	1200	42.819105	0.0	566904	2831	1.2
16:13:08.713721	1200	43.326768	0.0	641452	3263	1.2
16:13:11.972506	1200	44.0696	0.0	599477	3023	1.2
16:13:15.405639	1200	44.627953	0.0	634861	3199	1.2
16:13:18.803807	1200	45.217794	0.0	630203	3184	1.2
16:13:22.235242	1200	45.774139	0.0	638661	3223	1.2
16:13:25.174950	1200	46.851528	0.0	538612	2710	1.2
16:13:28.158412	1200	47.858785	0.0	550906	2765	1.2
16:13:30.314186	1200	47.387369	0.0	391450	1937	1.2

