22:37:29.886385 0.114629 0.114629 0.573144 107198.198690 0.500000
22:37:29.994680 0.108121 0.113815 0.464210 227301.066180 0.500000
22:37:30.154674 0.159854 0.119570 0.428405 307480.241989 0.500000
22:37:30.262963 0.108134 0.118141 0.361203 909094.008815 0.500000
22:37:30.358923 0.095822 0.115351 0.319966 2051802.334451 0.500000
22:37:30.609412 0.250347 0.132225 0.420683 1570683.028388 0.500000
22:37:30.952312 0.342754 0.158541 0.585413 2294451.002375 0.500000
22:37:31.309487 0.357030 0.183352 0.701995 2237123.464352 0.500000
22:37:31.721527 0.411891 0.211920 0.829440 1968987.019206 0.500000
22:37:32.263122 0.340222 0.227958 0.819400 2419879.625271 0.211920
22:37:32.650245 0.386944 0.247831 0.850399 2159443.950616 0.211920
22:37:33.042907 0.392533 0.265919 0.862547 2160001.482680 0.211920
22:37:33.997192 0.391292 0.281590 0.854435 2198255.499117 0.265919
22:37:34.402583 0.405229 0.297045 0.850317 2152974.744384 0.265919
22:37:34.813836 0.411059 0.311297 0.840265 2152333.872595 0.265919
22:37:35.068581 0.254581 0.304207 0.757649 3523531.173073 0.265919
22:37:35.428706 0.359979 0.311179 0.707032 2526014.619126 0.265919
22:37:35.985868 0.404639 0.322861 0.713211 2277585.667982 0.311179
22:37:36.417495 0.431456 0.336436 0.737793 2164504.198283 0.311179
22:37:36.856261 0.438626 0.349209 0.752418 2157135.897315 0.311179
22:37:37.298787 0.442350 0.360852 0.756399 2166754.101545 0.311179
22:37:37.748140 0.449202 0.371896 0.756906 2161058.652510 0.311179
22:37:38.532935 0.447059 0.381291 0.745212 2198903.635194 0.371896
22:37:38.994817 0.461721 0.391345 0.744715 2155691.688059 0.371896
22:37:39.461962 0.466988 0.400800 0.741471 2157692.119200 0.371896
22:37:39.768396 0.306294 0.388987 0.738996 3329820.755837 0.371896
22:37:40.242816 0.474285 0.399649 0.747454 2176312.228386 0.371896
22:37:40.722486 0.479529 0.409634 0.750368 2178136.650500 0.371896
22:37:41.118709 0.396075 0.407939 0.677049 2668100.669114 0.371896
22:37:41.607262 0.488419 0.417999 0.700311 2188808.947975 0.371896
22:37:42.209767 0.470329 0.424541 0.688604 2299122.303041 0.584510
22:37:42.616619 0.406675 0.422307 0.638220 2689203.246331 0.584510
22:37:43.066995 0.450218 0.425796 0.615642 2456410.211703 0.584510
22:37:43.564204 0.497064 0.434705 0.648356 2249626.367544 0.584510
22:37:43.987061 0.422704 0.433205 0.605444 2674438.968512 0.584510
22:37:44.838659 0.469511 0.437743 0.603229 2433987.535666 0.617721
22:37:45.273875 0.435069 0.437409 0.564197 2654916.292685 0.617721
22:37:45.803375 0.529365 0.448903 0.635951 2205207.865468 0.617721
22:37:46.336336 0.532814 0.459392 0.683589 2213995.770952 0.617721
22:37:46.780282 0.443754 0.457437 0.641223 2686029.001404 0.617721
22:37:47.205807 0.425379 0.453430 0.623327 2830943.447676 0.617721
22:37:47.943827 0.513450 0.460933 0.648376 2369289.423982 0.657574
22:37:48.498112 0.554113 0.472580 0.706343 2217597.616645 0.657574
22:37:49.057755 0.559494 0.483444 0.745681 2218232.829738 0.657574
22:37:49.619221 0.561319 0.493179 0.767731 2232911.674426 0.657574
22:37:50.187652 0.568288 0.502567 0.783591 2227152.085485 0.657574
22:37:50.643279 0.455486 0.496682 0.754531 2805689.972607 0.657574
22:37:51.222616 0.579198 0.506997 0.782899 2227632.449151 0.657574
22:37:52.069756 0.629347 0.522290 0.851568 2069649.687864 0.704069
22:37:52.659469 0.589558 0.530699 0.844924 2230172.865034 0.704069
22:37:53.252876 0.593266 0.538520 0.836756 2236945.951722 0.704069
22:37:53.816336 0.563311 0.541619 0.790087 2377712.777159 0.704069
22:37:54.420318 0.603835 0.549396 0.797964 2238491.910791 0.704069
22:37:55.189298 0.583153 0.553615 0.773799 2338953.890282 0.737280
22:37:55.805828 0.616379 0.561461 0.789362 2232807.979413 0.737280
22:37:56.427602 0.621626 0.568981 0.800072 2233729.320802 0.737280
22:37:57.078641 0.650892 0.579220 0.834449 2152172.646958 0.737280
22:37:57.709140 0.630353 0.585612 0.828166 2241790.748899 0.737280
22:37:58.559992 0.612400 0.588960 0.797664 2327576.538443 0.770491
22:37:59.203024 0.642881 0.595701 0.806149 2236332.467964 0.770491
22:37:59.851672 0.648501 0.602301 0.812937 2235901.225045 0.770491
22:38:00.527594 0.675779 0.611485 0.842942 2163831.333110 0.770491
22:38:01.184163 0.656400 0.617100 0.835606 2246435.219351 0.770491
22:38:02.056052 0.634898 0.619325 0.801003 2341868.402554 0.803702
22:38:02.720462 0.664250 0.624940 0.806125 2256884.748767 0.803702
22:38:03.293016 0.572410 0.618374 0.806792 2640456.523072 0.803702
22:38:03.963162 0.669995 0.624827 0.817761 2274214.560032 0.803702
22:38:04.556230 0.592919 0.620838 0.797447 2590573.635581 0.803702
22:38:05.351357 0.674954 0.627603 0.814175 2293916.538460 0.836912
22:38:05.948229 0.596696 0.623739 0.794575 2615362.364809 0.836912
22:38:06.646494 0.698097 0.633034 0.835519 2253073.743637 0.836912
22:38:07.117072 0.470425 0.612708 0.927180 3369615.912276 0.836912
22:38:07.824149 0.706937 0.624487 0.954570 2259663.635219 0.836912
22:38:08.791430 0.759081 0.641311 1.023468 2120627.759051 0.870123
22:38:09.509089 0.717507 0.650835 1.013649 2260627.783112 0.870123
22:38:10.191202 0.681977 0.654728 0.957980 2396420.875549 0.870123
22:38:10.889329 0.697966 0.660133 0.930810 2359128.907357 0.870123
22:38:11.621343 0.731830 0.669095 0.943800 2266756.307106 0.870123
22:38:12.489212 0.712721 0.674548 0.924203 2344772.081280 0.903334
22:38:13.233562 0.744188 0.683253 0.940134 2262137.848202 0.903334
22:38:14.051309 0.817594 0.700046 1.027047 2074065.970975 0.903334
22:38:14.806367 0.754908 0.706904 1.007017 2262569.489232 0.903334
22:38:15.625682 0.730775 0.709887 0.958844 2354103.908555 0.929903
22:38:16.391279 0.765448 0.716833 0.959110 2263521.217058 0.929903
22:38:17.117647 0.726217 0.718006 0.909099 2402719.744050 0.929903
22:38:17.892270 0.774485 0.725066 0.924865 2268841.549703 0.929903
22:38:19.003310 0.764070 0.729941 0.918795 2315850.538823 0.956471
22:38:19.788547 0.785077 0.736833 0.933609 2269535.759450 0.956471
22:38:20.564744 0.776053 0.741736 0.928538 2311759.068299 0.956471
22:38:21.358889 0.794009 0.748270 0.940645 2274956.666305 0.956471
22:38:22.527175 0.769410 0.750912 0.916334 2363660.789850 0.983040
22:38:23.333652 0.806309 0.757837 0.937300 2270732.479253 0.983040
22:38:24.098730 0.764928 0.758723 0.900412 2409638.231348 0.983040
22:38:24.908750 0.809874 0.765117 0.922534 2291082.827553 0.983040
22:38:25.808320 0.793660 0.768685 0.915290 2353370.681927 1.009609
22:38:26.598334 0.789865 0.771332 0.902467 2380234.546011 1.009609
22:38:27.428183 0.829663 0.778624 0.935305 2280868.150982 1.009609
22:38:28.263264 0.834904 0.785659 0.959450 2281268.387274 1.009609
22:38:29.501214 0.900222 0.799979 1.044886 2129394.600122 1.036177
22:38:30.291366 0.790005 0.798732 0.992387 2442030.210662 1.036177
22:38:31.051806 0.760294 0.793928 0.977607 2553622.809974 1.036177
22:38:32.918591 0.957437 0.814366 1.115635 2040648.531573 0.685541
22:38:33.670441 0.751695 0.806532 1.095155 2615529.191113 0.685541
22:38:34.562388 0.891815 0.817193 1.118942 2218361.562979 0.685541
22:38:35.569709 1.007175 0.840940 1.257235 1976474.386871 0.685541
22:38:36.501870 0.932016 0.852325 1.255622 2149044.342012 0.685541
22:38:38.421137 0.993422 0.869962 1.313532 2028575.908624 0.707099
22:38:39.229599 0.808281 0.862252 1.256610 2508433.998012 0.707099
22:38:39.985915 0.756162 0.848991 1.250849 2697580.933383 0.707099
22:38:40.792409 0.806358 0.843662 1.187688 2544894.891409 0.707099
22:38:41.671901 0.879348 0.848122 1.141829 2347630.820436 0.707099
22:38:43.364875 0.840721 0.847197 1.074878 2470108.012015 0.728657
22:38:44.262375 0.897295 0.853459 1.074318 2328063.796480 0.728657
22:38:45.235720 0.973189 0.868426 1.153799 2159136.355392 0.728657
22:38:46.147166 0.911281 0.873783 1.130668 2319301.892094 0.728657
22:38:47.180680 1.033353 0.893729 1.245964 2057209.699166 0.728657
22:38:49.105525 0.983092 0.904899 1.258439 2174884.800783 0.750215
22:38:50.032994 0.927306 0.907700 1.195261 2318975.771243 0.750215
22:38:51.086565 1.053432 0.925917 1.287319 2052992.528349 0.750215
22:38:52.038906 0.952203 0.929202 1.226541 2284151.508916 0.750215
22:38:52.878550 0.839492 0.917989 1.230703 2605461.141738 0.750215
22:38:54.180315 1.044987 0.933863 1.295397 2104860.708609 0.771773
22:38:55.091518 0.911039 0.931010 1.224985 2427821.117682 0.771773
22:38:56.132642 1.040964 0.944755 1.275189 2136604.377231 0.771773
22:38:56.969986 0.837193 0.931309 1.286697 2671326.644286 0.771773
22:38:58.032418 1.062280 0.947681 1.345192 2116865.730080 0.771773
22:38:59.282169 1.051510 0.960659 1.362622 2150233.278281 0.793331
22:39:00.128303 0.845966 0.946323 1.362488 2687199.874958 0.793331
22:39:01.095902 0.967437 0.948962 1.282200 2362497.952590 0.793331
22:39:02.065885 0.969830 0.951571 1.222367 2369338.867963 0.793331
22:39:03.003939 0.937909 0.949863 1.166622 2463079.335204 0.793331
22:39:04.408653 0.998856 0.955987 1.167550 2325091.747649 0.814888
22:39:05.294125 0.885287 0.947149 1.176521 2637246.313959 0.814888
22:39:06.299848 1.005564 0.954451 1.184895 2334021.563815 0.814888
22:39:07.327349 1.027316 0.963559 1.209257 2296563.406918 0.814888
22:39:08.399841 1.072338 0.977157 1.270208 2211600.977905 0.814888
22:39:09.950469 1.070877 0.988872 1.302381 2226093.532077 0.836446
22:39:11.021710 1.071084 0.999148 1.316492 2237135.415724 0.836446
22:39:12.068182 1.046330 1.005046 1.290236 2301804.887996 0.836446
22:39:14.263613 1.112366 1.018461 1.339673 2176204.670683 0.849381
22:39:15.255875 0.992112 1.015167 1.282426 2452368.475511 0.849381
22:39:16.357331 1.101300 1.025934 1.312510 2220386.813274 0.849381
22:39:17.448225 1.090745 1.034035 1.313779 2253138.967011 0.849381
22:39:18.628780 1.180406 1.052332 1.408510 2092405.328469 0.849381
22:39:19.855533 1.076155 1.055310 1.346267 2306522.872261 1.052332
22:39:20.928249 1.072530 1.057462 1.292900 2325775.435117 1.052332
22:39:22.106137 1.177733 1.072496 1.369345 2128455.361405 1.052332
22:39:23.280562 1.174273 1.085218 1.409632 2145191.084033 1.052332
22:39:24.460353 1.179613 1.097017 1.434723 2145897.229235 1.052332
22:39:25.755164 1.072152 1.093909 1.372054 2372439.423870 1.097017
22:39:26.885043 1.129730 1.098387 1.342816 2262402.548611 1.097017
22:39:27.884407 0.999218 1.085991 1.368481 2570201.931167 1.097017
22:39:29.056081 1.171527 1.096683 1.394087 2202663.426078 1.097017
22:39:30.524829 1.054162 1.091368 1.356942 2459553.595558 1.096683
22:39:31.569452 1.044447 1.085503 1.331604 2494196.581259 1.096683
22:39:32.711790 1.142193 1.092589 1.333855 2291507.493902 1.096683
22:39:34.019571 1.168044 1.102021 1.358426 2251312.276568 1.092589
22:39:35.069638 1.049908 1.095507 1.339923 2516334.378307 1.092589
22:39:37.093563 1.043874 1.089053 1.323998 2542651.637608 1.095507
22:39:38.285055 1.191328 1.101837 1.380321 2238255.032185 1.095507
22:39:39.429175 1.143977 1.107105 1.358108 2341641.145853 1.095507
22:39:40.820817 1.104344 1.106760 1.297772 2436805.636905 1.107105
22:39:41.966676 1.145701 1.111627 1.293828 2359568.649687 1.107105
22:39:43.071803 1.104976 1.110796 1.254098 2457652.984740 1.107105
22:39:44.484001 1.128170 1.112968 1.237818 2418018.532253 1.110796
22:39:46.097544 0.375386 1.020770 1.851989 3633507.912294 1.110796
22:39:47.246168 0.644679 0.973759 1.973264 2134793.223551 1.020770
22:39:47.832288 0.585964 0.925284 2.062708 2369674.731234 1.020770
22:39:48.450615 0.618182 0.886896 2.047067 2266051.303888 1.020770
22:39:48.996007 0.545256 0.844191 2.055959 2591663.843489 1.020770
22:39:49.903814 0.598622 0.813495 1.967891 2381148.372067 0.770491
22:39:50.555772 0.651810 0.793285 1.820766 2205697.406839 0.770491
22:39:51.191782 0.635861 0.773607 1.701641 2280347.721493 0.770491
22:39:51.788516 0.596581 0.751478 1.624530 2451087.184488 0.770491
22:39:52.355283 0.566624 0.728372 1.568015 2602359.892451 0.770491
22:39:53.308472 0.642614 0.717652 1.433142 2313750.182276 0.803702
22:39:53.966616 0.657993 0.710195 1.306471 2278346.980836 0.803702
22:39:54.620380 0.653618 0.703122 1.206907 2312397.036664 0.803702
22:39:55.212077 0.591532 0.689174 1.178602 2575874.205814 0.803702
22:39:55.880876 0.668646 0.686608 1.074207 2297179.339670 0.803702
22:39:56.632290 0.629087 0.679418 1.027638 2461166.850813 0.836912
22:39:57.312633 0.680194 0.679515 0.941456 2294309.682221 0.836912
22:39:58.078378 0.765602 0.690276 0.972819 2054414.395839 0.836912
22:39:58.684224 0.605712 0.679705 0.976176 2617006.374317 0.836912
22:40:00.119492 0.746315 0.688031 0.976995 2140436.671880 0.863481
22:40:00.737681 0.618033 0.679282 0.966003 2604599.068949 0.863481
22:40:01.587992 0.850161 0.700641 1.086561 1907893.105724 0.863481
22:40:02.231212 0.643074 0.693446 1.040453 2541394.171322 0.863481
22:40:03.271579 0.719283 0.696675 0.982769 2289212.677142 0.890050
22:40:04.030087 0.758352 0.704385 0.980632 2187480.101297 0.890050
22:40:04.747890 0.717652 0.706043 0.926496 2328660.420396 0.890050
22:40:05.469189 0.721158 0.707933 0.888387 2334378.784478 0.890050
22:40:06.028569 0.559235 0.689345 0.973383 3032256.044366 0.890050
22:40:06.969940 0.705069 0.691311 0.920063 2422503.105809 0.923261
22:40:07.769278 0.799172 0.704794 0.984219 2152627.530871 0.923261
22:40:08.267970 0.498514 0.679009 1.094857 3475545.759942 0.923261
22:40:08.646463 0.378323 0.641423 1.253995 4612184.930687 0.923261
22:40:09.142809 0.366743 0.607088 1.341197 4791321.387109 0.949829
22:40:09.526554 0.383573 0.579149 1.353245 4613129.039439 0.949829
22:40:09.913830 0.387134 0.555147 1.327734 4602436.505341 0.949829
22:40:10.302866 0.388899 0.534366 1.280054 4613145.301164 0.949829
22:40:10.924213 0.376662 0.514653 1.231622 4795641.513287 0.976398
22:40:11.318414 0.394051 0.499578 1.157907 4615198.677188 0.976398
22:40:11.716392 0.397844 0.486861 1.082341 4602084.358494 0.976398
22:40:12.116137 0.399608 0.475954 1.009817 4612518.709034 0.976398
22:40:12.680691 0.387189 0.464859 0.954021 4792203.353936 0.651048
22:40:13.085719 0.404875 0.457361 0.884216 4613215.968437 0.651048
22:40:13.494377 0.408514 0.451255 0.820243 4602201.870548 0.651048
22:40:13.904723 0.410208 0.446124 0.763912 4613152.500067 0.651048
22:40:14.318718 0.413850 0.442090 0.712705 4602246.423180 0.651048
22:40:14.734446 0.415583 0.438776 0.668244 4612622.227819 0.651048
22:40:15.437981 0.403080 0.434314 0.642112 4786186.524431 0.448655
22:40:15.859006 0.420863 0.432633 0.601932 4613150.599450 0.448655
22:40:16.283596 0.424444 0.431609 0.566773 4603177.535247 0.448655
22:40:16.705017 0.421277 0.430318 0.542023 4666952.585520 0.448655
22:40:17.125067 0.419901 0.429016 0.523211 4711511.757873 0.448655
22:40:17.556794 0.431582 0.429336 0.502549 4612463.262573 0.448655
22:40:17.992135 0.435181 0.430067 0.490821 4602552.389700 0.448655
22:40:18.429148 0.436855 0.430916 0.483269 4613044.697590 0.448655
22:40:19.007865 0.424353 0.430095 0.475923 4777910.260655 0.471516
22:40:19.450260 0.442235 0.431613 0.478123 4612497.953295 0.471516
22:40:19.896202 0.445798 0.433386 0.482454 4603195.325513 0.471516
22:40:20.343880 0.447513 0.435152 0.486080 4613013.527254 0.471516
22:40:20.795193 0.451163 0.437153 0.491361 4602930.102170 0.471516
22:40:21.248276 0.452943 0.439127 0.495573 4611970.160687 0.471516
22:40:21.704850 0.456433 0.441290 0.500931 4603627.989166 0.471516
22:40:22.163234 0.458246 0.443410 0.505096 4612230.186082 0.471516
22:40:22.943723 0.445773 0.443705 0.492333 4768849.935576 0.494378
22:40:23.407455 0.463583 0.446190 0.502539 4612145.040572 0.494378
22:40:23.874694 0.467099 0.448803 0.511974 4603733.098130 0.494378
22:40:24.343709 0.468867 0.451311 0.518753 4612582.474343 0.494378
22:40:24.816297 0.472450 0.453954 0.525674 4603610.789420 0.494378
