22:36:59.546581 0.000798 0.000798 0.003990 15398747.401255 0.500000
22:36:59.547627 0.000871 0.000807 0.003274 28209965.819376 0.500000
22:36:59.549096 0.001338 0.000873 0.003255 36735286.922309 0.500000
22:36:59.563311 0.003810 0.001241 0.005963 6450514.086608 0.500000
22:36:59.602383 0.020807 0.003686 0.026795 590569.691558 0.500000
22:36:59.607760 0.005272 0.003885 0.022801 4661686.645441 0.500000
22:36:59.617698 0.009796 0.004624 0.024723 3763113.869159 0.500000
22:36:59.627202 0.009382 0.005218 0.025051 5238962.928718 0.500000
22:36:59.641490 0.014170 0.006337 0.030164 4335868.993505 0.500000
22:36:59.657444 0.015831 0.007524 0.034888 4657193.453494 0.500000
22:36:59.677004 0.019425 0.009012 0.041435 4428127.413212 0.500000
22:36:59.698378 0.021242 0.010540 0.047089 4627781.947742 0.500000
22:36:59.723225 0.024719 0.012313 0.053902 4473967.418359 0.500000
22:36:59.749867 0.026502 0.014086 0.059468 4636608.031091 0.500000
22:36:59.780043 0.030048 0.016082 0.066080 4498382.803215 0.500000
22:36:59.812034 0.031862 0.018054 0.071333 4627955.092630 0.500000
22:36:59.847546 0.035379 0.020220 0.077504 4515199.022690 0.500000
22:36:59.884810 0.037129 0.022333 0.082206 4633338.935267 0.500000
22:36:59.925744 0.040806 0.024643 0.088019 4516976.700847 0.500000
22:36:59.968371 0.042492 0.026874 0.092256 4626951.032588 0.500000
22:37:00.014635 0.046123 0.029280 0.097566 4529104.223143 0.500000
22:37:00.062537 0.047767 0.031591 0.101292 4630484.484255 0.500000
22:37:00.114141 0.051461 0.034075 0.106221 4536874.225655 0.500000
22:37:00.167369 0.053084 0.036451 0.109570 4629631.805112 0.500000
22:37:00.224205 0.056707 0.038983 0.114079 4550537.776772 0.500000
22:37:00.282861 0.058515 0.041424 0.117279 4619937.929935 0.500000
22:37:00.344993 0.061997 0.043996 0.121459 4558676.841090 0.500000
22:37:00.467119 0.047781 0.044469 0.106352 6172130.898552 0.103478
22:37:00.534624 0.067343 0.047328 0.116614 4561721.567531 0.103478
22:37:00.603915 0.069159 0.050057 0.123852 4619629.528953 0.103478
22:37:00.676691 0.072640 0.052880 0.130809 4567404.517300 0.103478
22:37:00.751389 0.074549 0.055589 0.135704 4615275.668992 0.103478
22:37:00.829544 0.078019 0.058392 0.140910 4567508.423634 0.103478
22:37:00.909460 0.079777 0.061065 0.144338 4620880.569740 0.103478
22:37:00.992950 0.083353 0.063851 0.148593 4570055.130638 0.103478
22:37:01.078244 0.085162 0.066515 0.151382 4617274.714551 0.103478
22:37:01.169625 0.091230 0.069605 0.157969 4444857.777727 0.103478
22:37:01.257747 0.087980 0.071901 0.156551 4748713.891760 0.103478
22:37:01.351833 0.093945 0.074657 0.160187 4577996.478273 0.103478
22:37:01.447809 0.095836 0.077304 0.162631 4615889.124357 0.103478
22:37:01.547351 0.099391 0.080065 0.166147 4574418.962531 0.103478
22:37:01.648586 0.101099 0.082694 0.168290 4618680.046637 0.103478
22:37:01.753407 0.104629 0.085436 0.171567 4580296.264585 0.103478
22:37:01.859999 0.106460 0.088064 0.173686 4616941.235404 0.103478
22:37:01.970160 0.110031 0.090810 0.176994 4578777.019553 0.103478
22:37:02.083749 0.113445 0.093639 0.180912 4549304.084048 0.103478
22:37:02.197526 0.113633 0.096139 0.181587 4649920.217402 0.103478
22:37:02.314810 0.117147 0.098765 0.183859 4615330.685434 0.103478
22:37:02.435610 0.120668 0.101503 0.187227 4582493.291762 0.103478
22:37:02.558247 0.122505 0.104128 0.189423 4614082.957345 0.103478
22:37:02.684363 0.125975 0.106859 0.192677 4584532.549570 0.103478
22:37:02.812312 0.127812 0.109478 0.194795 4614772.642475 0.103478
22:37:02.943813 0.131363 0.112214 0.198087 4583568.406754 0.103478
22:37:03.159317 0.135251 0.115093 0.202536 4542663.599890 0.215579
22:37:03.295964 0.136487 0.117767 0.204743 4591557.930141 0.215579
22:37:03.434623 0.138517 0.120361 0.206343 4612974.205276 0.215579
22:37:03.576681 0.141923 0.123056 0.209104 4588856.112299 0.215579
22:37:03.720601 0.143780 0.125647 0.210906 4615050.994861 0.215579
22:37:03.868068 0.147332 0.128357 0.213987 4587192.296138 0.215579
22:37:04.017850 0.149643 0.131018 0.216526 4598466.055675 0.215579
22:37:04.170103 0.152105 0.133654 0.218872 4604816.223934 0.215579
22:37:04.324656 0.154420 0.136250 0.220929 4615363.723692 0.215579
22:37:04.482783 0.157978 0.138966 0.224203 4589194.283148 0.215579
22:37:04.642760 0.159840 0.141575 0.226377 4612616.406088 0.215579
22:37:04.806153 0.163260 0.144286 0.229572 4591253.692045 0.215579
22:37:04.971402 0.165114 0.146889 0.231682 4614123.222443 0.215579
22:37:05.140192 0.168657 0.149610 0.234973 4590047.873655 0.215579
22:37:05.310756 0.170425 0.152212 0.237049 4614535.925888 0.215579
22:37:05.571018 0.158061 0.152943 0.222420 5053238.059358 0.185749
22:37:05.746823 0.175645 0.155781 0.230590 4617310.360579 0.185749
22:37:05.926242 0.179286 0.158719 0.238331 4592081.845241 0.185749
22:37:06.107458 0.181082 0.161514 0.243586 4614395.426459 0.185749
22:37:06.292232 0.184640 0.164405 0.249085 4592023.523008 0.185749
22:37:06.478759 0.186387 0.167153 0.252645 4614912.593366 0.185749
22:37:06.668887 0.189973 0.170005 0.256944 4592487.156430 0.185749
22:37:06.860750 0.191720 0.172720 0.259638 4614729.601289 0.185749
22:37:07.056188 0.195290 0.175541 0.263300 4593289.942078 0.185749
22:37:07.253483 0.197153 0.178243 0.265674 4612212.739864 0.185749
22:37:07.454149 0.200532 0.181029 0.268892 4595776.165271 0.185749
22:37:07.656715 0.202432 0.183704 0.271005 4613343.651342 0.185749
22:37:07.862781 0.205934 0.186483 0.274188 4594558.357747 0.185749
22:37:08.070723 0.207803 0.189148 0.276247 4612368.202279 0.185749
22:37:08.282130 0.211256 0.191911 0.279344 4595144.634531 0.185749
22:37:08.495302 0.213036 0.194552 0.281251 4614430.056875 0.185749
22:37:08.712017 0.216574 0.197305 0.284351 4595783.045948 0.185749
22:37:08.930688 0.218514 0.199956 0.286450 4611220.144225 0.185749
22:37:09.152665 0.221839 0.202691 0.289445 4597492.454618 0.185749
22:37:09.544185 0.207648 0.203311 0.273333 4970872.856042 0.240045
22:37:09.771594 0.227256 0.206304 0.282766 4596049.063001 0.240045
22:37:10.000762 0.229030 0.209145 0.289217 4614105.093967 0.240045
22:37:10.233550 0.232650 0.212083 0.295642 4595124.904078 0.240045
22:37:10.468636 0.234939 0.214940 0.300465 4602661.306342 0.240045
22:37:10.706121 0.237342 0.217740 0.304287 4607829.421968 0.240045
22:37:10.945956 0.239693 0.220484 0.307347 4613898.776819 0.240045
22:37:11.189376 0.243223 0.223327 0.311212 4597460.853572 0.240045
22:37:11.434531 0.245017 0.226038 0.313642 4613952.752362 0.240045
22:37:11.683287 0.248610 0.228859 0.317135 4596693.252562 0.240045
22:37:11.933830 0.250391 0.231551 0.319289 4613073.034393 0.240045
22:37:12.187848 0.253875 0.234341 0.322469 4598168.079044 0.240045
22:37:12.443666 0.255680 0.237009 0.324443 4613769.991386 0.240045
22:37:12.703021 0.259201 0.239783 0.327551 4598504.123602 0.240045
22:37:12.964262 0.261094 0.242447 0.329584 4612226.513113 0.240045
22:37:13.228963 0.264559 0.245211 0.332676 4598262.994651 0.240045
22:37:13.646047 0.250329 0.245850 0.316568 4908739.752142 0.285767
22:37:13.916041 0.269828 0.248848 0.325863 4599554.988559 0.285767
22:37:14.187852 0.271666 0.251700 0.332280 4613664.461191 0.285767
22:37:14.463304 0.275297 0.254650 0.338681 4597450.527684 0.285767
22:37:14.740422 0.276977 0.257440 0.342792 4613931.167366 0.285767
22:37:15.021072 0.280505 0.260324 0.347401 4599705.057156 0.285767
22:37:15.303599 0.282391 0.263082 0.350458 4612501.003022 0.285767
22:37:15.589658 0.285914 0.265936 0.354300 4598642.446331 0.285767
22:37:15.877539 0.287738 0.268661 0.356736 4612194.457867 0.285767
22:37:16.168890 0.291210 0.271480 0.360085 4599399.736020 0.285767
22:37:16.462024 0.292999 0.274170 0.362143 4613257.606611 0.285767
22:37:16.758716 0.296557 0.276968 0.365335 4599345.932606 0.285767
22:37:17.206936 0.282425 0.277650 0.349382 4872997.634448 0.320060
22:37:17.508887 0.301796 0.280668 0.358613 4600936.349268 0.320060
22:37:17.812765 0.303725 0.283551 0.365066 4612172.131522 0.320060
22:37:18.120024 0.307109 0.286495 0.371190 4601361.273370 0.320060
22:37:18.429153 0.308979 0.289306 0.375311 4613283.883996 0.320060
22:37:18.741907 0.312607 0.292218 0.380023 4599051.749686 0.320060
22:37:19.056378 0.314334 0.294983 0.382952 4612877.985892 0.320060
22:37:19.374373 0.317859 0.297842 0.386695 4600380.362908 0.320060
22:37:19.694173 0.319657 0.300569 0.389024 4612943.239691 0.320060
22:37:20.017575 0.323252 0.303405 0.392428 4599656.527239 0.320060
22:37:20.342695 0.324974 0.306101 0.394438 4613094.348914 0.320060
22:37:20.671267 0.328429 0.308892 0.397473 4601981.174214 0.320060
22:37:21.156647 0.314365 0.309576 0.381485 4846953.177410 0.354352
22:37:21.490592 0.333799 0.312604 0.390758 4601573.185034 0.354352
22:37:21.826388 0.335658 0.315486 0.397156 4612694.055591 0.354352
22:37:22.165749 0.339218 0.318452 0.403437 4600511.925644 0.354352
22:37:22.506878 0.340981 0.321268 0.407536 4612761.325273 0.354352
22:37:22.851527 0.344509 0.324173 0.412115 4601193.359199 0.354352
22:37:23.197984 0.346303 0.326940 0.415025 4612839.230127 0.354352
22:37:23.547959 0.349830 0.329801 0.418756 4601455.869997 0.354352
22:37:23.899791 0.351677 0.332535 0.421128 4612233.022063 0.354352
22:37:24.255098 0.355165 0.335364 0.424438 4601534.436765 0.354352
22:37:24.612242 0.356996 0.338068 0.426505 4612353.432376 0.354352
22:37:25.347971 0.344568 0.338881 0.411709 4814376.064815 0.385786
22:37:25.710390 0.362272 0.341804 0.419817 4613019.743657 0.385786
22:37:26.076348 0.365824 0.344807 0.427336 4601819.653595 0.385786
22:37:26.444093 0.367612 0.347658 0.432359 4612865.004823 0.385786
22:37:26.818225 0.373988 0.350949 0.440805 4567078.079335 0.385786
22:37:27.188522 0.370147 0.353349 0.439939 4647667.135765 0.385786
22:37:27.565190 0.376520 0.356245 0.444359 4601637.032034 0.385786
22:37:27.943546 0.378213 0.358991 0.447045 4613528.166965 0.385786
22:37:28.325575 0.381883 0.361853 0.450785 4601368.567630 0.385786
22:37:29.104952 0.367604 0.362571 0.435022 4813527.374375 0.411505
22:37:29.492247 0.387142 0.365643 0.444551 4602340.136569 0.411505
22:37:29.882780 0.390383 0.368735 0.452657 4595609.891743 0.411505
22:37:30.316195 0.433266 0.376802 0.504274 4169116.235664 0.411505
22:37:31.380704 0.559575 0.399648 0.678026 1625004.456209 0.411505
22:37:31.757163 0.376294 0.396729 0.628866 2449149.470155 0.411505
22:37:32.248767 0.491439 0.408568 0.677381 1900312.759498 0.411505
22:37:32.634594 0.385677 0.405706 0.630207 2453286.925263 0.411505
22:37:33.023402 0.388659 0.403575 0.588998 2466079.517062 0.411505
22:37:33.419516 0.395972 0.402625 0.549296 2451567.199117 0.411505
22:37:33.644053 0.224375 0.380344 0.668597 4381236.582584 0.411505
22:37:34.048887 0.404660 0.383383 0.623889 2459664.985952 0.411505
22:37:34.455912 0.406882 0.386321 0.590199 2476432.680704 0.411505
22:37:34.869915 0.413853 0.389762 0.570203 2464411.692893 0.411505
22:37:35.487463 0.414866 0.392900 0.553335 2488013.173214 0.389762
22:37:35.950219 0.462603 0.401613 0.591642 2257833.023460 0.389762
22:37:36.380180 0.429788 0.405135 0.575831 2458811.607208 0.389762
22:37:36.815500 0.435159 0.408888 0.566934 2456702.213866 0.389762
22:37:37.256028 0.440382 0.412825 0.562854 2455468.186048 0.389762
22:37:37.701955 0.445778 0.416944 0.562419 2453310.117203 0.389762
22:37:38.074748 0.372652 0.411407 0.564806 2967701.341304 0.389762
22:37:38.484786 0.409890 0.411218 0.527784 2728068.929168 0.389762
22:37:38.943187 0.458254 0.417097 0.551558 2466963.203892 0.389762
22:37:39.408626 0.465297 0.423122 0.572168 2456031.394973 0.389762
22:37:40.185284 0.462130 0.427998 0.578790 2499452.157849 0.423122
22:37:40.724296 0.538853 0.441855 0.665804 2166378.650564 0.423122
22:37:41.257269 0.532834 0.453227 0.712168 2213912.555458 0.423122
22:37:41.717449 0.459974 0.454071 0.655023 2591312.741371 0.423122
22:37:42.213416 0.495758 0.459282 0.651683 2429055.834534 0.423122
22:37:42.794170 0.580603 0.474447 0.740069 2095255.696041 0.423122
22:37:43.576778 0.557027 0.484769 0.766566 2205997.738000 0.474447
22:37:44.210985 0.634062 0.503431 0.864071 1957360.476833 0.474447
22:37:44.858101 0.646977 0.521374 0.935401 1937280.056745 0.474447
22:37:45.506656 0.648418 0.537255 0.974818 1951926.223868 0.474447
22:37:46.036094 0.529302 0.536261 0.872386 2414409.372659 0.474447
22:37:46.580583 0.544300 0.537266 0.797399 2370457.122753 0.474447
22:37:47.432914 0.639812 0.550084 0.847730 2035798.039069 0.537266
22:37:47.979333 0.546233 0.549603 0.776688 2407059.942378 0.537266
22:37:48.533664 0.554175 0.550174 0.725061 2394738.556128 0.537266
22:37:49.095646 0.561807 0.551628 0.694426 2384078.869477 0.537266
22:37:49.659993 0.564194 0.553199 0.672863 2395771.820042 0.537266
22:37:50.232107 0.571966 0.555545 0.664060 2384701.468517 0.537266
22:37:51.194105 0.636939 0.565719 0.728499 2160735.030806 0.555545
22:37:51.533083 0.338823 0.537357 0.886338 4098138.768299 0.555545
22:37:52.119502 0.586279 0.543472 0.854130 2389361.041633 0.555545
22:37:52.713650 0.593982 0.549786 0.833289 2379062.066766 0.555545
22:37:53.873172 0.575994 0.553062 0.791897 2474692.381384 0.549786
22:37:54.478920 0.605590 0.559628 0.791283 2374041.431647 0.549786
22:37:55.144828 0.665746 0.572893 0.852752 2177983.882032 0.549786
22:37:55.759551 0.614573 0.578103 0.829677 2379330.031698 0.549786
22:37:56.380012 0.620305 0.583378 0.814261 2377152.939578 0.549786
22:37:57.147867 0.600663 0.585539 0.775986 2475344.963704 0.583378
22:37:57.780524 0.632449 0.591402 0.781148 2370366.953512 0.583378
22:37:58.503099 0.722416 0.607779 0.881102 2092179.104616 0.583378
22:37:59.142674 0.639430 0.611736 0.848379 2382922.118436 0.583378
22:37:59.789266 0.646443 0.616074 0.828264 2376079.088906 0.583378
22:38:00.609526 0.624596 0.617139 0.784804 2478862.665141 0.616074
22:38:01.280940 0.671252 0.623903 0.803765 2324873.477492 0.616074
22:38:01.984991 0.703894 0.633902 0.848789 2234517.826385 0.616074
22:38:02.725836 0.740705 0.647253 0.915220 2140058.419466 0.616074
22:38:03.970031 0.729446 0.657527 0.940696 2189936.121232 0.647253
22:38:04.668943 0.698771 0.662682 0.916303 2303655.990605 0.647253
22:38:05.356552 0.687472 0.665781 0.880787 2359391.731157 0.647253
22:38:06.216463 0.859767 0.690029 1.045270 1900868.579232 0.647253
22:38:06.843645 0.627036 0.682155 1.011578 2625992.369512 0.647253
22:38:07.818481 0.758230 0.691664 1.014807 2187832.271996 0.682155
22:38:08.354279 0.535617 0.672159 1.070563 3120080.936494 0.682155
22:38:09.024094 0.669677 0.671848 0.973133 2513832.716276 0.682155
22:38:09.789854 0.765613 0.683569 1.003297 2214883.792290 0.682155
22:38:10.919617 0.723497 0.688560 0.968284 2360799.893272 0.923261
22:38:11.653325 0.733539 0.694182 0.948955 2345232.843807 0.923261
22:38:12.466031 0.812550 0.708978 1.018425 2132309.218156 0.923261
22:38:13.206921 0.740744 0.712949 0.976800 2355598.873086 0.923261
22:38:14.094065 0.723934 0.714322 0.923195 2427271.211700 0.949829
22:38:14.848963 0.754721 0.719372 0.916426 2344537.403685 0.949829
22:38:15.595338 0.746230 0.722729 0.897378 2387681.680607 0.949829
22:38:16.355750 0.760263 0.727421 0.895941 2359772.973121 0.949829
22:38:17.599264 0.825961 0.739739 0.964669 2186950.416457 0.976398
22:38:18.278414 0.678991 0.732145 0.961590 2678421.050529 0.976398
22:38:19.060216 0.781647 0.738333 0.959919 2342377.156763 0.976398
22:38:19.847243 0.786861 0.744399 0.959116 2342472.347587 0.976398
22:38:21.056961 0.851707 0.757812 1.026159 2178552.060693 1.002966
22:38:21.793424 0.736301 0.755123 0.977894 2536701.890671 1.002966
22:38:22.596464 0.802888 0.761094 0.975937 2341626.970852 1.002966
22:38:24.166291 0.777220 0.763110 0.940368 2434770.044271 1.022893
22:38:24.983519 0.817057 0.769853 0.956744 2331097.696506 1.022893
22:38:25.744358 0.760618 0.768699 0.918102 2520224.438585 1.022893
22:38:27.356949 0.803780 0.773084 0.920218 2400179.629877 1.042819
22:38:28.188425 0.831317 0.780363 0.948946 2335455.814798 1.042819
22:38:28.998387 0.809812 0.784044 0.939931 2412648.656323 1.042819
22:38:31.099778 0.383321 0.733954 1.251592 2564534.371727 1.062746
22:38:31.568801 0.468875 0.700819 1.354126 2122800.630789 1.062746
22:38:31.947150 0.378179 0.660489 1.473109 2664390.248666 1.062746
22:38:32.335839 0.388536 0.626495 1.507913 2624992.438085 1.062746
22:38:32.730166 0.394173 0.597455 1.490840 2618625.881349 1.062746
22:38:33.046393 0.316082 0.562283 1.513695 3304458.961851 1.062746
22:38:34.066784 0.534397 0.558797 1.300242 1977496.549947 0.571226
22:38:34.553437 0.486493 0.549759 1.178147 2197475.155354 0.571226
22:38:34.962076 0.408490 0.532101 1.144661 2647174.109717 0.571226
22:38:35.370747 0.408535 0.516655 1.099641 2676960.334357 0.571226
22:38:35.706560 0.335675 0.494032 1.112252 3294615.316093 0.571226
22:38:36.580112 0.400105 0.482291 1.039883 2794786.371776 0.604437
22:38:37.077522 0.497144 0.484148 0.917194 2273981.053267 0.604437
22:38:37.481239 0.403579 0.474077 0.879431 2831624.067314 0.604437
22:38:37.985901 0.504445 0.477873 0.812256 2289787.441647 0.604437
22:38:38.422925 0.436889 0.472750 0.764522 2671983.452404 0.604437
22:38:39.019832 0.596772 0.488253 0.831103 1976714.872654 0.604437
22:38:39.543436 0.523420 0.492649 0.784954 2277208.218225 0.604437
22:38:40.184925 0.520716 0.496157 0.743453 2312631.283065 0.650932
22:38:40.771147 0.586066 0.507396 0.782777 2075725.232645 0.650932
22:38:41.311407 0.540061 0.511479 0.750680 2275298.543692 0.650932
22:38:41.890524 0.578967 0.519915 0.766804 2143624.416583 0.650932
22:38:42.474967 0.584301 0.527963 0.777516 2145086.198719 0.650932
22:38:43.013382 0.538250 0.529249 0.726701 2351442.771501 0.650932
22:38:43.894751 0.609946 0.539336 0.768122 2095188.711487 0.690785
22:38:44.400574 0.505659 0.535126 0.740393 2551601.661456 0.690785
22:38:45.001137 0.600417 0.543288 0.762528 2169371.790738 0.690785
22:38:45.566094 0.564806 0.545978 0.731926 2327907.345335 0.690785
22:38:46.109795 0.543538 0.545673 0.687574 2441603.629683 0.690785
22:38:46.940810 0.604825 0.553067 0.718645 2214511.562968 0.723996
22:38:47.521766 0.580802 0.556534 0.708453 2327264.858304 0.723996
22:38:48.076074 0.554171 0.556238 0.672540 2461276.013922 0.723996
22:38:48.641679 0.565463 0.557391 0.653842 2433857.598811 0.723996
22:38:49.155221 0.513402 0.551893 0.668220 2704594.138927 0.723996
22:38:50.214324 0.534157 0.549676 0.654657 2622509.676068 0.757206
22:38:50.814714 0.600225 0.555994 0.685280 2354317.241800 0.757206
22:38:51.418733 0.603876 0.561980 0.706825 2360431.166608 0.757206
22:38:51.987301 0.568425 0.562785 0.677865 2529261.641301 0.757206
22:38:52.607395 0.619956 0.569932 0.713412 2338849.791460 0.757206
22:38:53.240275 0.471737 0.557657 0.763462 3099761.700492 0.790417
22:38:53.899419 0.658980 0.570323 0.825999 2237640.353319 0.790417
22:38:54.526655 0.627059 0.577415 0.825908 2371145.363781 0.790417
22:38:55.166095 0.639279 0.585148 0.833382 2345041.369881 0.790417
22:38:55.834191 0.667955 0.595499 0.864482 2262762.667603 0.790417
22:38:57.048229 0.620822 0.598664 0.825725 2454345.256184 0.823628
22:38:57.721468 0.673076 0.607966 0.852673 2282060.562824 0.823628
22:38:58.290716 0.569113 0.603109 0.825492 2720528.183545 0.823628
22:38:58.971166 0.680312 0.612759 0.856750 2293912.480608 0.823628
22:38:59.713838 0.742524 0.628980 0.941737 2118267.145005 0.823628
22:39:00.814323 0.728949 0.641476 0.976013 2174572.386119 0.556194
22:39:01.566682 0.752203 0.655317 1.016947 2123682.072769 0.556194
22:39:02.273821 0.706991 0.661776 0.984672 2276872.120456 0.556194
22:39:03.016336 0.742366 0.671850 0.994612 2184928.129697 0.556194
22:39:03.730108 0.713612 0.677070 0.960903 2290186.212784 0.556194
22:39:04.426583 0.696298 0.679474 0.911577 2364780.181096 0.556194
22:39:05.217223 0.790477 0.693349 0.978430 2098580.884011 0.556194
22:39:06.220013 0.761180 0.701828 0.983469 2195496.685190 0.586375
22:39:07.006907 0.786748 0.712443 1.008594 2139765.394479 0.586375
22:39:07.797665 0.790618 0.722215 1.022503 2144833.043638 0.586375
22:39:08.431814 0.634009 0.711189 1.024611 2694019.030247 0.586375
22:39:09.051611 0.619647 0.699746 1.026355 2776290.255007 0.586375
22:39:10.414255 0.862085 0.720039 1.127334 2009788.211343 0.607933
22:39:11.060895 0.646466 0.710842 1.089886 2699130.278680 0.607933
22:39:11.869162 0.808116 0.723001 1.104558 2174420.613856 0.607933
22:39:12.601181 0.731877 0.724111 1.019154 2417717.438749 0.607933
22:39:13.238365 0.637042 0.713227 1.021579 2796926.847019 0.607933
22:39:14.053908 0.815397 0.725998 1.059432 2200214.063646 0.607933
22:39:14.800099 0.746051 0.728505 0.998633 2421196.168992 0.607933
22:39:15.737376 0.795098 0.736829 1.006018 2287295.211765 0.638114
22:39:16.414175 0.676635 0.729305 0.991391 2705907.804245 0.638114
22:39:17.242262 0.827909 0.741630 1.036799 2226331.657347 0.638114
22:39:18.002550 0.760144 0.743945 0.983835 2440969.094683 0.638114
22:39:18.692326 0.689596 0.737151 0.971417 2708507.834532 0.638114
22:39:19.491357 0.798867 0.744866 0.982281 2353413.058816 0.638114
22:39:20.697371 0.811134 0.753149 0.997479 2332970.590304 0.663983
22:39:21.477149 0.779608 0.756456 0.966163 2443073.919875 0.663983
22:39:22.184316 0.707016 0.750276 0.956997 2711293.696083 0.663983
22:39:23.033614 0.849151 0.762636 1.016551 2271935.422695 0.663983
22:39:23.824209 0.790449 0.766112 0.984362 2456204.303761 0.663983
22:39:24.545513 0.721145 0.760491 0.969146 2709290.898994 0.663983
22:39:25.558020 0.850555 0.771749 1.018304 2311526.158286 0.689853
22:39:26.428654 0.870459 0.784088 1.067713 2272786.907554 0.689853
22:39:27.327569 0.898743 0.798420 1.125794 2214933.147697 0.689853
22:39:28.233618 0.905897 0.811855 1.164862 2211006.567515 0.689853
22:39:29.065069 0.831297 0.814285 1.098483 2424201.716209 0.689853
22:39:30.476736 0.919645 0.827455 1.145964 2204676.634356 0.711411
22:39:31.397248 0.920347 0.839066 1.170840 2216346.719971 0.711411
22:39:32.402643 1.005224 0.859836 1.274824 2041431.582873 0.711411
22:39:33.186238 0.783458 0.850289 1.237908 2634964.496623 0.711411
22:39:34.042846 0.856405 0.851053 1.147884 2424871.354189 0.711411
22:39:35.009335 0.966290 0.865458 1.203317 2161835.480309 0.711411
22:39:36.057138 0.873307 0.866439 1.127683 2406081.738558 0.737280
22:39:37.035990 0.978677 0.880469 1.188639 2159584.751412 0.737280
22:39:37.979462 0.943301 0.888323 1.182283 2253601.008190 0.737280
22:39:38.937078 0.957463 0.896965 1.186576 2233101.375024 0.737280
22:39:39.778087 0.840830 0.889948 1.163291 2557472.706501 0.737280
22:39:41.044729 0.952689 0.897791 1.165539 2270087.732916 0.758838
22:39:42.009815 0.964886 0.906178 1.174084 2254127.547199 0.758838
22:39:42.997561 0.987591 0.916355 1.198697 2214747.264354 0.758838
22:39:43.894269 0.896524 0.913876 1.145463 2453422.458938 0.758838
22:39:44.878419 0.983987 0.922640 1.166441 2247834.362664 0.758838
22:39:45.792413 0.913836 0.921539 1.113194 2433837.137387 0.758838
22:39:46.970701 0.961784 0.926570 1.110556 2325279.132513 0.784707
22:39:47.897628 0.926755 0.926593 1.064768 2426427.823683 0.784707
22:39:48.941035 1.043225 0.941172 1.161435 2167309.920385 0.784707
22:39:49.848650 0.907459 0.936958 1.135868 2505104.856923 0.784707
22:39:50.864974 1.016182 0.946861 1.175268 2249171.492566 0.784707
22:39:52.287865 1.034947 0.957872 1.217263 2220264.594206 0.946861
22:39:53.229248 0.941228 0.955791 1.166978 2454393.849068 0.946861
22:39:54.295413 1.065957 0.969562 1.238118 2178729.394153 0.946861
22:39:55.297461 1.001891 0.973603 1.207349 2330313.615226 0.946861
22:39:56.138672 0.841061 0.957035 1.264887 2790532.843235 0.946861
22:39:57.648484 1.138294 0.979693 1.391840 2072659.645255 0.957035
22:39:58.678890 1.030246 0.986012 1.345676 2301958.906345 0.957035
22:39:59.685975 1.006948 0.988629 1.279313 2367423.157556 0.957035
22:40:00.727027 1.040896 0.995162 1.265443 2302016.859239 0.957035
22:40:02.023356 1.097602 1.007967 1.313117 2194281.934739 0.995162
22:40:03.051146 1.027634 1.010425 1.258955 2355640.454499 0.995162
22:40:04.045533 0.994227 1.008401 1.210996 2447151.571140 0.995162
22:40:05.192043 1.146350 1.025644 1.315540 2133128.798839 0.995162
22:40:06.937824 0.970513 1.018753 1.291306 2532268.741499 1.025644
22:40:08.002055 1.064082 1.024419 1.274163 2321144.105276 1.025644
