10:32:46.144112 0.181009 0.181009 0.905044 67886.196305 0.500000
10:32:46.312782 0.168479 0.179443 0.734999 145869.841314 0.500000
10:32:46.463004 0.150081 0.175772 0.621801 327503.324476 0.500000
10:32:46.647868 0.184719 0.176891 0.520359 532181.066353 0.500000
10:32:46.807467 0.159451 0.174711 0.449752 1233030.776410 0.500000
10:32:47.048713 0.241103 0.183010 0.455683 1630905.081353 0.500000
10:32:47.649973 0.145254 0.178290 0.420551 2707094.328603 0.500000
10:32:47.895912 0.245772 0.186725 0.435903 1649920.210096 0.500000
10:32:48.048264 0.152209 0.182411 0.403810 2744856.615516 0.500000
10:32:48.330468 0.282065 0.194868 0.460571 1524755.393461 0.500000
10:32:48.425932 0.095174 0.182406 0.481377 4647988.476316 0.500000
10:32:49.127269 0.258119 0.191870 0.491811 1761421.021813 0.182406
10:32:49.326751 0.199323 0.192802 0.425210 2342650.587696 0.182406
10:32:49.590521 0.263384 0.201624 0.446513 1819517.553001 0.182406
10:32:49.773631 0.182949 0.199290 0.401632 2686649.406368 0.182406
10:32:50.060294 0.286518 0.210194 0.449178 1758381.077527 0.182406
10:32:50.259790 0.199316 0.208834 0.398950 2589335.205581 0.182406
10:32:50.880952 0.159624 0.202683 0.394480 3310181.796469 0.208834
10:32:51.185924 0.304797 0.215447 0.461409 1773876.110490 0.208834
10:32:51.355108 0.169019 0.209643 0.440543 3271585.164187 0.208834
10:32:51.709594 0.354333 0.227730 0.545594 1595245.493407 0.208834
10:32:51.888020 0.178256 0.221545 0.509417 3239923.969376 0.208834
10:32:52.168387 0.276420 0.228405 0.499183 2133795.498060 0.208834
10:32:52.391591 0.223033 0.227733 0.436189 2699654.900059 0.208834
10:32:52.714647 0.322909 0.239630 0.491148 1902702.550468 0.208834
10:32:53.475900 0.278850 0.244533 0.472391 2247401.195600 0.239630
10:32:53.789565 0.313492 0.253153 0.493005 2038252.581567 0.239630
10:32:54.060603 0.270898 0.255371 0.453006 2404092.133061 0.239630
10:32:54.291299 0.230551 0.252268 0.425314 2878113.681173 0.239630
10:32:54.591582 0.300133 0.258251 0.435901 2251801.777147 0.239630
10:32:54.882404 0.290674 0.262304 0.427964 2367353.351990 0.239630
10:32:55.225351 0.342802 0.272366 0.477109 2043208.331570 0.239630
10:32:55.493852 0.268349 0.271864 0.429438 2655882.998189 0.239630
10:32:55.701132 0.207135 0.263773 0.446683 3500090.753519 0.239630
10:32:56.034605 0.333326 0.272467 0.479202 2211887.989322 0.239630
10:32:56.329774 0.295024 0.275287 0.452895 2540702.478279 0.239630
10:32:56.810462 0.216088 0.267887 0.460292 3525673.802213 0.275287
10:32:57.271344 0.460579 0.291974 0.628969 1680806.413358 0.275287
10:32:57.723308 0.451831 0.311956 0.724560 1740545.108230 0.275287
10:32:58.157760 0.434289 0.327247 0.759034 1839144.070885 0.275287
10:32:58.663982 0.506078 0.349601 0.852271 1602536.317174 0.275287
10:32:59.087622 0.423481 0.358836 0.809719 1944115.613703 0.275287
10:32:59.525002 0.437071 0.368615 0.785012 1911780.551773 0.275287
10:33:00.044179 0.519032 0.387418 0.850132 1633564.014468 0.275287
10:33:00.528936 0.484613 0.399567 0.843798 1774942.280551 0.275287
10:33:00.994659 0.465579 0.407818 0.807004 1873898.819218 0.275287
10:33:01.729826 0.390889 0.405702 0.722021 2263394.876474 0.407818
10:33:02.123835 0.393836 0.404219 0.653324 2277658.596992 0.407818
10:33:02.630396 0.506423 0.416995 0.706027 1795558.270945 0.407818
10:33:03.139887 0.509346 0.428538 0.737665 1809379.056635 0.407818
10:33:03.710870 0.570846 0.446327 0.820479 1635972.325097 0.407818
10:33:04.212386 0.501372 0.453208 0.788867 1887173.223307 0.407818
10:33:04.809598 0.597070 0.471190 0.866797 1605278.529221 0.407818
10:33:05.580712 0.520703 0.477379 0.823598 1864310.088205 0.471190
10:33:06.135803 0.554908 0.487071 0.824263 1771536.784700 0.471190
10:33:06.603045 0.467091 0.484573 0.757447 2130907.728928 0.471190
10:33:07.195773 0.592543 0.498069 0.810695 1700493.950952 0.471190
10:33:07.688327 0.492399 0.497361 0.737500 2071295.934924 0.471190
10:33:08.296451 0.607978 0.511188 0.801909 1697746.013154 0.471190
10:33:08.932328 0.635730 0.526755 0.869339 1642962.178062 0.471190
10:33:09.957874 0.695978 0.547908 0.974069 1518392.463500 0.526755
10:33:10.582690 0.624651 0.557501 0.953864 1711445.393784 0.526755
10:33:11.175209 0.592355 0.561858 0.893984 1825499.871635 0.526755
10:33:11.655144 0.479783 0.551598 0.882768 2279431.348906 0.526755
10:33:12.130818 0.475491 0.542085 0.866570 2325848.209335 0.526755
10:33:12.662879 0.531916 0.540814 0.794347 2102227.050369 0.526755
10:33:13.153613 0.490217 0.534489 0.775236 2306113.554120 0.526755
10:33:13.723561 0.569780 0.538901 0.754751 2005657.932438 0.526755
10:33:14.415934 0.465208 0.529689 0.765270 2482914.883113 0.538901
10:33:14.977690 0.561593 0.533677 0.742266 2078658.181577 0.538901
10:33:15.508767 0.530930 0.533334 0.692523 2221852.044694 0.538901
10:33:16.420598 0.218334 0.493959 0.928350 2701473.270831 0.538901
10:33:16.746370 0.325623 0.472917 0.967046 1849108.863152 0.538901
10:33:16.956899 0.210386 0.440100 1.073228 2920349.195283 0.538901
10:33:17.669716 0.344593 0.428162 0.998515 1818632.161801 0.440100
10:33:17.928065 0.258182 0.406914 1.004659 2474904.831594 0.440100
10:33:18.253275 0.325060 0.396683 0.926846 2003520.023659 0.440100
10:33:19.476195 0.295782 0.384070 0.882593 1121691.540864 0.440100
10:33:19.677921 0.201567 0.361257 0.917653 1706946.631437 0.440100
10:33:19.941404 0.263333 0.349017 0.864238 1353237.958790 0.440100
10:33:20.153516 0.211955 0.331884 0.855361 1739238.480140 0.440100
10:33:20.427360 0.273697 0.324611 0.775406 1391787.779896 0.440100
10:33:20.640128 0.212569 0.310605 0.760743 1849827.599869 0.440100
10:33:20.877982 0.237705 0.301493 0.711997 1705912.846365 0.440100
10:33:21.139490 0.261348 0.296475 0.644497 1598604.104250 0.440100
10:33:21.442510 0.302871 0.297274 0.564687 1420010.551816 0.440100
10:33:21.666953 0.224263 0.288148 0.561719 1972539.486250 0.440100
10:33:21.997539 0.330389 0.293428 0.540847 1376123.202004 0.440100
10:33:22.160476 0.162793 0.277099 0.593298 2868331.110109 0.440100
10:33:22.578960 0.087331 0.253378 0.680295 5487532.370337 0.277099
10:33:22.896962 0.317843 0.261436 0.646089 1546424.056229 0.277099
10:33:23.077945 0.180837 0.251361 0.620450 2785979.827725 0.277099
10:33:23.392356 0.314274 0.259225 0.598955 1642184.465467 0.277099
10:33:23.573303 0.180804 0.249422 0.582641 2922412.991330 0.277099
10:33:23.890774 0.317317 0.257909 0.575718 1703885.971166 0.277099
10:33:24.128443 0.237490 0.255357 0.514132 2328348.930576 0.277099
10:33:24.443049 0.314465 0.262745 0.515935 1797490.714207 0.277099
10:33:24.605578 0.162380 0.250200 0.540457 3556694.610318 0.277099
10:33:24.886555 0.280831 0.254029 0.502353 2100280.214804 0.277099
10:33:25.131361 0.244660 0.252858 0.448470 2461013.887487 0.277099
10:33:25.393591 0.262084 0.254011 0.409946 2344286.499645 0.277099
10:33:25.681922 0.288156 0.258279 0.409376 2174821.725673 0.277099
10:33:26.280879 0.239098 0.255881 0.388385 2672443.129784 0.258279
10:33:26.587336 0.306296 0.262183 0.411976 2126256.189392 0.258279
10:33:26.828621 0.241005 0.259536 0.393059 2753271.320523 0.258279
10:33:27.154233 0.325458 0.267776 0.433840 2076580.992447 0.258279
10:33:27.430521 0.276140 0.268822 0.401733 2491953.586262 0.258279
10:33:27.740214 0.309539 0.273911 0.414313 2262770.829310 0.258279
10:33:27.975201 0.234840 0.269027 0.413400 3034847.260550 0.258279
10:33:28.323281 0.347929 0.278890 0.466071 2083735.469649 0.258279
10:33:28.575132 0.251705 0.275492 0.443063 2929144.043034 0.258279
10:33:28.944269 0.368990 0.287179 0.506355 2031403.638320 0.258279
10:33:29.624780 0.358763 0.296127 0.532093 2123563.587988 0.287179
10:33:30.144341 0.519399 0.324036 0.724282 1490461.298111 0.287179
10:33:30.464397 0.319925 0.323522 0.627818 2458175.598648 0.287179
10:33:30.976988 0.512457 0.347139 0.764295 1558609.142496 0.287179
10:33:31.425534 0.448408 0.359798 0.773934 1808639.011395 0.287179
10:33:31.827542 0.401863 0.365056 0.717723 2048698.903306 0.287179
10:33:32.204602 0.376893 0.366535 0.642873 2217033.566824 0.287179
10:33:32.756725 0.551967 0.389714 0.782399 1536092.094304 0.287179
10:33:33.207594 0.450720 0.397340 0.752859 1908413.911056 0.287179
10:33:33.952517 0.390982 0.396545 0.669542 2231426.671776 0.397340
10:33:34.325601 0.372913 0.393591 0.621971 2372500.491490 0.397340
10:33:34.845104 0.519351 0.409311 0.706356 1727201.816126 0.397340
10:33:35.354791 0.509518 0.421837 0.744827 1784651.698303 0.397340
10:33:35.758729 0.403788 0.419581 0.679873 2282385.299095 0.397340
10:33:36.340705 0.581826 0.439862 0.797325 1605098.509828 0.397340
10:33:36.757809 0.416949 0.436998 0.728008 2269284.549047 0.397340
10:33:37.202264 0.444093 0.437884 0.663238 2158250.690306 0.397340
10:33:38.455963 0.331488 0.424585 0.699996 1445699.853871 0.437884
10:33:38.726111 0.269992 0.405261 0.766412 1820499.230044 0.437884
10:33:39.056835 0.330574 0.395925 0.741475 1524039.838815 0.437884
10:33:39.367671 0.310686 0.385270 0.729672 1661149.246714 0.437884
10:33:39.693900 0.326081 0.377871 0.695362 1620407.012982 0.437884
10:33:40.028375 0.334326 0.372428 0.654091 1617199.839038 0.437884
10:33:40.381055 0.352536 0.369942 0.601081 1568520.826082 0.437884
10:33:40.629652 0.248451 0.354755 0.649601 2275088.498465 0.437884
10:33:41.004372 0.374573 0.357233 0.598184 1541851.686678 0.437884
10:33:41.345188 0.340669 0.355162 0.552440 1731370.169341 0.437884
10:33:41.719912 0.369167 0.356913 0.518876 1631001.292334 0.437884
10:33:42.054486 0.334372 0.354095 0.498108 1837474.190029 0.437884
10:33:42.724819 0.263181 0.342731 0.541655 2381205.591240 0.354095
10:33:43.107625 0.382645 0.347720 0.536827 1669892.931528 0.354095
10:33:43.435257 0.327459 0.345187 0.507279 1988842.210601 0.354095
10:33:43.742912 0.307506 0.340477 0.499727 2157849.985973 0.354095
10:33:44.101215 0.358139 0.342685 0.479784 1887088.331984 0.354095
10:33:44.333348 0.231957 0.328844 0.542397 2966619.340272 0.354095
10:33:44.725301 0.391803 0.336714 0.559837 1787673.788011 0.354095
10:33:45.026489 0.301039 0.332255 0.535272 2367480.778915 0.354095
10:33:45.325239 0.298600 0.328048 0.513965 2427970.867232 0.354095
10:33:45.624443 0.299056 0.324424 0.492854 2465357.220513 0.354095
10:33:45.886657 0.262070 0.316630 0.505306 2860183.042657 0.354095
10:33:46.565248 0.341650 0.319757 0.486285 2229931.156401 0.316630
10:33:47.278062 0.215250 0.306694 0.536097 1769700.222980 0.316630
10:33:47.536798 0.258584 0.300680 0.520842 1520650.797234 0.316630
10:33:47.879540 0.342590 0.305919 0.512950 1183642.754892 0.316630
10:33:48.219014 0.339307 0.310092 0.498754 1231309.445668 0.316630
10:33:48.501583 0.282410 0.306632 0.475811 1522892.753663 0.316630
10:33:48.817889 0.316020 0.307805 0.444078 1399810.085880 0.316630
10:33:49.064184 0.246144 0.300098 0.463963 1847113.461917 0.316630
10:33:49.364150 0.299817 0.300063 0.423243 1557429.589396 0.316630
10:33:49.739546 0.375178 0.309452 0.476952 1277345.350616 0.316630
10:33:50.040256 0.300561 0.308341 0.442857 1635340.878741 0.316630
10:33:50.426550 0.386147 0.318067 0.496760 1304705.127772 0.316630
10:33:50.754281 0.327524 0.319249 0.462726 1575750.430166 0.316630
10:33:51.146245 0.391813 0.328319 0.508492 1348561.549399 0.316630
10:33:51.459705 0.313315 0.326444 0.476577 1725650.374837 0.316630
10:33:52.112567 0.362264 0.330921 0.479342 1526400.981832 0.326444
10:33:52.522934 0.410207 0.340832 0.531433 1377957.846430 0.326444
10:33:52.812022 0.288941 0.334346 0.529187 1998803.170332 0.326444
10:33:53.212835 0.400668 0.342636 0.555090 1472101.936419 0.326444
10:33:53.578795 0.365815 0.345533 0.528053 1645945.989838 0.326444
10:33:53.945469 0.366534 0.348158 0.506049 1676242.883134 0.326444
10:33:54.242134 0.296518 0.341703 0.511761 2113489.957804 0.326444
10:33:54.606397 0.364111 0.344504 0.494455 1754893.682460 0.326444
10:33:55.205884 0.323809 0.341917 0.475076 2011260.292659 0.344504
10:33:55.595462 0.389420 0.347855 0.495227 1703949.321092 0.344504
10:33:55.876803 0.281186 0.339522 0.516720 2403534.754612 0.344504
10:33:56.196950 0.320002 0.337082 0.489500 2150386.029144 0.344504
10:33:56.473994 0.276885 0.329557 0.504067 2529627.525500 0.344504
10:33:56.787799 0.313643 0.327568 0.474364 2272341.638338 0.344504
10:33:57.117893 0.329941 0.327864 0.440335 2197339.671276 0.344504
10:33:57.796710 0.324329 0.327422 0.415311 2273247.932581 0.327864
10:33:58.176763 0.379894 0.333981 0.452369 1973097.664460 0.327864
10:33:58.440157 0.263236 0.325138 0.484674 2894193.299312 0.327864
10:33:59.189776 0.264611 0.317572 0.497752 1439577.310372 0.327864
10:33:59.504098 0.314164 0.317146 0.455689 1251626.844723 0.327864
10:33:59.757398 0.253150 0.309147 0.477050 1601832.992288 0.327864
10:34:00.090618 0.333071 0.312137 0.461989 1254363.208593 0.327864
10:34:00.661014 0.282593 0.308444 0.450377 1521905.998932 0.312137
10:34:00.951628 0.290448 0.306195 0.430641 1523054.300941 0.312137
10:34:01.229390 0.277620 0.302623 0.424532 1637691.353936 0.312137
10:34:01.543287 0.313748 0.304014 0.406571 1488276.640900 0.312137
10:34:01.856561 0.312479 0.305072 0.390455 1533645.366913 0.312137
10:34:02.173403 0.316686 0.306523 0.382175 1552074.079488 0.312137
10:34:02.495497 0.321944 0.308451 0.380610 1564893.281449 0.312137
10:34:02.825559 0.329920 0.311135 0.386723 1564306.244961 0.312137
10:34:03.191946 0.366236 0.318022 0.429815 1442741.951062 0.312137
10:34:03.505155 0.311605 0.317220 0.407482 1735119.913057 0.312137
10:34:03.779625 0.274331 0.311859 0.422445 2015666.522838 0.312137
10:34:04.190813 0.411041 0.324257 0.506378 1375162.017036 0.312137
10:34:04.541187 0.350226 0.327503 0.490063 1649038.400756 0.312137
10:34:04.854828 0.313111 0.325704 0.462016 1883754.717186 0.312137
10:34:05.515681 0.243438 0.315421 0.499921 2473368.933883 0.325704
10:34:05.909471 0.393600 0.325193 0.541747 1560975.661194 0.325704
10:34:06.145796 0.236179 0.314066 0.565496 2653446.461209 0.325704
10:34:06.494293 0.348350 0.318352 0.541208 1834292.842929 0.325704
10:34:06.740798 0.246357 0.309352 0.548489 2643578.606959 0.325704
10:34:07.039831 0.298872 0.308042 0.497876 2220187.950962 0.325704
10:34:07.355886 0.315899 0.309024 0.459256 2139417.073172 0.325704
10:34:07.656938 0.300906 0.308010 0.428802 2286854.135646 0.325704
10:34:07.995502 0.338420 0.311811 0.432816 2069663.979778 0.325704
10:34:08.291095 0.295448 0.309766 0.416882 2412281.835295 0.325704
10:34:08.686805 0.395558 0.320490 0.486619 1832834.171484 0.325704
10:34:09.354465 0.280561 0.315499 0.480024 2627877.994558 0.320490
10:34:09.698398 0.343719 0.319026 0.470641 2180758.083845 0.320490
10:34:10.044357 0.345812 0.322374 0.462871 2203092.485819 0.320490
10:34:10.788141 0.280343 0.317120 0.464525 1358793.507392 0.320490
10:34:11.023986 0.235697 0.306942 0.498919 1668311.214174 0.320490
10:34:11.391118 0.366987 0.314448 0.518475 1104954.701603 0.320490
10:34:11.674398 0.283140 0.310535 0.494863 1475567.148827 0.320490
10:34:11.992576 0.318029 0.311471 0.457212 1352329.815595 0.320490
10:34:12.283605 0.290880 0.308897 0.438794 1520792.263093 0.320490
10:34:12.539318 0.255564 0.302231 0.452987 1779030.088658 0.320490
10:34:12.855065 0.315598 0.303902 0.430336 1479553.050716 0.320490
10:34:13.131511 0.276298 0.300451 0.422881 1734474.806259 0.320490
10:34:13.502653 0.370987 0.309268 0.471626 1324898.396742 0.320490
10:34:13.788434 0.285632 0.306314 0.451718 1763835.160474 0.320490
10:34:14.424259 0.238721 0.297865 0.474510 2161920.040652 0.306314
10:34:14.681773 0.257354 0.292801 0.465796 2053142.543900 0.306314
10:34:15.050983 0.369062 0.302333 0.508341 1464989.833244 0.306314
10:34:15.368376 0.317244 0.304197 0.473614 1743011.397591 0.306314
10:34:15.708719 0.340196 0.308697 0.471758 1661536.807376 0.306314
10:34:16.005220 0.296358 0.307155 0.441790 1948779.021125 0.306314
10:34:16.370492 0.365130 0.314402 0.473353 1615381.054817 0.306314
10:34:16.672419 0.301768 0.312822 0.444670 1995282.293082 0.306314
10:34:16.989629 0.317054 0.313351 0.416468 1937840.038321 0.306314
10:34:17.200963 0.211171 0.300579 0.480097 2967678.110311 0.306314
10:34:17.554267 0.353157 0.307151 0.494368 1809325.374754 0.306314
10:34:17.824962 0.270549 0.302576 0.479590 2407193.736374 0.306314
10:34:18.345685 0.171937 0.286246 0.549646 3859274.287128 0.302576
10:34:18.742121 0.396286 0.300001 0.607591 1705434.917408 0.302576
10:34:19.043965 0.301698 0.300213 0.532603 2280850.617871 0.302576
10:34:19.339959 0.295834 0.299666 0.478337 2367599.436874 0.302576
10:34:19.556383 0.216282 0.289243 0.506630 3295255.081856 0.302576
10:34:19.984112 0.423285 0.305998 0.603081 1712775.050365 0.302576
10:34:20.241944 0.257658 0.299956 0.571108 2861467.473850 0.302576
10:34:20.605513 0.363426 0.307889 0.574724 2062505.329050 0.302576
10:34:20.912344 0.306686 0.307739 0.509068 2484155.113733 0.302576
10:34:21.971016 0.317862 0.309004 0.470124 1198406.728206 0.307739
10:34:22.237639 0.266258 0.303661 0.467247 1476823.224239 0.307739
10:34:22.563118 0.325338 0.306371 0.450737 1246407.870933 0.307739
10:34:22.810452 0.247188 0.298973 0.466430 1690178.510784 0.307739
10:34:23.192297 0.381268 0.309260 0.517148 1128025.358608 0.307739
10:34:23.428728 0.236279 0.300137 0.529034 1872227.239116 0.307739
10:34:23.855356 0.426480 0.315930 0.613946 1066066.266931 0.307739
10:34:24.089388 0.233888 0.305675 0.611229 1996443.502861 0.307739
10:34:24.445116 0.355480 0.311900 0.590871 1348125.740801 0.307739
10:34:24.785576 0.340303 0.315451 0.553081 1444360.116189 0.307739
10:34:25.087332 0.301606 0.313720 0.505788 1670418.030312 0.307739
10:34:25.420309 0.332823 0.316108 0.479262 1550661.886101 0.307739
10:34:25.690485 0.270027 0.310348 0.478794 1956782.663167 0.307739
10:34:26.063082 0.372421 0.318107 0.506515 1451776.247634 0.307739
10:34:26.424037 0.360800 0.323444 0.507443 1532594.116744 0.307739
10:34:27.178935 0.307401 0.321438 0.475480 1838795.802633 0.323444
10:34:27.575394 0.396297 0.330796 0.521186 1457330.448152 0.323444
10:34:27.911121 0.335575 0.331393 0.478965 1757651.248235 0.323444
10:34:28.348963 0.437692 0.344681 0.561659 1375651.765401 0.323444
10:34:28.718269 0.369126 0.347736 0.534915 1664471.926662 0.323444
10:34:29.052171 0.333753 0.345988 0.500356 1877699.362617 0.323444
10:34:29.460022 0.407708 0.353703 0.531198 1567239.569290 0.323444
10:34:29.753347 0.293167 0.346136 0.539794 2221476.994951 0.323444
10:34:30.072846 0.319307 0.342783 0.514855 2078101.359553 0.323444
10:34:30.787512 0.353104 0.344073 0.483448 1913997.680903 0.342783
10:34:31.093433 0.305755 0.339283 0.482133 2250586.989932 0.342783
10:34:31.360922 0.267343 0.330291 0.509368 2619914.806026 0.342783
10:34:31.766914 0.405825 0.339732 0.549575 1756184.950372 0.342783
10:34:32.103012 0.335938 0.339258 0.500434 2158112.657657 0.342783
10:34:32.856155 0.376275 0.343885 0.501784 1959417.653091 0.339258
10:34:33.157686 0.301371 0.338571 0.499510 2487194.688046 0.339258
10:34:33.492447 0.334617 0.338077 0.462735 2276800.726922 0.339258
10:34:34.244632 0.288733 0.331909 0.474746 1319308.817186 0.339258
10:34:34.524425 0.279639 0.325375 0.484773 1406155.765254 0.339258
10:34:34.789668 0.265095 0.317840 0.497668 1529655.432526 0.339258
10:34:35.071616 0.281798 0.313335 0.484248 1482594.515120 0.339258
10:34:35.292106 0.220335 0.301710 0.522894 1951936.763996 0.339258
10:34:35.858287 0.312692 0.303083 0.479953 1414708.733628 0.301710
10:34:36.190961 0.332513 0.306761 0.468845 1367332.620202 0.301710
10:34:36.532590 0.341473 0.311100 0.467375 1367440.060392 0.301710
10:34:36.887837 0.355077 0.316597 0.477780 1349656.445895 0.301710
10:34:37.188630 0.300647 0.314604 0.451441 1634874.010872 0.301710
10:34:37.577462 0.388685 0.323864 0.500573 1296185.897387 0.301710
10:34:37.820553 0.242944 0.313749 0.527201 2124341.393200 0.301710
10:34:38.140638 0.319938 0.314522 0.480800 1651520.268941 0.301710
10:34:38.511591 0.370806 0.321558 0.502550 1458098.529448 0.301710
10:34:38.849572 0.337828 0.323592 0.475606 1636809.647067 0.301710
10:34:39.224292 0.374572 0.329964 0.494955 1509050.173730 0.301710
10:34:39.572065 0.347628 0.332172 0.473579 1661362.727893 0.301710
10:34:39.925101 0.352860 0.334758 0.461501 1671552.580669 0.301710
10:34:40.240182 0.314923 0.332279 0.447171 1911933.736787 0.301710
10:34:40.559592 0.319247 0.330650 0.429851 1924528.612066 0.301710
10:34:41.448186 0.256932 0.321435 0.469554 1195647.003343 0.330650
10:34:41.809486 0.361036 0.326385 0.477075 884919.910818 0.330650
10:34:42.088786 0.279154 0.320481 0.480730 1188505.004372 0.330650
10:34:42.407885 0.318945 0.320289 0.442012 1078755.952299 0.330650
10:34:42.631303 0.223189 0.308152 0.496544 1596638.706288 0.330650
10:34:42.940009 0.308447 0.308189 0.449778 1195149.048140 0.330650
10:34:43.206330 0.265997 0.302915 0.451298 1432076.662417 0.330650
10:34:43.505237 0.298761 0.302395 0.417837 1316155.153172 0.330650
10:34:43.759995 0.254615 0.296423 0.430784 1592615.874981 0.330650
10:34:44.099436 0.339279 0.301780 0.445407 1231411.547237 0.330650
10:34:44.424013 0.324429 0.304611 0.434980 1325652.001993 0.330650
10:34:44.758025 0.333835 0.308264 0.435265 1325109.213839 0.330650
10:34:45.068617 0.310437 0.308536 0.405959 1464567.859737 0.330650
10:34:45.256978 0.188214 0.293495 0.486885 2480919.815228 0.330650
10:34:45.605631 0.348507 0.300372 0.500425 1375100.355827 0.330650
10:34:45.924650 0.318875 0.302685 0.471228 1541418.691773 0.330650
10:34:46.561377 0.267513 0.298288 0.459868 1883302.608958 0.302685
10:34:46.937899 0.376350 0.308046 0.507292 1371319.520353 0.302685
10:34:47.283694 0.345609 0.312741 0.499739 1528848.243114 0.302685
10:34:47.560319 0.276443 0.308204 0.484751 1955817.260655 0.302685
10:34:47.928481 0.368020 0.315681 0.507907 1502526.801089 0.302685
10:34:48.235125 0.306404 0.314521 0.467968 1844779.409278 0.302685
10:34:48.568949 0.333515 0.316896 0.450974 1731664.612578 0.302685
10:34:48.953022 0.383906 0.325272 0.492841 1536375.587728 0.302685
10:34:49.325844 0.372672 0.331197 0.504274 1615662.712373 0.302685
10:34:50.055009 0.444921 0.345412 0.588944 1380919.257460 0.331197
10:34:50.261516 0.206351 0.328030 0.649740 3036999.447893 0.331197
10:34:50.661406 0.399746 0.336994 0.649993 1598455.254211 0.331197
10:34:51.043745 0.382175 0.342642 0.622572 1704099.047047 0.331197
10:34:51.422460 0.378568 0.347133 0.593006 1752793.943815 0.331197
10:34:51.830836 0.408171 0.354762 0.600206 1655775.905383 0.331197
10:34:52.189461 0.358437 0.355222 0.542979 1919801.477798 0.331197
10:34:52.951078 0.377261 0.357977 0.520834 1856581.251699 0.355222
10:34:53.339104 0.387861 0.361712 0.513740 1837524.204172 0.355222
10:34:53.617841 0.278584 0.351321 0.548470 2602417.909950 0.355222
10:34:53.968473 0.350484 0.351217 0.499915 2103605.934222 0.355222
10:34:54.260965 0.292346 0.343858 0.514252 2563975.557314 0.355222
10:34:54.575662 0.314548 0.340194 0.497300 2422065.828519 0.355222
10:34:55.282303 0.198089 0.322431 0.582365 1923015.525293 0.355222
10:34:55.939550 0.266302 0.315415 0.566495 1476579.940986 0.322431
10:34:56.205827 0.266115 0.309252 0.546862 1523791.265487 0.322431
10:34:56.372743 0.166770 0.291442 0.612131 2505199.056402 0.322431
10:34:56.735231 0.361357 0.300181 0.610613 1190180.434760 0.322431
10:34:57.003909 0.268529 0.296225 0.560701 1647374.059745 0.322431
10:34:57.335908 0.331241 0.300602 0.533975 1372583.165811 0.322431
10:34:57.638212 0.302156 0.300796 0.477380 1545374.058438 0.322431
10:34:58.001381 0.363012 0.308573 0.503227 1320154.431337 0.322431
10:34:58.205064 0.203537 0.295444 0.546470 2414889.945824 0.322431
10:34:58.617495 0.412271 0.310047 0.615144 1222031.072139 0.322431
10:34:58.933179 0.315489 0.310727 0.544992 1635860.242707 0.322431
10:34:59.344445 0.411114 0.323276 0.599361 1285249.417449 0.322431
10:34:59.627456 0.282864 0.318224 0.565700 1911419.695493 0.322431
10:35:00.051630 0.424025 0.331449 0.622857 1304073.871565 0.322431
10:35:00.342086 0.290306 0.326306 0.586005 1947075.920633 0.322431
10:35:00.672200 0.329964 0.326764 0.525195 1750300.443828 0.322431
10:35:00.965314 0.292964 0.322539 0.505162 2013297.050081 0.322431
10:35:01.693337 0.349089 0.325857 0.489375 1724809.890859 0.322539
10:35:02.004544 0.311046 0.324006 0.461456 1975271.268514 0.322539
10:35:02.377712 0.373021 0.330133 0.482235 1680033.533401 0.322539
10:35:02.773478 0.395619 0.338319 0.517881 1615130.052867 0.322539
10:35:03.068086 0.294453 0.332835 0.511373 2211776.441980 0.322539
10:35:03.376191 0.307957 0.329726 0.488508 2154690.889517 0.322539
10:35:03.714495 0.338134 0.330777 0.458271 1998735.341199 0.322539
10:35:04.060498 0.345853 0.332661 0.443359 1989654.044816 0.322539
10:35:04.351408 0.290748 0.327422 0.452358 2409013.002580 0.322539
10:35:04.588831 0.237271 0.316153 0.500006 3003754.307498 0.322539
10:35:04.813535 0.224545 0.304702 0.534200 3228715.819080 0.322539
10:35:05.272448 0.151403 0.285540 0.610962 4869654.115743 0.304702
10:35:05.452268 0.179662 0.272305 0.622250 4172101.195626 0.304702
10:35:05.668798 0.216380 0.265314 0.583698 3520914.963820 0.304702
10:35:06.049030 0.380081 0.279660 0.633215 2036785.948211 0.304702
10:35:06.383329 0.334152 0.286472 0.606130 2353514.203936 0.304702
10:35:06.770626 0.387149 0.299056 0.639477 2063081.146801 0.304702
10:35:06.998952 0.228180 0.290197 0.616389 3554247.712184 0.304702
10:35:07.585298 0.322950 0.294291 0.571688 2549299.550392 0.290197
10:35:07.945532 0.360059 0.302512 0.576328 2320686.184343 0.290197
10:35:08.298755 0.353070 0.308832 0.564752 2401427.338343 0.290197
10:35:08.680378 0.381465 0.317911 0.582484 2254886.016475 0.290197
10:35:08.978943 0.298353 0.315466 0.533454 2924214.358188 0.290197
10:35:09.413763 0.434650 0.330364 0.613039 2035513.892482 0.290197
10:35:09.823618 0.409709 0.340282 0.631633 2189417.491228 0.290197
10:35:10.164910 0.341147 0.340390 0.559768 2665453.627220 0.290197
10:35:11.210097 0.386474 0.346151 0.556768 2384637.135971 0.323368
10:35:11.615964 0.405704 0.353595 0.571111 2301894.855894 0.323368
10:35:11.923635 0.307528 0.347837 0.557041 3076714.776189 0.323368
10:35:12.317580 0.393783 0.353580 0.556429 2433991.196084 0.323368
10:35:12.619393 0.301660 0.347090 0.551147 3218032.898223 0.323368
10:35:13.037124 0.417593 0.355903 0.579448 2354062.435290 0.323368
10:35:13.383373 0.346105 0.354678 0.532135 2875796.986720 0.323368
10:35:13.797027 0.413487 0.362029 0.553931 2436873.523108 0.323368
10:35:14.192691 0.395515 0.366215 0.543627 2578673.603038 0.323368
10:35:14.640379 0.447553 0.376382 0.590779 2306301.568565 0.323368
10:35:14.997143 0.356574 0.373906 0.554512 2929209.164284 0.323368
10:35:15.863463 0.363110 0.372557 0.518807 2910324.170333 0.373906
10:35:16.292936 0.429302 0.379650 0.546083 2490219.139167 0.373906
10:35:16.704870 0.411792 0.383668 0.540634 2625948.346192 0.373906
10:35:17.177252 0.472243 0.394740 0.601040 2315824.345723 0.373906
10:35:17.465421 0.288015 0.381399 0.642849 3839801.493417 0.373906
10:35:17.978977 0.513379 0.397896 0.725964 2178133.092226 0.373906
10:35:18.430296 0.451158 0.404554 0.703867 2505764.904811 0.373906
10:35:18.887079 0.456538 0.411052 0.687521 2503150.884313 0.373906
10:35:19.303584 0.416361 0.411716 0.624376 2774207.335829 0.373906
10:35:19.853891 0.550161 0.429021 0.726962 2121851.127992 0.373906
10:35:20.554574 0.505409 0.438570 0.738413 2334046.276624 0.429021
10:35:21.080681 0.525951 0.449493 0.761756 2266249.530845 0.429021
10:35:21.615706 0.534888 0.460167 0.779760 2251357.171013 0.429021
10:35:22.125047 0.509188 0.466295 0.755011 2389120.681207 0.429021
10:35:22.561058 0.435865 0.462491 0.709458 2819222.030577 0.429021
10:35:23.072626 0.511418 0.468607 0.702759 2426759.178959 0.429021
10:35:23.656865 0.584093 0.483043 0.774143 2145849.716680 0.429021
10:35:24.167654 0.510645 0.486493 0.732421 2478558.735315 0.429021
10:35:24.718528 0.550725 0.494522 0.743200 2320490.333558 0.429021
10:35:25.439857 0.572056 0.504214 0.768256 2255444.245904 0.494522
10:35:25.981920 0.541899 0.508924 0.744641 2403636.253469 0.494522
10:35:26.564194 0.582142 0.518076 0.768082 2258583.437659 0.494522
10:35:27.083335 0.518988 0.518190 0.706606 2557100.108102 0.494522
10:35:27.617164 0.533662 0.520124 0.676908 2509812.947700 0.494522
10:35:28.158970 0.541662 0.522817 0.661942 2495430.832288 0.494522
10:35:28.768716 0.609592 0.533664 0.724783 2237509.822096 0.494522
10:35:29.363958 0.595098 0.541343 0.746117 2312654.313874 0.494522
10:35:29.964017 0.599913 0.548664 0.760815 2314575.149441 0.494522
10:35:30.860917 0.622897 0.557943 0.791289 2248898.618944 0.548664
10:35:31.437320 0.576235 0.560230 0.753531 2452332.577606 0.548664
10:35:32.009207 0.571745 0.561669 0.718160 2493083.809007 0.548664
10:35:32.652234 0.642880 0.571820 0.770400 2236336.614797 0.548664
10:35:33.247964 0.595587 0.574791 0.747492 2434546.024530 0.548664
10:35:34.132494 0.646117 0.583707 0.784558 2263169.152704 0.574791
10:35:34.813296 0.680635 0.595823 0.843390 2166447.586772 0.574791
10:35:35.403174 0.589721 0.595060 0.786837 2521273.771287 0.574791
10:35:35.922428 0.519115 0.585567 0.805345 2887868.937102 0.574791
10:35:36.319642 0.397069 0.562005 0.915336 3806451.992458 0.574791
10:35:36.953985 0.417680 0.543964 0.953288 3648036.555334 0.562005
10:35:37.380236 0.426058 0.529226 0.954125 3605142.505080 0.562005
10:35:37.750216 0.369828 0.509301 0.987373 4186508.483947 0.562005
10:35:38.248278 0.497923 0.507879 0.877811 3134171.993978 0.562005
10:35:38.642267 0.393845 0.493625 0.885108 3993610.875350 0.562005
10:35:39.235594 0.419530 0.484363 0.852070 3778400.404520 0.493625
10:35:39.704566 0.468817 0.482420 0.773746 3407385.002937 0.493625
10:35:40.120781 0.416071 0.474126 0.758969 3868878.723688 0.493625
10:35:40.581400 0.460492 0.472422 0.699688 3522353.325731 0.493625
10:35:41.138498 0.556967 0.482990 0.737985 2934292.231339 0.493625
10:35:41.939883 0.562072 0.492875 0.763204 2929503.492032 0.382928
10:35:42.442171 0.502141 0.494033 0.706045 3303613.932802 0.382928
10:35:43.045312 0.602998 0.507654 0.775628 2771431.993772 0.382928
10:35:43.605327 0.559871 0.514181 0.767378 3006864.304994 0.382928
10:35:44.134356 0.528888 0.516019 0.720624 3206244.122087 0.382928
10:35:44.688475 0.553982 0.520765 0.712181 3083190.320463 0.382928
10:35:45.275133 0.586512 0.528983 0.738292 2933137.666277 0.382928
10:35:45.875580 0.600304 0.537898 0.766201 2886218.186669 0.382928
10:35:46.407695 0.531977 0.537158 0.714306 3280021.885437 0.382928
10:35:47.298214 0.536004 0.537014 0.671029 3278303.486728 0.408647
10:35:47.827601 0.529126 0.536028 0.644427 3344141.542543 0.408647
10:35:48.351319 0.523547 0.534468 0.628248 3403246.342319 0.408647
10:35:48.914145 0.562645 0.537990 0.636502 3188596.952500 0.408647
10:35:49.454773 0.540478 0.538301 0.614673 3342108.336937 0.408647
10:35:50.044010 0.589087 0.544649 0.652715 3087190.806940 0.408647
10:35:50.562594 0.518438 0.541373 0.648633 3531592.290618 0.408647
10:35:51.136529 0.573799 0.545426 0.658297 3212275.270029 0.408647
10:35:51.632743 0.496054 0.539255 0.673280 3740496.491327 0.408647
10:35:53.234706 0.295223 0.508751 0.853301 3163330.795314 0.539255
10:35:53.505578 0.270712 0.478996 0.975447 3495136.973571 0.539255
10:35:53.692358 0.186643 0.442452 1.107143 5135282.809903 0.539255
10:35:53.869710 0.177217 0.409297 1.173051 5477758.699167 0.539255
10:35:54.095728 0.225878 0.386370 1.142604 4352083.863285 0.539255
10:35:54.285882 0.190009 0.361825 1.125361 5238317.061057 0.539255
10:35:54.503323 0.217309 0.343760 1.060929 4636789.128721 0.539255
10:35:54.697340 0.193874 0.325025 1.012787 5260657.020603 0.539255
10:35:54.882867 0.185389 0.307570 0.963028 5567707.721114 0.539255
10:35:55.029976 0.146949 0.287492 0.939707 7107781.061868 0.539255
