10:33:36.152641 0.323569 0.323569 1.617845 37976.437005 0.500000
10:33:36.356082 0.203263 0.308531 1.399544 120907.369452 0.500000
10:33:36.613600 0.257377 0.302137 1.171550 190972.842677 0.500000
10:33:36.829447 0.215705 0.291333 1.029825 455733.698395 0.500000
10:33:37.091211 0.261611 0.287617 0.871208 751528.075737 0.500000
10:33:37.361065 0.269710 0.285379 0.740979 1457921.125612 0.500000
10:33:38.004966 0.643753 0.330176 1.030250 1221636.150466 0.500000
10:33:38.523274 0.518152 0.353673 1.066705 1541478.180691 0.500000
10:33:39.060957 0.537404 0.376639 1.095144 1509122.129174 0.500000
10:33:40.388056 0.643397 0.409984 1.215620 1279608.369809 0.376639
10:33:41.352980 0.623229 0.436640 1.254112 1340733.444811 0.409984
10:33:41.988938 0.635794 0.461534 1.273793 1333563.674653 0.409984
10:33:42.528291 0.539209 0.471243 1.158113 1595225.927345 0.409984
10:33:43.595507 0.686001 0.498088 1.227998 1271788.559881 0.471243
10:33:44.222608 0.626939 0.514194 1.190478 1411199.363450 0.471243
10:33:44.827792 0.605009 0.525546 1.123573 1482662.632117 0.471243
10:33:46.147430 0.608155 0.535872 1.067001 1495197.740481 0.757760
10:33:46.633857 0.486261 0.529671 0.977629 1895278.886565 0.757760
10:33:47.236396 0.602386 0.538760 0.947444 1550314.920091 0.757760
10:33:47.770341 0.533634 0.538119 0.849759 1773080.600773 0.757760
10:33:48.350465 0.579618 0.543307 0.818535 1653612.626843 0.757760
10:33:49.787517 0.543258 0.543301 0.749771 1786908.036775 0.524731
10:33:50.493086 0.705396 0.563563 0.880510 1393600.315063 0.524731
10:33:51.161819 0.668587 0.576691 0.919426 1488703.856926 0.524731
10:33:51.797139 0.635173 0.584001 0.899535 1586364.454031 0.524731
10:33:52.550281 0.752990 0.605125 1.010764 1354472.157633 0.524731
10:33:53.240978 0.690546 0.615802 1.005453 1494747.557061 0.524731
10:33:54.348087 0.635733 0.618294 0.930463 1642953.551835 0.615802
10:33:54.978809 0.630561 0.619827 0.866221 1675916.858198 0.615802
10:33:55.709281 0.730322 0.633639 0.928930 1463814.345692 0.615802
10:33:56.230020 0.520593 0.619508 0.954022 2077139.242544 0.615802
10:33:56.873307 0.643128 0.622461 0.896966 1700489.076865 0.615802
10:33:57.505592 0.632052 0.623660 0.839130 1749728.945617 0.615802
10:33:58.934989 0.663920 0.628692 0.830555 1684251.303105 0.623660
10:33:59.540823 0.601209 0.625257 0.804137 1880370.540441 0.623660
10:34:00.158241 0.617270 0.624258 0.766405 1851351.942063 0.623660
10:34:00.703108 0.544718 0.614316 0.800467 2120495.270035 0.623660
10:34:01.272071 0.568808 0.608627 0.793748 2052292.386278 0.623660
10:34:01.893418 0.621199 0.610199 0.761611 1898985.999597 0.623660
10:34:02.540735 0.647170 0.614820 0.765350 1841766.948437 0.623660
10:34:04.045730 0.322196 0.578242 0.983764 1868775.488644 0.614820
10:34:04.412915 0.367025 0.551840 1.067199 1674000.871500 0.614820
10:34:04.728798 0.315738 0.522327 1.144948 1984835.762528 0.614820
10:34:05.118702 0.389750 0.505755 1.105298 1639450.914037 0.614820
10:34:05.425061 0.306215 0.480813 1.130010 2126820.715296 0.614820
10:34:05.769408 0.344181 0.463734 1.087263 1927915.494464 0.614820
10:34:06.035050 0.265308 0.438930 1.105003 2547379.824045 0.614820
10:34:06.323347 0.288148 0.420083 1.070420 2388106.722693 0.614820
10:34:06.601777 0.278289 0.402358 1.031905 2516866.996391 0.614820
10:34:07.237061 0.306692 0.390400 0.958227 2323843.684396 0.402358
10:34:07.540437 0.303219 0.379502 0.892553 2390984.103205 0.402358
10:34:07.876111 0.335527 0.374006 0.802769 2197379.420423 0.402358
10:34:08.170820 0.294443 0.364060 0.765196 2545716.063032 0.402358
10:34:08.487299 0.316315 0.358092 0.706689 2408536.284738 0.402358
10:34:09.078166 0.590726 0.387171 0.881253 1310495.593982 0.402358
10:34:09.703142 0.624796 0.416874 1.025060 1258702.214212 0.402358
10:34:10.253878 0.550582 0.433588 1.023435 1450683.274332 0.402358
10:34:10.789987 0.535969 0.446385 0.991152 1513162.088379 0.402358
10:34:11.805479 0.619427 0.468016 1.049632 1329125.216645 0.446385
10:34:12.353992 0.548355 0.478058 0.994610 1523800.902246 0.446385
10:34:12.875836 0.521379 0.483473 0.914208 1626210.510544 0.446385
10:34:13.527900 0.651895 0.504526 0.995999 1319476.202448 0.446385
10:34:14.140992 0.612925 0.518076 0.995080 1423417.098450 0.446385
10:34:14.626273 0.485135 0.513958 0.904652 1823690.018176 0.446385
10:34:15.188796 0.562359 0.520008 0.861429 1595108.905648 0.446385
10:34:15.840143 0.651195 0.536407 0.923659 1396374.763473 0.446385
10:34:17.137487 0.549476 0.538040 0.841549 1677233.862722 0.536407
10:34:17.651773 0.513889 0.535021 0.786804 1817295.754931 0.536407
10:34:18.238985 0.587055 0.541526 0.782397 1611732.576167 0.536407
10:34:18.852990 0.613671 0.550544 0.803342 1561853.618352 0.536407
10:34:19.403160 0.550017 0.550478 0.740603 1764948.703285 0.536407
10:34:20.038152 0.634837 0.561023 0.787976 1548492.189376 0.536407
10:34:20.669632 0.631312 0.569809 0.810313 1576602.643331 0.536407
10:34:21.996632 0.554744 0.567926 0.763369 1816362.124780 0.569809
10:34:22.590395 0.593519 0.571125 0.743300 1718401.681215 0.569809
10:34:23.271157 0.680612 0.584811 0.823429 1516564.840551 0.569809
10:34:23.894130 0.622830 0.589563 0.806546 1676990.742362 0.569809
10:34:24.561583 0.667302 0.599281 0.839756 1583643.041799 0.569809
10:34:25.523901 0.672600 0.608445 0.862122 1589437.928766 0.599281
10:34:26.243874 0.719805 0.622365 0.923982 1502273.527797 0.599281
10:34:26.952858 0.708829 0.633173 0.945849 1542871.572748 0.599281
10:34:27.658980 0.705974 0.642273 0.949581 1566516.387549 0.599281
10:34:28.387349 0.728220 0.653017 0.969444 1535535.994007 0.599281
10:34:29.508483 0.706064 0.659648 0.950015 1601124.009575 0.653017
10:34:30.106884 0.598241 0.651972 0.931154 1910240.658925 0.653017
10:34:30.608937 0.501905 0.633213 0.992667 2301375.921381 0.653017
10:34:31.859927 0.654190 0.635836 0.926403 1784435.541250 0.633213
10:34:32.607917 0.747830 0.649835 0.979754 1577428.206293 0.633213
10:34:33.573543 0.965480 0.689290 1.252375 1234552.952141 0.633213
10:34:34.306868 0.733189 0.694778 1.160990 1642447.196440 0.633213
10:34:35.356531 0.686737 0.693773 1.051472 1771437.817891 0.694778
10:34:35.906921 0.550229 0.675830 1.087648 2233251.678721 0.694778
10:34:36.846197 0.939139 0.708743 1.280917 1321516.656428 0.694778
10:34:37.690041 0.843702 0.725613 1.289702 1485567.461630 0.694778
10:34:38.857630 0.863817 0.742889 1.304159 1465199.266005 0.725613
10:34:39.924425 1.066630 0.783356 1.528050 1198121.312765 0.725613
10:34:40.693945 0.769375 0.781609 1.354110 1676997.375873 0.725613
10:34:41.892025 0.514053 0.748164 1.445096 2533839.371879 0.704069
10:34:42.704911 0.812727 0.756235 1.343496 1617783.144000 0.704069
10:34:43.539787 0.834715 0.766045 1.284971 1589888.974849 0.704069
10:34:44.391704 0.851769 0.776760 1.251679 1572482.734644 0.704069
10:34:45.208321 0.816438 0.781720 1.177587 1655582.012067 0.704069
10:34:46.116557 0.908082 0.797515 1.220778 1502031.741010 0.704069
10:34:47.360244 0.949149 0.816469 1.285550 1449989.574484 0.797515
10:34:48.255871 0.895467 0.826344 1.257152 1550636.632553 0.797515
10:34:49.341585 1.085570 0.858747 1.441079 1290411.657035 0.797515
10:34:50.199694 0.857610 0.858605 1.296491 1647742.005100 0.797515
10:34:50.984791 0.784900 0.849392 1.251512 1816037.827433 0.797515
10:34:52.413216 1.008207 0.869244 1.329649 1425993.096640 0.849392
10:34:53.456078 1.042698 0.890926 1.409684 1390607.633738 0.849392
10:34:54.361590 0.905370 0.892731 1.296244 1615109.849902 0.849392
10:34:55.229097 0.864261 0.889172 1.220277 1706151.440642 0.849392
10:34:56.016345 0.787076 0.876410 1.226835 1889078.064638 0.849392
10:34:57.100904 0.796014 0.866361 1.209576 1883303.957244 0.876410
10:34:58.078795 0.977691 0.880277 1.249019 1545911.847686 0.876410
10:34:58.733825 0.654874 0.852102 1.354061 2326725.986605 0.876410
10:34:59.586535 0.852552 0.852158 1.229078 1801649.264527 0.876410
10:35:00.595412 1.008707 0.871727 1.310966 1534923.350995 0.876410
10:35:01.823967 0.870816 0.871613 1.201953 1792084.681149 0.871727
10:35:02.818476 0.994343 0.886954 1.257439 1581812.244842 0.871727
10:35:03.664037 0.845387 0.881758 1.201189 1875060.810988 0.871727
10:35:04.589759 0.925586 0.887237 1.170638 1725868.828581 0.871727
10:35:05.321853 0.731950 0.867826 1.235663 2199232.053889 0.871727
10:35:06.301613 0.803439 0.859777 1.200042 2018841.152491 0.867826
10:35:06.964084 0.662311 0.835094 1.287759 2467577.633024 0.867826
10:35:08.244421 0.718273 0.820492 1.276812 2292432.227377 0.835094
10:35:08.966888 0.722312 0.808219 1.248639 2296625.365072 0.835094
10:35:10.304630 0.732350 0.798735 1.204919 2281924.963049 0.808219
10:35:10.948552 0.643681 0.779354 1.239046 2615358.375484 0.808219
10:35:12.593035 0.750956 0.775804 1.148971 2258114.198797 0.594998
10:35:13.358613 0.765417 0.774506 1.064768 2231505.585995 0.594998
10:35:14.165352 0.806595 0.778517 1.028303 2132817.354850 0.594998
10:35:14.967023 0.801524 0.781393 0.991740 2161641.634164 0.594998
10:35:15.785341 0.818152 0.785988 0.980507 2132728.520927 0.594998
10:35:16.582345 0.796845 0.787345 0.944092 2205176.778220 0.594998
10:35:17.364042 0.781549 0.786620 0.909976 2264057.726776 0.594998
10:35:18.526387 0.869332 0.796959 0.972188 2049573.518561 0.786620
10:35:19.322870 0.796328 0.796880 0.928933 2252900.622984 0.786620
10:35:20.136676 0.813661 0.798978 0.914798 2220010.276237 0.786620
10:35:20.905846 0.769027 0.795234 0.912050 2364837.661774 0.786620
10:35:21.614379 0.708383 0.784378 0.958841 2584636.278415 0.786620
10:35:22.484243 0.676491 0.770892 1.009626 2724648.132433 0.784378
10:35:23.159636 0.675228 0.758934 1.033648 2747942.433192 0.784378
10:35:23.839402 0.679608 0.749018 1.034380 2748313.302659 0.784378
10:35:24.591517 0.751964 0.749386 0.966353 2500205.283019 0.784378
10:35:25.247705 0.656045 0.737719 0.993785 2884485.233964 0.784378
10:35:25.970049 0.722178 0.735776 0.943367 2637355.397978 0.784378
10:35:27.489396 0.914394 0.758103 1.092414 2096391.387077 0.735776
10:35:28.200122 0.710553 0.752160 1.050443 2715091.186439 0.735776
10:35:29.014420 0.814119 0.759904 1.045577 2384791.117957 0.735776
10:35:29.786107 0.771520 0.761356 0.987226 2532392.745580 0.735776
10:35:30.603335 0.817078 0.768322 0.993445 2406233.309976 0.735776
10:35:31.372548 0.769073 0.768416 0.938010 2572405.968725 0.735776
10:35:32.735942 0.844213 0.777890 0.980883 2358002.043394 0.768416
10:35:33.561930 0.825825 0.783882 0.984062 2425385.594149 0.768416
10:35:34.474424 0.912346 0.799940 1.078539 2208845.903494 0.768416
10:35:35.171962 0.697398 0.787122 1.098614 2907264.077585 0.768416
10:35:35.926735 0.754596 0.783057 1.049201 2703178.937674 0.768416
10:35:36.956310 0.677063 0.769807 1.075409 3030879.010547 0.783057
10:35:37.706681 0.750211 0.767358 1.016156 2751737.842797 0.783057
10:35:38.351787 0.643313 0.751852 1.062495 3228089.938400 0.783057
10:35:39.034920 0.682961 0.743241 1.045114 3058681.300227 0.783057
10:35:39.732780 0.697707 0.737549 1.009488 3011648.424561 0.783057
10:35:41.146475 0.641314 0.725520 1.025709 3295633.499566 0.737549
10:35:41.735113 0.588454 0.708386 1.070594 3612557.601324 0.737549
10:35:42.433523 0.698260 0.707121 0.988903 3062056.811280 0.737549
10:35:43.057048 0.623379 0.696653 0.991731 3449586.892273 0.737549
10:35:43.792265 0.735083 0.701457 0.961195 2942100.957151 0.737549
10:35:44.642443 0.634913 0.693139 0.954486 3425628.567552 0.701457
10:35:45.329723 0.687112 0.692385 0.894423 3183272.105562 0.701457
10:35:46.106610 0.776741 0.702930 0.938814 2831770.076752 0.701457
10:35:46.786480 0.679728 0.700030 0.900144 3254007.336185 0.701457
10:35:47.473505 0.686891 0.698387 0.861612 3237963.147524 0.701457
10:35:48.898532 0.730525 0.702405 0.856961 3061381.812554 0.698387
10:35:49.556280 0.657596 0.696803 0.857529 3419583.505223 0.698387
10:35:50.246164 0.689730 0.695919 0.823537 3278083.065607 0.698387
10:35:50.975290 0.728978 0.700052 0.828824 3118448.367117 0.698387
10:35:51.603228 0.627795 0.691019 0.859855 3640628.022144 0.698387
10:35:52.586408 0.632769 0.683738 0.868615 3631428.860239 0.691019
10:35:53.254871 0.668311 0.681810 0.835895 3456690.691187 0.691019
10:35:53.833890 0.578873 0.668943 0.887443 4011989.373558 0.691019
10:35:54.319120 0.485091 0.645961 0.993688 4812952.909061 0.691019
10:35:54.832241 0.512974 0.629338 1.023120 4575296.001398 0.691019
10:35:55.312680 0.359758 0.595640 1.160557 6558010.257562 0.629338
10:35:55.559507 0.246654 0.552017 1.324691 9615022.162016 0.629338
10:35:55.807698 0.248054 0.514022 1.397490 9610293.464994 0.629338
10:35:56.389139 0.253117 0.481409 1.404915 9466607.142316 0.557247
10:35:56.639775 0.250477 0.452542 1.376103 9615442.828267 0.557247
10:35:56.892177 0.252261 0.427507 1.320459 9596150.206741 0.557247
10:35:57.145612 0.253275 0.405728 1.249674 9606257.196846 0.557247
10:35:57.400485 0.254739 0.386854 1.170803 9599282.235950 0.557247
10:35:57.656316 0.255698 0.370460 1.089578 9611339.667964 0.557247
10:35:57.913859 0.257409 0.356328 1.008718 9595194.297002 0.557247
10:35:58.312552 0.269536 0.345479 0.921564 9209069.774779 0.577250
10:35:58.572597 0.259893 0.334781 0.852431 9598044.467838 0.577250
10:35:58.833512 0.260780 0.325531 0.787770 9612521.544911 0.577250
10:35:59.096238 0.262593 0.317664 0.727281 9592943.084143 0.577250
10:35:59.359690 0.263309 0.310869 0.672437 9613526.242996 0.577250
10:35:59.624930 0.265103 0.305149 0.622090 9594817.953459 0.577250
10:35:59.890980 0.265912 0.300244 0.577187 9611839.488375 0.577250
10:36:00.213949 0.274822 0.297066 0.530195 9344928.830088 0.597254
10:36:00.482556 0.268461 0.293491 0.496943 9612122.825098 0.597254
10:36:00.752886 0.270196 0.290579 0.466463 9595879.932543 0.597254
10:36:01.024117 0.271103 0.288144 0.439533 9609103.957674 0.597254
10:36:01.296981 0.272729 0.286217 0.415174 9596861.645967 0.597254
10:36:01.570702 0.273584 0.284638 0.393989 9611794.062651 0.597254
10:36:02.135085 0.290053 0.285315 0.372743 9108407.755970 0.614400
10:36:02.411340 0.276098 0.284163 0.358951 9613281.790365 0.614400
10:36:02.689383 0.277901 0.283380 0.345733 9595131.471905 0.614400
10:36:02.968247 0.278728 0.282799 0.334216 9610745.675055 0.614400
10:36:03.248840 0.280458 0.282506 0.323409 9595269.048392 0.614400
10:36:03.530214 0.281234 0.282347 0.314296 9612492.623601 0.614400
10:36:04.011588 0.288070 0.283062 0.312747 9427043.234316 0.631546
10:36:04.295531 0.283789 0.283153 0.306144 9612544.822006 0.631546
10:36:04.581197 0.285533 0.283451 0.303073 9596874.851034 0.631546
10:36:04.867739 0.286403 0.283820 0.301489 9610627.575230 0.631546
10:36:05.155999 0.288081 0.284352 0.301865 9597303.067535 0.631546
10:36:05.445076 0.288936 0.284925 0.302644 9611424.925077 0.631546
10:36:06.186219 0.194438 0.273614 0.377390 7141312.066312 0.648692
10:36:06.332081 0.145715 0.257627 0.463359 9613505.931918 0.648692
10:36:06.479573 0.147358 0.243843 0.508411 9589710.561495 0.648692
10:36:06.628004 0.148284 0.231898 0.525884 9612691.858535 0.648692
10:36:06.778051 0.149895 0.221648 0.524140 9591356.969619 0.648692
10:36:06.929034 0.150843 0.212797 0.510472 9612543.590113 0.648692
10:36:07.081678 0.152499 0.205260 0.488814 9588734.213359 0.648692
10:36:07.235138 0.153323 0.198768 0.463371 9617347.848163 0.648692
10:36:07.390351 0.155070 0.193306 0.435456 9588233.461291 0.648692
10:36:07.546431 0.155944 0.188635 0.407610 9613305.061406 0.648692
10:36:07.843796 0.167870 0.186040 0.371036 9003536.054492 0.351494
10:36:08.002252 0.158301 0.182572 0.349059 9625417.322750 0.351494
10:36:08.162632 0.160234 0.179780 0.326983 9585982.031634 0.351494
10:36:08.323790 0.161000 0.177433 0.306615 9616694.854679 0.351494
10:36:08.486649 0.162718 0.175593 0.287195 9590674.954621 0.351494
10:36:08.650385 0.163603 0.174095 0.269786 9613902.874895 0.351494
10:36:08.815958 0.165433 0.173012 0.253442 9581827.001339 0.351494
10:36:08.982129 0.166028 0.172139 0.239445 9621508.305561 0.351494
10:36:09.150137 0.167870 0.171605 0.226354 9589145.514485 0.351494
10:36:09.318988 0.168713 0.171244 0.215197 9614049.348765 0.351494
10:36:09.489560 0.170438 0.171143 0.204914 9588844.675620 0.351494
10:36:09.815187 0.164411 0.170302 0.202362 10015092.173564 0.382928
10:36:09.988228 0.172885 0.170624 0.197253 9595283.368435 0.382928
10:36:10.162215 0.173838 0.171026 0.194211 9613356.503054 0.382928
10:36:10.337848 0.175496 0.171585 0.193444 9592554.972835 0.382928
10:36:10.514410 0.176426 0.172190 0.193425 9611635.157707 0.382928
10:36:10.692649 0.178095 0.172928 0.194759 9590574.161867 0.382928
10:36:10.871768 0.178931 0.173679 0.196055 9614432.494567 0.382928
10:36:11.052519 0.180610 0.174545 0.198259 9593093.191758 0.382928
10:36:11.234166 0.181507 0.175415 0.200162 9613388.072145 0.382928
10:36:11.417519 0.183215 0.176390 0.202751 9590823.048612 0.382928
10:36:11.701239 0.177187 0.176490 0.197057 9986468.195270 0.411505
10:36:11.887067 0.185684 0.177639 0.202259 9595658.911346 0.411505
10:36:12.073836 0.186636 0.178764 0.206225 9612539.843809 0.411505
10:36:12.262247 0.188266 0.179951 0.210050 9594605.050053 0.411505
10:36:12.451613 0.189231 0.181111 0.212965 9610594.924859 0.411505
10:36:12.642622 0.190868 0.182331 0.215978 9592549.112867 0.411505
10:36:12.834511 0.191748 0.183508 0.218160 9612621.380692 0.411505
10:36:13.028166 0.193502 0.184757 0.220740 9588988.672277 0.411505
10:36:13.222530 0.194224 0.185941 0.222394 9616613.531849 0.411505
10:36:13.418692 0.196027 0.187201 0.224628 9590840.097271 0.411505
10:36:13.692780 0.189536 0.187493 0.217898 9984124.677357 0.440082
10:36:13.891384 0.198448 0.188863 0.222621 9597669.219945 0.440082
10:36:14.090939 0.199417 0.190182 0.226055 9612655.398883 0.440082
10:36:14.292214 0.201125 0.191550 0.229398 9592128.758141 0.440082
10:36:14.494307 0.201950 0.192850 0.231636 9613782.103816 0.440082
10:36:14.698159 0.203713 0.194208 0.234160 9590907.666090 0.440082
10:36:14.902808 0.204508 0.195495 0.235760 9613703.932317 0.440082
10:36:15.109287 0.206319 0.196848 0.237871 9588875.001730 0.440082
10:36:15.434667 0.199707 0.197206 0.230831 9967881.388753 0.462943
10:36:15.643569 0.208739 0.198647 0.235400 9595445.002057 0.462943
10:36:15.853358 0.209651 0.200023 0.238591 9612317.918584 0.462943
10:36:16.064833 0.211333 0.201437 0.241673 9593956.696597 0.462943
10:36:16.277215 0.212248 0.202788 0.243777 9610489.448978 0.462943
10:36:16.491226 0.213875 0.204174 0.246003 9594835.624920 0.462943
10:36:16.706130 0.214767 0.205498 0.247463 9612203.922229 0.462943
10:36:16.922737 0.216471 0.206870 0.249316 9593305.405380 0.462943
10:36:17.344900 0.210058 0.207268 0.242291 9944683.182441 0.485805
10:36:17.563882 0.218824 0.208713 0.246536 9602460.728854 0.485805
10:36:17.783870 0.219848 0.210105 0.249607 9613617.137808 0.485805
10:36:18.005601 0.221594 0.211541 0.252657 9593334.538187 0.485805
10:36:18.228361 0.222610 0.212924 0.254831 9604743.860460 0.485805
