10:32:46.155086 0.169787 0.169787 0.848935 72373.061895 0.500000
10:32:46.315371 0.160109 0.168577 0.687616 153495.389897 0.500000
10:32:46.472082 0.156504 0.167068 0.568420 314062.429383 0.500000
10:32:46.670948 0.198708 0.171023 0.503677 494715.721569 0.500000
10:32:46.824962 0.153862 0.168878 0.435530 1277820.388556 0.500000
10:32:47.091813 0.266676 0.181103 0.478889 1474508.673662 0.500000
10:32:47.563462 0.471505 0.217403 0.731145 1667918.945269 0.500000
10:32:48.011016 0.447407 0.246153 0.861464 1785220.139862 0.500000
10:32:48.378442 0.367003 0.261260 0.843592 2209813.215449 0.500000
10:32:49.276529 0.423775 0.281574 0.880839 1942766.992538 0.261260
10:32:50.112124 0.502240 0.309157 0.979272 1663714.749083 0.281574
10:32:50.551961 0.439671 0.325471 0.958571 1928424.625328 0.281574
10:32:50.825327 0.273218 0.318940 0.846018 3148253.454431 0.281574
10:32:51.826099 0.512349 0.343116 0.931833 1702839.640155 0.318940
10:32:52.328359 0.502098 0.362989 0.963509 1762078.026348 0.318940
10:32:52.810242 0.481736 0.377832 0.946970 1862065.743235 0.318940
10:32:53.264923 0.454541 0.387421 0.890983 2000506.146054 0.318940
10:32:53.806487 0.541406 0.406669 0.938326 1702234.066078 0.318940
10:32:55.054334 0.654249 0.437616 1.083939 1427419.938404 0.504804
10:32:55.614939 0.560433 0.452969 1.060527 1688294.136630 0.504804
10:32:56.208511 0.593425 0.470526 1.066651 1615139.137549 0.504804
10:32:56.647401 0.438744 0.466553 0.945429 2212570.084657 0.504804
10:32:57.270802 0.623215 0.486136 1.001955 1577368.463316 0.504804
10:32:57.722710 0.451755 0.481838 0.903083 2203247.106927 0.504804
10:32:58.155278 0.432418 0.475661 0.841014 2330189.188172 0.504804
10:32:58.658857 0.503427 0.479131 0.780913 2025922.213042 0.504804
10:32:59.423264 0.541444 0.486920 0.775569 1906368.672555 0.479131
10:32:59.906499 0.483072 0.486439 0.706775 2162161.972094 0.479131
10:33:00.353324 0.446658 0.481467 0.686499 2365943.701611 0.479131
10:33:00.878573 0.525101 0.486921 0.684330 2035905.681137 0.479131
10:33:01.312682 0.433970 0.480302 0.681310 2491748.423843 0.479131
10:33:01.637717 0.324897 0.460877 0.767037 3366087.802624 0.479131
10:33:02.556170 0.474390 0.462566 0.705700 2331246.295830 0.388042
10:33:03.064391 0.508057 0.468252 0.696094 2200949.384561 0.388042
10:33:03.555836 0.491280 0.471131 0.665040 2301123.226000 0.388042
10:33:04.110779 0.554791 0.481588 0.710681 2059846.057794 0.388042
10:33:04.622815 0.511888 0.485376 0.687495 2256493.488113 0.388042
10:33:05.075676 0.452713 0.481293 0.665545 2578587.244599 0.388042
10:33:05.558952 0.483129 0.481522 0.621548 2441683.153288 0.388042
10:33:06.488826 0.308025 0.459835 0.738351 1914856.803777 0.388042
10:33:06.744025 0.255049 0.434237 0.847910 2360769.981527 0.388042
10:33:07.057830 0.313658 0.419165 0.849998 1958821.397455 0.388042
10:33:07.652305 0.240092 0.396780 0.898979 2610201.590391 0.419165
10:33:07.975213 0.322745 0.387526 0.838210 1979817.825872 0.419165
10:33:08.270298 0.294897 0.375947 0.806590 2208445.065565 0.419165
10:33:08.541060 0.270614 0.362781 0.791096 2452024.742637 0.419165
10:33:08.905749 0.364545 0.363001 0.686002 1853926.955075 0.419165
10:33:09.153655 0.247729 0.348592 0.706115 2777747.002466 0.419165
10:33:09.457172 0.303367 0.342939 0.656306 2308806.434434 0.419165
10:33:09.798269 0.340951 0.342691 0.579704 2090341.636539 0.419165
10:33:10.136347 0.337927 0.342095 0.524619 2145410.962833 0.419165
10:33:10.461159 0.324667 0.339917 0.494238 2270880.786751 0.419165
10:33:10.737871 0.276566 0.331998 0.511089 2710267.793221 0.419165
10:33:11.006246 0.268227 0.324026 0.522116 2840339.395022 0.419165
10:33:11.495378 0.488991 0.344647 0.658178 1583145.630485 0.419165
10:33:11.971302 0.475776 0.361038 0.727316 1652946.073150 0.419165
10:33:12.497426 0.525980 0.381656 0.821306 1518536.838830 0.419165
10:33:12.997362 0.499782 0.396422 0.844285 1622724.004219 0.419165
10:33:13.484047 0.486532 0.407685 0.833693 1692172.448848 0.419165
10:33:13.913712 0.429522 0.410415 0.751758 1945380.974749 0.419165
10:33:14.714787 0.551922 0.428103 0.825617 1536216.843406 0.410415
10:33:15.288604 0.573660 0.446298 0.889990 1499424.392801 0.410415
10:33:15.846652 0.557895 0.460248 0.904614 1563821.302905 0.410415
10:33:16.359133 0.512343 0.466760 0.852130 1726843.386472 0.410415
10:33:16.893215 0.533934 0.475156 0.831358 1680028.252660 0.410415
10:33:17.328635 0.435275 0.470171 0.777204 2089051.375407 0.410415
10:33:17.861542 0.532764 0.477995 0.770863 1729846.747702 0.410415
10:33:19.026864 0.492327 0.479787 0.713769 1896885.703346 0.477995
10:33:19.569179 0.542140 0.487581 0.725421 1745261.349006 0.477995
10:33:20.114425 0.545097 0.494770 0.730667 1758336.226238 0.477995
10:33:20.591006 0.476422 0.492477 0.687747 2037588.218849 0.477995
10:33:21.026101 0.434939 0.485285 0.689275 2260178.254696 0.477995
10:33:21.539459 0.513200 0.488774 0.669682 1939455.136088 0.477995
10:33:22.071043 0.531417 0.494104 0.672429 1896092.429877 0.477995
10:33:23.023462 0.455413 0.489268 0.661702 2239513.955680 0.494104
10:33:23.476032 0.452404 0.484660 0.650850 2281571.226848 0.494104
10:33:23.978763 0.502586 0.486901 0.629469 2078211.953674 0.494104
10:33:24.501844 0.519654 0.490995 0.630674 2033600.073350 0.494104
10:33:25.008517 0.506183 0.492893 0.612841 2111995.448616 0.494104
10:33:25.553160 0.544481 0.499342 0.640890 1986009.421731 0.494104
10:33:26.092811 0.539500 0.504362 0.650681 2027121.415878 0.494104
10:33:26.860125 0.493897 0.503054 0.623258 2239171.501047 0.504362
10:33:27.481149 0.620865 0.517780 0.725744 1801048.919561 0.504362
10:33:28.092252 0.610952 0.529426 0.778572 1850383.897557 0.504362
10:33:28.612122 0.519721 0.528213 0.724778 2198841.169436 0.504362
10:33:29.257066 0.644794 0.542786 0.806790 1791381.468805 0.504362
10:33:29.844740 0.587533 0.548379 0.791129 1986884.150677 0.504362
10:33:30.827824 0.513274 0.543991 0.761159 2298281.434129 0.548379
10:33:31.428157 0.600186 0.551015 0.770086 1985943.994785 0.548379
10:33:32.161911 0.733614 0.573840 0.920742 1641495.463145 0.548379
10:33:32.774280 0.612225 0.578638 0.877199 1987033.997849 0.548379
10:33:33.479576 0.705149 0.594452 0.944884 1742610.586863 0.548379
10:33:33.956246 0.476518 0.579710 0.960468 2604493.890035 0.548379
10:33:34.884907 0.657534 0.589438 0.952830 1906176.359787 0.579710
10:33:35.620775 0.735677 0.607718 1.026501 1720407.180540 0.579710
10:33:36.353506 0.732568 0.623324 1.062261 1744482.362539 0.579710
10:33:37.101076 0.747386 0.638832 1.092096 1726336.908603 0.579710
10:33:38.024138 0.922898 0.674340 1.298354 1411345.483048 0.579710
10:33:38.904957 0.880659 0.700130 1.374459 1492990.868922 0.579710
10:33:40.443419 0.913471 0.726798 1.445886 1452814.620238 0.700130
10:33:41.432363 0.988728 0.759539 1.560785 1354661.683618 0.700130
10:33:42.441363 1.008845 0.790702 1.640943 1339829.089954 0.700130
10:33:43.373685 0.683799 0.777339 1.521923 1994691.339644 0.790702
10:33:44.219796 0.845915 0.785911 1.412925 1626943.453280 0.790702
10:33:45.091830 0.871873 0.796657 1.352878 1592599.101254 0.790702
10:33:46.404434 0.751586 0.791023 1.253259 1863834.118061 0.796657
10:33:47.300271 0.895654 0.804102 1.255410 1577752.188051 0.796657
10:33:48.178076 0.877655 0.813296 1.225330 1624110.088402 0.796657
10:33:49.691132 0.865684 0.819844 1.181258 1660762.987562 0.813296
10:33:50.616085 0.924781 0.832961 1.208959 1567921.343755 0.813296
10:33:51.621055 1.004513 0.854405 1.307955 1455702.378361 0.813296
10:33:53.042402 1.115293 0.887016 1.488066 1322128.159043 0.854405
10:33:54.123607 1.081045 0.911270 1.556086 1375380.414847 0.854405
10:33:55.012936 0.889186 0.908509 1.414205 1685964.193579 0.854405
10:33:56.679941 0.893951 0.906690 1.300520 1690723.655807 0.908509
10:33:57.621960 0.941471 0.911037 1.241191 1618437.358552 0.908509
10:33:58.476169 0.854061 0.903915 1.208507 1798466.119069 0.908509
10:33:59.640179 0.752642 0.885006 1.264723 2057136.967873 0.903915
10:34:00.534451 0.894080 0.886140 1.180002 1745454.229098 0.903915
10:34:01.312973 0.778370 0.872669 1.200836 2020715.334441 0.903915
10:34:02.607452 0.901226 0.876239 1.150921 1758883.923827 0.856839
10:34:03.537077 0.929449 0.882890 1.142112 1718695.990669 0.856839
10:34:05.356824 0.677338 0.857196 1.257164 1179204.674362 0.856839
10:34:05.941914 0.584948 0.823165 1.395389 1386462.118606 0.856839
10:34:06.528403 0.586356 0.793564 1.459541 1404088.593105 0.856839
10:34:07.478264 0.578877 0.766728 1.480898 1443456.969495 0.793564
10:34:08.091276 0.612709 0.747476 1.437122 1383808.524375 0.793564
10:34:08.733447 0.641990 0.734290 1.357010 1339834.065735 0.793564
10:34:09.260574 0.526980 0.708376 1.382726 1655562.122030 0.793564
10:34:09.886855 0.626134 0.698096 1.286101 1413014.011043 0.793564
10:34:10.483283 0.596276 0.685368 1.228192 1504377.054477 0.793564
10:34:10.908153 0.424726 0.652788 1.320548 2140937.875105 0.793564
10:34:11.450367 0.542056 0.638947 1.250499 1700193.823308 0.793564
10:34:12.055046 0.604533 0.634645 1.127723 1544809.077929 0.793564
10:34:12.935287 0.543088 0.623200 1.084566 1742215.020266 0.634645
10:34:13.586097 0.650559 0.626620 1.000003 1473293.084639 0.634645
10:34:14.218913 0.632665 0.627376 0.913458 1534385.114734 0.634645
10:34:14.704743 0.485673 0.609663 0.965927 2024078.134252 0.634645
10:34:15.373323 0.668440 0.617010 0.942985 1489031.477548 0.634645
10:34:16.034792 0.661319 0.622549 0.911339 1523645.885681 0.634645
10:34:16.707888 0.672953 0.628849 0.895847 1515564.689916 0.634645
10:34:17.678168 0.548234 0.618772 0.899635 1882758.140767 0.628849
10:34:18.269189 0.590847 0.615282 0.853854 1767767.243991 0.628849
10:34:18.887327 0.617995 0.615621 0.797264 1709994.351777 0.628849
10:34:19.482158 0.594680 0.613003 0.770176 1797699.388889 0.628849
10:34:20.121717 0.639410 0.616304 0.760591 1691158.987194 0.628849
10:34:20.755480 0.633617 0.618468 0.743996 1726013.852485 0.628849
10:34:22.088427 0.610645 0.617490 0.719459 1811068.458753 0.618468
10:34:22.707214 0.618626 0.617632 0.695245 1807566.748307 0.618468
10:34:23.329083 0.621723 0.618144 0.680444 1818326.942552 0.618468
10:34:23.976826 0.647599 0.621826 0.698006 1764647.616836 0.618468
10:34:24.625231 0.648256 0.625129 0.708695 1781814.417335 0.618468
10:34:25.161243 0.535862 0.613971 0.765913 2178471.448891 0.618468
10:34:26.294919 0.701033 0.624854 0.825872 1682728.497844 0.613971
10:34:27.482585 0.361168 0.591893 1.006342 1633100.832160 0.613971
10:34:27.769002 0.286267 0.553690 1.170153 2103322.811654 0.613971
10:34:28.206476 0.437331 0.539145 1.117851 1404885.668912 0.613971
10:34:28.572499 0.365871 0.517486 1.124789 1712866.232031 0.613971
10:34:28.907234 0.334582 0.494623 1.133004 1909773.470775 0.613971
10:34:29.386685 0.479289 0.492706 0.986826 1358813.261743 0.613971
10:34:29.659381 0.272545 0.465186 1.055937 2434650.271847 0.613971
10:34:29.919310 0.259773 0.439509 1.087985 2601655.901253 0.613971
10:34:30.260420 0.340962 0.427191 1.012095 2018195.971823 0.613971
10:34:30.560168 0.299599 0.411242 0.977512 2337845.447919 0.613971
10:34:31.240757 0.353850 0.404068 0.886162 2014140.866699 0.411242
10:34:31.641505 0.400576 0.403631 0.768694 1809874.340942 0.411242
10:34:31.975794 0.334119 0.394942 0.738252 2206638.413754 0.411242
10:34:32.327990 0.352049 0.389581 0.689956 2129157.477661 0.411242
10:34:32.687213 0.359079 0.385768 0.641551 2121695.353535 0.411242
10:34:33.628129 0.568350 0.408591 0.783010 1362090.648912 0.385768
10:34:34.248544 0.620247 0.435048 0.927518 1267933.811875 0.385768
10:34:34.753834 0.504912 0.443781 0.882998 1581898.987787 0.385768
10:34:35.259763 0.505650 0.451514 0.842797 1603891.882232 0.385768
10:34:35.701098 0.441183 0.450223 0.754016 1866109.600003 0.385768
10:34:36.340024 0.638658 0.473777 0.890057 1308343.336921 0.385768
10:34:36.962568 0.622343 0.492348 0.953124 1362386.840836 0.385768
10:34:37.621046 0.658318 0.513094 1.024646 1306602.499303 0.385768
10:34:38.153676 0.532465 0.515516 0.918550 1638507.753565 0.385768
10:34:39.358227 0.700482 0.538636 1.025878 1263039.074342 0.515516
10:34:40.027909 0.669512 0.554996 1.051303 1339817.591270 0.515516
10:34:40.682784 0.654720 0.567461 1.039416 1388856.666541 0.515516
10:34:41.318009 0.635064 0.575912 0.997480 1451192.579809 0.515516
10:34:41.831895 0.513708 0.568136 0.946516 1817935.918947 0.515516
10:34:42.423878 0.591830 0.571098 0.878577 1598729.323838 0.515516
10:34:42.954906 0.530873 0.566070 0.836904 1805448.555990 0.515516
10:34:43.537754 0.582693 0.568148 0.787896 1665974.764487 0.515516
10:34:44.520538 0.547973 0.565626 0.750612 1793957.271434 0.568148
10:34:45.093218 0.572413 0.566474 0.712001 1738828.531490 0.568148
10:34:45.768100 0.674681 0.580000 0.797352 1493470.361958 0.568148
10:34:46.350847 0.582582 0.580323 0.745919 1750661.718687 0.568148
10:34:47.388412 0.612183 0.584305 0.740362 1686084.460791 0.580323
10:34:48.082508 0.693903 0.598005 0.824645 1505224.860131 0.580323
10:34:48.825173 0.742517 0.616069 0.930561 1423223.990645 0.580323
10:34:49.486694 0.661370 0.621732 0.902902 1616426.413326 0.580323
10:34:50.742556 0.533738 0.610732 0.909604 2025982.268221 0.621732
10:34:51.451230 0.707337 0.622808 0.943566 1546125.512930 0.621732
10:34:52.222320 0.770933 0.641324 1.030017 1434521.709477 0.621732
10:34:52.874557 0.652082 0.642668 0.944947 1714827.364684 0.621732
10:34:53.851687 0.531696 0.628797 0.966478 2126207.132335 0.642668
10:34:54.456908 0.605044 0.625828 0.902841 1888761.414131 0.642668
10:34:55.121446 0.664388 0.630648 0.876968 1738550.518594 0.642668
10:34:55.658164 0.536101 0.618829 0.898117 2177500.685965 0.642668
10:34:56.775398 0.540385 0.609024 0.896934 2182976.919873 0.618829
10:34:57.375713 0.600155 0.607915 0.832716 1986046.556892 0.618829
10:34:58.048803 0.672919 0.616041 0.849645 1789552.587222 0.618829
10:34:58.876213 0.827273 0.642445 1.028880 1470508.718183 0.618829
10:35:00.508444 0.927472 0.678073 1.252927 1324891.585101 0.642445
10:35:01.337370 0.828765 0.696910 1.278742 1497514.699046 0.642445
10:35:02.249710 0.912193 0.723820 1.375478 1374024.924185 0.642445
10:35:04.016215 0.774735 0.730184 1.269843 1633673.504652 0.723820
10:35:04.660602 0.644219 0.719439 1.210148 1983722.433591 0.723820
10:35:05.190587 0.529837 0.695739 1.253372 2435164.513546 0.723820
10:35:05.924632 0.502597 0.671596 1.282963 2591596.001085 0.704069
10:35:06.398933 0.474130 0.646913 1.302904 2773111.960633 0.704069
10:35:06.937661 0.538575 0.633370 1.233701 2464102.794628 0.704069
10:35:07.410242 0.472432 0.613253 1.224440 2835100.689302 0.704069
10:35:07.937382 0.526995 0.602471 1.147119 2564882.294161 0.704069
10:35:08.933404 0.617850 0.604393 1.028259 2207603.554253 0.478585
10:35:09.432269 0.498688 0.591180 1.014784 2759753.689947 0.478585
10:35:10.063856 0.631406 0.596208 0.954137 2199130.785912 0.478585
10:35:10.588516 0.524513 0.587246 0.927388 2670728.815900 0.478585
10:35:11.091477 0.502816 0.576693 0.916230 2810411.974264 0.478585
10:35:11.640688 0.549068 0.573240 0.855517 2596049.029111 0.478585
10:35:12.207319 0.566492 0.572396 0.790851 2537892.494901 0.478585
10:35:12.720862 0.513393 0.565021 0.787865 2824316.286125 0.478585
10:35:13.724550 0.715004 0.583769 0.900885 2045124.316655 0.513078
10:35:14.299384 0.574673 0.582632 0.829565 2565910.611570 0.513078
10:35:14.952627 0.653095 0.591440 0.847103 2276618.231948 0.513078
10:35:15.579704 0.626905 0.595873 0.823085 2391328.965344 0.513078
10:35:16.260558 0.680703 0.606477 0.861716 2220387.110285 0.513078
10:35:16.838727 0.578031 0.602921 0.822796 2636039.351176 0.513078
10:35:17.432705 0.593806 0.601781 0.775803 2586703.277881 0.513078
10:35:18.568000 0.670126 0.610325 0.809185 2310443.244115 0.543259
10:35:19.264770 0.696580 0.621106 0.856507 2240340.161546 0.543259
10:35:19.854192 0.589281 0.617128 0.825504 2669123.526336 0.543259
10:35:20.424020 0.569681 0.611197 0.814927 2782526.004988 0.543259
10:35:21.021847 0.597685 0.609508 0.775818 2672711.773496 0.543259
10:35:21.642727 0.620740 0.610912 0.746876 2593240.589971 0.543259
10:35:22.981796 0.412641 0.586128 0.886372 1965407.957068 0.284564
10:35:23.277404 0.295439 0.549792 1.065665 2786686.884097 0.284564
10:35:23.669228 0.391503 0.530006 1.075199 2134297.300158 0.284564
10:35:24.123059 0.453655 0.520462 1.005708 1868979.712749 0.284564
10:35:24.514915 0.391668 0.504363 0.997092 2196146.596330 0.284564
10:35:24.835514 0.320347 0.481361 1.034924 2723448.188337 0.284564
10:35:25.224570 0.388665 0.469774 0.977642 2276346.182685 0.284564
10:35:25.570881 0.346162 0.454322 0.958835 2591341.021576 0.284564
10:35:25.939715 0.368693 0.443619 0.907633 2466311.322700 0.284564
10:35:26.358859 0.418979 0.440539 0.813189 2199633.287184 0.284564
10:35:26.658990 0.299994 0.422971 0.843003 3113022.344999 0.284564
10:35:27.050081 0.390947 0.418968 0.766016 2420214.887202 0.284564
10:35:27.415338 0.365091 0.412233 0.726396 2625273.632361 0.284564
10:35:27.888386 0.472901 0.419817 0.716106 2052760.032371 0.284564
10:35:28.522344 0.448412 0.423391 0.674204 2192269.895065 0.419817
10:35:28.857408 0.334894 0.412329 0.688935 2972069.289802 0.419817
10:35:29.264291 0.406731 0.411629 0.624682 2477353.021604 0.419817
10:35:29.680152 0.414378 0.411973 0.574511 2461289.397009 0.419817
10:35:30.074331 0.394031 0.409730 0.549576 2619570.223483 0.419817
10:35:30.484762 0.410290 0.409800 0.515244 2545711.552350 0.419817
10:35:30.902657 0.417751 0.410794 0.497828 2529659.565667 0.419817
10:35:31.601978 0.201132 0.384586 0.659524 2627050.120063 0.419817
10:35:31.789447 0.187326 0.359929 0.763392 2886263.153572 0.419817
10:35:31.998994 0.209394 0.341112 0.794244 2640763.621607 0.419817
10:35:32.190324 0.191177 0.322370 0.812154 2956675.339142 0.419817
10:35:32.414447 0.223968 0.310070 0.775810 2578653.759295 0.419817
10:35:32.908158 0.182835 0.294165 0.770705 3225993.052879 0.310070
10:35:33.172395 0.264082 0.290405 0.677893 2280019.473880 0.310070
10:35:33.353720 0.181157 0.276749 0.676613 3391531.211801 0.310070
10:35:33.543168 0.189297 0.265817 0.653167 3310607.826190 0.310070
10:35:33.787049 0.243735 0.263057 0.575652 2621600.522649 0.310070
10:35:34.021552 0.234349 0.259469 0.522623 2779034.540833 0.310070
10:35:34.202709 0.181009 0.249661 0.525487 3665854.600475 0.310070
10:35:34.516205 0.313291 0.257615 0.528114 2157227.123843 0.310070
10:35:34.782583 0.266207 0.258689 0.470155 2584935.979673 0.310070
10:35:34.929769 0.147034 0.244732 0.514987 4763635.174782 0.310070
10:35:35.146804 0.216865 0.241249 0.471807 3286393.811350 0.310070
10:35:35.291381 0.144430 0.229146 0.498884 5019680.059639 0.310070
10:35:35.479904 0.188351 0.224047 0.467145 3914390.663720 0.310070
10:35:35.706669 0.226632 0.224370 0.409279 3307421.762945 0.310070
10:35:35.888337 0.181528 0.219015 0.400539 4196909.660741 0.310070
10:35:36.166350 0.277868 0.226371 0.421368 2786013.177403 0.310070
10:35:36.392548 0.226063 0.226333 0.372888 3478817.650426 0.310070
10:35:36.716476 0.323781 0.238514 0.445879 2466852.492040 0.310070
10:35:37.200279 0.246436 0.239504 0.402950 3290946.160932 0.238514
10:35:37.452645 0.252208 0.241092 0.376380 3264353.303944 0.238514
10:35:37.714422 0.261627 0.243659 0.365660 3193799.307542 0.238514
10:35:38.041863 0.327297 0.254114 0.429252 2590528.088626 0.238514
10:35:38.301094 0.259087 0.254735 0.391062 3319967.836833 0.238514
10:35:38.602181 0.300939 0.260511 0.408960 2899087.357518 0.238514
10:35:38.845821 0.243493 0.258384 0.386738 3633515.989425 0.238514
10:35:39.114038 0.268063 0.259594 0.365539 3346316.989460 0.238514
10:35:39.452191 0.338004 0.269395 0.427264 2690239.458816 0.238514
10:35:39.721632 0.269302 0.269383 0.387878 3422178.654402 0.238514
10:35:40.034595 0.312811 0.274812 0.407110 2985471.434937 0.238514
10:35:40.342495 0.307758 0.278930 0.411100 3074414.684420 0.238514
10:35:40.579792 0.237118 0.273704 0.414643 4042139.258712 0.238514
10:35:41.134811 0.313793 0.278715 0.424509 3093606.847134 0.273704
10:35:41.337050 0.202086 0.269136 0.455111 4864464.322224 0.273704
10:35:41.608905 0.271720 0.269459 0.411524 3663065.828983 0.273704
10:35:41.937265 0.328213 0.276803 0.442106 3070006.588042 0.273704
10:35:42.213358 0.275948 0.276696 0.401528 3696000.057729 0.273704
10:35:42.470206 0.256705 0.274197 0.387813 4020926.028879 0.273704
10:35:42.829919 0.359515 0.284862 0.455391 2905247.737386 0.273704
10:35:43.087637 0.257571 0.281451 0.436639 4102818.623786 0.273704
10:35:43.447531 0.359746 0.291238 0.485924 2971696.868032 0.273704
10:35:43.702881 0.255200 0.286733 0.468785 4237242.886749 0.273704
10:35:44.017239 0.314217 0.290168 0.454192 3480500.782769 0.273704
10:35:44.678322 0.270729 0.287739 0.430195 4084969.599549 0.290168
10:35:45.008202 0.329723 0.292987 0.441813 3391356.995102 0.290168
10:35:45.316345 0.307993 0.294862 0.421489 3670525.751952 0.290168
10:35:45.652984 0.336494 0.300066 0.436668 3396150.021707 0.290168
10:35:45.916467 0.263333 0.295475 0.434659 4386353.550241 0.290168
10:35:46.348210 0.431579 0.312488 0.552980 2704857.498473 0.290168
10:35:46.652457 0.304106 0.311440 0.500191 3879068.519876 0.290168
10:35:47.073050 0.420454 0.325067 0.575644 2834878.318120 0.290168
10:35:47.811205 0.448467 0.340492 0.651825 2685200.820675 0.325067
10:35:48.181493 0.370118 0.344195 0.607321 3286822.904113 0.325067
10:35:48.573802 0.392169 0.350192 0.595510 3133343.033274 0.325067
10:35:48.923553 0.349596 0.350117 0.534702 3550063.262629 0.325067
10:35:49.392494 0.468787 0.364951 0.622059 2673658.016618 0.325067
10:35:49.812960 0.420323 0.371873 0.620076 3011169.025020 0.325067
10:35:50.190725 0.377617 0.372591 0.564488 3384253.334399 0.325067
10:35:50.616339 0.425469 0.379200 0.576001 3032512.915307 0.325067
10:35:51.032452 0.415958 0.383795 0.568153 3131393.617595 0.325067
10:35:51.608834 0.431659 0.389778 0.575911 3045960.007967 0.383795
10:35:52.010857 0.401860 0.391288 0.542970 3302403.832885 0.383795
10:35:52.365465 0.354457 0.386684 0.537277 3778716.098183 0.383795
10:35:52.782458 0.416840 0.390454 0.533554 3242682.449161 0.383795
10:35:53.191792 0.409171 0.392794 0.518836 3333490.525672 0.383795
