10:31:55.229413 0.000797 0.000797 0.003985 15417172.465450 0.500000
10:31:55.229990 0.000446 0.000753 0.003495 55093113.363976 0.500000
10:31:55.254343 0.013545 0.002352 0.017201 907195.795818 0.500000
10:31:55.262045 0.007579 0.003006 0.019369 3242606.408003 0.500000
10:31:55.273115 0.010964 0.004000 0.024231 3362228.948529 0.500000
10:31:55.292202 0.018944 0.005868 0.035985 2594591.165133 0.500000
10:31:55.302096 0.009757 0.006354 0.032831 6297144.338392 0.500000
10:31:55.319976 0.017738 0.007777 0.039018 4156475.830482 0.500000
10:31:55.341327 0.021211 0.009457 0.046321 4055271.768268 0.500000
10:31:55.364359 0.022903 0.011137 0.052232 4292195.253232 0.500000
10:31:55.390792 0.026301 0.013033 0.059017 4204873.977627 0.500000
10:31:55.418917 0.027993 0.014903 0.064352 4389637.136920 0.500000
10:31:55.450509 0.031454 0.016972 0.070609 4297343.857376 0.500000
10:31:55.483796 0.033136 0.018992 0.075385 4450006.767907 0.500000
10:31:55.520370 0.036435 0.021173 0.080910 4384340.388536 0.500000
10:31:55.558790 0.038281 0.023311 0.085223 4493930.729114 0.500000
10:31:55.600608 0.041681 0.025607 0.090411 4422153.339549 0.500000
10:31:55.644097 0.043354 0.027826 0.094175 4534941.271623 0.500000
10:31:55.690997 0.046765 0.030193 0.098894 4466921.892173 0.500000
10:31:55.739637 0.048500 0.032482 0.102314 4560489.106182 0.500000
10:31:55.791693 0.051920 0.034911 0.106724 4496769.697513 0.500000
10:31:55.845318 0.053440 0.037227 0.109616 4598814.823751 0.500000
10:31:55.902695 0.057235 0.039728 0.114027 4508569.732660 0.500000
10:31:55.952493 0.049655 0.040969 0.106620 5444289.886800 0.500000
10:31:55.983063 0.030431 0.039652 0.099428 9287361.609063 0.500000
10:31:56.087109 0.045019 0.040323 0.090522 6550812.297420 0.103478
10:31:56.130050 0.042783 0.040630 0.080740 7180418.450222 0.103478
10:31:56.177386 0.047192 0.041451 0.078095 6769947.136740 0.103478
10:31:56.229357 0.051831 0.042748 0.080612 6401110.439081 0.103478
10:31:56.283068 0.053571 0.044101 0.083321 6422581.083772 0.103478
10:31:56.340197 0.056985 0.045711 0.088011 6253445.931618 0.103478
10:31:56.399094 0.058756 0.047342 0.092111 6274096.033761 0.103478
10:31:56.461356 0.062123 0.049190 0.097547 6131829.285478 0.103478
10:31:56.525448 0.063937 0.051033 0.102049 6150035.953284 0.103478
10:31:56.592660 0.067069 0.053038 0.107335 6046067.119371 0.103478
10:31:56.661791 0.068993 0.055032 0.111711 6055562.816690 0.103478
10:31:56.734199 0.072266 0.057186 0.116929 5951357.662592 0.103478
10:31:56.808720 0.074371 0.059334 0.121326 5948136.054011 0.103478
10:31:56.888959 0.080092 0.061929 0.129181 5676675.138940 0.103478
10:31:56.965355 0.076254 0.063720 0.128483 6123524.110945 0.103478
10:31:57.048085 0.082590 0.066078 0.133522 5802535.433731 0.103478
10:31:57.132539 0.084314 0.068358 0.137176 5829629.373683 0.103478
10:31:57.220375 0.087699 0.070776 0.141730 5744744.695005 0.103478
10:31:57.309922 0.089407 0.073104 0.144952 5772436.045824 0.103478
10:31:57.404089 0.094030 0.075720 0.150531 5619318.757413 0.103478
10:31:57.497514 0.093284 0.077916 0.151588 5795984.604364 0.103478
10:31:57.595545 0.097894 0.080413 0.155645 5648561.338344 0.103478
10:31:57.695345 0.099664 0.082819 0.158495 5671537.906928 0.103478
10:31:57.798513 0.103034 0.085346 0.162317 5605294.280177 0.103478
10:31:57.903558 0.104898 0.087790 0.165070 5622834.900462 0.103478
10:31:58.011710 0.108009 0.090317 0.168496 5574653.703458 0.103478
10:31:58.240397 0.102368 0.091824 0.162508 6001882.741370 0.142884
10:31:58.356380 0.115832 0.094825 0.171847 5410314.170762 0.142884
10:31:58.474026 0.117511 0.097661 0.178113 5437582.992722 0.142884
10:31:58.595066 0.120901 0.100566 0.184145 5386760.272249 0.142884
10:31:58.717879 0.122677 0.103330 0.188126 5408931.789849 0.142884
10:31:58.844082 0.126066 0.106172 0.192505 5361002.678649 0.142884
10:31:58.972282 0.128055 0.108907 0.195541 5373686.977356 0.142884
10:31:59.073652 0.101229 0.107947 0.180601 6919127.219435 0.142884
10:31:59.205907 0.132112 0.110968 0.189623 5394694.339502 0.142884
10:31:59.340662 0.134618 0.113924 0.196565 5385548.467344 0.142884
10:31:59.480541 0.139743 0.117151 0.204951 5275976.505176 0.142884
10:31:59.617777 0.137092 0.119644 0.205434 5467623.052059 0.142884
10:31:59.760735 0.142814 0.122540 0.210053 5334606.001993 0.142884
10:31:59.970847 0.209967 0.133469 0.286530 3686981.174199 0.142884
10:32:00.122936 0.151933 0.135777 0.269037 5176177.881199 0.142884
10:32:00.340106 0.217024 0.145933 0.327125 3680332.838473 0.142884
10:32:00.566912 0.226674 0.156025 0.372661 3577863.218435 0.142884
10:32:00.800647 0.233605 0.165723 0.405779 3524309.515094 0.142884
10:32:01.040223 0.239439 0.174937 0.428696 3489757.152921 0.142884
10:32:01.179408 0.139037 0.170450 0.396669 6098169.504784 0.142884
10:32:01.347240 0.167691 0.170105 0.342528 5129434.729429 0.142884
10:32:01.562077 0.214700 0.175679 0.349592 4063568.079439 0.142884
10:32:01.774021 0.211799 0.180194 0.346748 4177245.366116 0.142884
10:32:02.201488 0.209719 0.183885 0.338325 4277262.553967 0.208610
10:32:02.382208 0.180570 0.183470 0.302616 5035783.173324 0.208610
10:32:02.565511 0.183165 0.183432 0.273096 5031526.933160 0.208610
10:32:02.751445 0.185792 0.183727 0.253335 5026525.115816 0.208610
10:32:02.942433 0.190849 0.184617 0.243945 4957724.986201 0.208610
10:32:03.130975 0.188395 0.185090 0.233363 5087522.923788 0.208610
10:32:03.324581 0.193466 0.186137 0.230718 5017689.208407 0.208610
10:32:03.521358 0.196613 0.187446 0.231358 4999870.981392 0.208610
10:32:03.720165 0.198531 0.188832 0.232851 5013466.104453 0.208610
10:32:03.924075 0.203760 0.190698 0.238640 4945114.112715 0.208610
10:32:04.124991 0.200778 0.191958 0.237995 5079759.544694 0.208610
10:32:04.330840 0.205706 0.193676 0.241952 5017805.005799 0.208610
10:32:04.541884 0.210896 0.195829 0.249255 4952588.506525 0.208610
10:32:04.751294 0.209264 0.197508 0.251013 5049926.399366 0.208610
10:32:04.951004 0.199582 0.197767 0.239970 5356472.351267 0.208610
10:32:05.142832 0.191684 0.197007 0.234742 5641284.389278 0.208610
10:32:05.361134 0.218159 0.199651 0.249104 5013005.187976 0.208610
10:32:05.824140 0.204763 0.200290 0.242492 5400977.459870 0.257191
10:32:06.049537 0.225248 0.203410 0.260019 4964339.357690 0.257191
10:32:06.277228 0.227551 0.206427 0.273026 4968099.820816 0.257191
10:32:06.508367 0.230999 0.209499 0.284020 4947133.344896 0.257191
10:32:06.741227 0.232708 0.212400 0.291500 4963611.533334 0.257191
10:32:06.977397 0.236024 0.215353 0.298302 4945934.740034 0.257191
10:32:07.246059 0.268514 0.221998 0.337371 4393247.132681 0.257191
10:32:07.523211 0.276998 0.228873 0.370402 4303048.450564 0.257191
10:32:07.822304 0.298929 0.237630 0.413833 4028461.930577 0.257191
10:32:08.104008 0.281542 0.243119 0.419183 4320888.992845 0.257191
10:32:08.395555 0.291411 0.249156 0.429496 4216722.496149 0.257191
10:32:08.648159 0.252472 0.249570 0.388142 4915746.595431 0.257191
10:32:08.899135 0.250839 0.249729 0.354926 4996735.057484 0.257191
10:32:09.157821 0.258545 0.250831 0.338545 4895330.465915 0.257191
10:32:09.459437 0.301475 0.257161 0.373591 4238997.582724 0.257191
10:32:09.918719 0.300123 0.262532 0.392816 4299037.734109 0.300056
10:32:10.184764 0.265884 0.262951 0.364016 4898859.575171 0.300056
10:32:10.458350 0.273432 0.264261 0.350541 4808566.375811 0.300056
10:32:10.722806 0.264308 0.264267 0.329024 5021051.658160 0.300056
10:32:10.999153 0.276204 0.265759 0.326265 4849283.393787 0.300056
10:32:11.270382 0.271086 0.266425 0.317131 4986167.164361 0.300056
10:32:11.552869 0.282331 0.268413 0.322349 4831095.590266 0.300056
10:32:11.829786 0.276774 0.269458 0.318271 4972491.455424 0.300056
10:32:12.104127 0.274180 0.270048 0.311380 5064353.077821 0.300056
10:32:12.362661 0.258388 0.268591 0.311250 5421427.349028 0.300056
10:32:12.656715 0.293913 0.271756 0.329073 4807951.312931 0.300056
10:32:13.237162 0.272959 0.271906 0.316097 5222059.107021 0.331490
10:32:13.532236 0.294926 0.274784 0.330946 4874769.774176 0.331490
10:32:13.828887 0.296518 0.277501 0.341356 4890035.588646 0.331490
10:32:14.129093 0.300072 0.280322 0.350785 4873071.198305 0.331490
10:32:14.430958 0.301734 0.282999 0.357258 4886953.884782 0.331490
10:32:14.736497 0.305324 0.285789 0.363809 4869740.941147 0.331490
10:32:15.043260 0.306582 0.288388 0.367696 4889837.390947 0.331490
10:32:15.353790 0.310381 0.291137 0.372611 4869577.433107 0.331490
10:32:15.665808 0.311876 0.293730 0.375573 4885633.116389 0.331490
10:32:15.938949 0.272989 0.291137 0.373261 5626599.624978 0.331490
10:32:16.252467 0.313317 0.293910 0.377682 4941601.321277 0.331490
10:32:16.572898 0.320268 0.297204 0.386392 4872720.379948 0.331490
10:32:17.018905 0.321236 0.300208 0.391131 4896286.051303 0.365782
10:32:17.343646 0.324581 0.303255 0.395820 4883684.768390 0.365782
10:32:17.669471 0.325688 0.306059 0.397915 4904818.607560 0.365782
10:32:17.998618 0.329005 0.308927 0.400766 4892715.871923 0.365782
10:32:18.330355 0.331597 0.311761 0.403309 4891526.644994 0.365782
10:32:18.706426 0.375942 0.319784 0.452626 4347223.868631 0.365782
10:32:19.096182 0.389622 0.328513 0.497983 4226127.153872 0.365782
10:32:19.415139 0.318825 0.327302 0.464094 5203108.936802 0.365782
10:32:19.728127 0.312856 0.325497 0.442536 5341653.090674 0.365782
10:32:20.068822 0.340552 0.327378 0.430214 4943317.689452 0.365782
10:32:20.415949 0.346990 0.329830 0.426568 4887009.625085 0.365782
10:32:20.979293 0.363284 0.334012 0.440019 4701645.541695 0.397217
10:32:21.331429 0.351989 0.336259 0.433742 4887425.031127 0.397217
10:32:21.674238 0.342674 0.337061 0.416588 5056140.571755 0.397217
10:32:22.039231 0.364852 0.340535 0.427971 4782476.816561 0.397217
10:32:22.416140 0.376770 0.345064 0.446877 4663810.571197 0.397217
10:32:22.776958 0.360688 0.347017 0.439001 4905821.574505 0.397217
10:32:23.164113 0.387014 0.352017 0.461001 4603865.504129 0.397217
10:32:23.473603 0.309341 0.346682 0.471096 5799581.263992 0.397217
10:32:23.674562 0.200818 0.328449 0.567624 8994898.805928 0.397217
10:32:24.351204 0.356641 0.331973 0.539546 5099311.979987 0.422936
10:32:24.733016 0.381654 0.338183 0.543544 4797308.253730 0.422936
10:32:25.156864 0.423705 0.348873 0.588416 4350195.443936 0.422936
10:32:25.692387 0.535377 0.372186 0.738347 3465759.476522 0.422936
10:32:26.220821 0.528270 0.391697 0.822400 3535648.098727 0.422936
10:32:26.679542 0.458575 0.400057 0.789962 4099796.015425 0.422936
10:32:27.272199 0.592511 0.424113 0.908997 3193782.789685 0.422936
10:32:27.917907 0.645560 0.451794 1.036904 2950368.552563 0.422936
10:32:28.425720 0.507662 0.458778 0.953478 3775992.257562 0.422936
10:32:29.475230 0.595652 0.475887 0.983786 3238830.164302 0.448655
10:32:30.189004 0.713627 0.505605 1.124269 2720614.169536 0.448655
10:32:30.782413 0.593265 0.516562 1.068221 3293286.833989 0.448655
10:32:31.533901 0.751347 0.545910 1.194439 2616740.108080 0.448655
10:32:32.068593 0.534533 0.544488 1.042262 3701114.639857 0.448655
10:32:32.692091 0.623349 0.554346 1.006537 3193485.760619 0.448655
10:32:33.254388 0.562132 0.555319 0.902249 3563121.155650 0.448655
10:32:33.879024 0.624492 0.563966 0.893336 3226994.462482 0.448655
10:32:34.517895 0.638727 0.573311 0.895100 3174314.158779 0.448655
10:32:35.319688 0.706109 0.589911 0.964051 2888800.262298 0.573311
10:32:35.955679 0.632486 0.595232 0.918413 3244493.052793 0.573311
10:32:36.640484 0.684599 0.606403 0.938155 3015463.817598 0.573311
10:32:37.351652 0.711030 0.619482 0.972922 2920653.110674 0.573311
10:32:37.995260 0.643467 0.622480 0.911546 3246413.823964 0.573311
10:32:38.726733 0.731332 0.636086 0.961738 2873179.099302 0.573311
10:32:39.692701 0.726947 0.647444 0.982543 2907413.881479 0.636086
10:32:40.323263 0.630400 0.645313 0.913682 3372183.049245 0.636086
10:32:41.029788 0.706377 0.652946 0.915286 3026870.794141 0.636086
10:32:42.217891 0.691883 0.657813 0.893505 3108039.551642 0.652946
10:32:43.013307 0.795238 0.674992 0.989185 2719548.048447 0.652946
10:32:43.828016 0.814537 0.692435 1.067625 2670199.766921 0.652946
10:32:44.376938 0.548770 0.674477 1.099534 3985755.864124 0.652946
10:32:45.015726 0.638641 0.669997 1.024626 3444112.717692 0.652946
10:32:45.662517 0.646606 0.667073 0.956436 3420692.211078 0.652946
10:32:46.680387 0.771449 0.680120 1.001518 2883053.099604 0.667073
10:32:48.353608 0.671377 0.679027 0.928819 1665544.238120 0.667073
10:32:48.732313 0.378545 0.641467 1.129293 2986425.854479 0.667073
10:32:49.016600 0.284143 0.596802 1.319995 4021862.641268 0.667073
10:32:49.495688 0.472724 0.581292 1.247765 2443438.656798 0.667073
10:32:50.006788 0.510926 0.572496 1.142716 2284792.672929 0.667073
10:32:50.815147 0.561610 0.571135 1.009687 2100475.480805 0.572496
10:32:51.294395 0.478956 0.559613 0.980706 2488612.815228 0.572496
10:32:52.005404 0.710835 0.578516 1.045557 1694097.834045 0.572496
10:32:52.795669 0.790116 0.604966 1.166847 1539662.855440 0.572496
10:32:53.375813 0.579969 0.601841 1.048249 2118734.190645 0.572496
10:32:54.143008 0.766960 0.622481 1.122406 1618191.499841 0.572496
10:32:54.832130 0.688972 0.630792 1.072227 1819197.306592 0.572496
10:32:55.630939 0.798651 0.651775 1.150709 1584752.328241 0.572496
10:32:56.484115 0.853030 0.676932 1.252388 1498132.598391 0.572496
10:32:58.093526 0.781399 0.689990 1.226050 1651192.260070 0.676932
10:32:58.706982 0.613263 0.680399 1.159171 2123930.890783 0.676932
10:32:59.431149 0.724003 0.685850 1.088532 1816036.481860 0.676932
10:33:00.893146 0.779293 0.697530 1.092986 1702958.832309 0.685850
10:33:01.483299 0.589993 0.684088 1.088217 2270182.866459 0.685850
10:33:02.106488 0.622751 0.676421 1.040854 2170498.329721 0.685850
10:33:03.459659 0.820544 0.694436 1.111884 1662272.824637 0.676421
10:33:04.192767 0.732943 0.699250 1.050843 1877712.033632 0.676421
10:33:05.010125 0.817210 0.713995 1.095650 1699127.108711 0.676421
10:33:05.689973 0.679000 0.709620 1.030856 2063080.578415 0.676421
10:33:06.514933 0.824799 0.724018 1.080123 1713290.020714 0.676421
10:33:08.323438 0.897897 0.745753 1.186711 1587496.106941 0.724018
10:33:09.227928 0.904327 0.765574 1.254868 1589796.340171 0.724018
10:33:10.076874 0.848795 0.775977 1.226168 1708284.921691 0.724018
10:33:11.190257 0.743802 0.771955 1.141773 1965942.362577 0.775977
10:33:11.931141 0.740725 0.768051 1.076645 1990698.193668 0.775977
10:33:12.694477 0.763188 0.767443 1.003752 1948206.417031 0.775977
10:33:13.853597 0.826992 0.774887 1.011667 1812757.483401 0.767443
10:33:14.527880 0.674118 0.762291 1.040645 2242076.173386 0.767443
10:33:15.324900 0.796871 0.766613 1.009959 1912118.329917 0.767443
10:33:16.458129 0.751967 0.764783 0.961938 2042642.955658 0.766613
10:33:17.313152 0.854869 0.776043 1.013997 1811140.889773 0.766613
10:33:18.044982 0.731675 0.770497 0.993331 2132881.665808 0.766613
10:33:18.857679 0.812554 0.775754 0.984936 1935703.677228 0.766613
10:33:19.615712 0.757861 0.773518 0.948298 2091613.384661 0.766613
10:33:20.679120 0.718751 0.766672 0.952524 2222522.268435 0.773518
10:33:21.623478 0.944198 0.788863 1.105777 1704862.944189 0.773518
10:33:22.501157 0.877481 0.799940 1.126244 1848491.340630 0.773518
10:33:23.389404 0.888090 0.810959 1.143837 1840246.138081 0.773518
10:33:24.709124 0.842465 0.814897 1.096062 1954493.241639 0.810959
10:33:25.672038 0.962733 0.833376 1.192086 1723094.510895 0.810959
10:33:26.673504 1.001300 0.854367 1.291323 1668998.141338 0.810959
10:33:27.746024 1.072277 0.881606 1.427233 1569982.282122 0.810959
10:33:29.307482 0.921437 0.886585 1.335636 1840325.917703 0.881606
10:33:30.341668 1.034017 0.905014 1.389234 1651841.557463 0.881606
10:33:31.320543 0.978660 0.914219 1.351031 1757832.374483 0.881606
10:33:32.170166 0.849470 0.906126 1.298484 2039633.792140 0.881606
10:33:33.369894 0.905731 0.906076 1.200740 1926505.851910 0.906126
10:33:33.960368 0.590325 0.866607 1.403356 2976637.701948 0.906126
10:33:34.830553 0.870040 0.867037 1.273031 2033782.495368 0.906126
10:33:35.659902 0.829195 0.862306 1.204643 2148782.797139 0.906126
10:33:36.642524 0.982471 0.877327 1.254244 1826056.972340 0.906126
10:33:38.040871 1.132156 0.909181 1.446698 1595483.455596 0.877327
10:33:39.237943 1.196915 0.945147 1.636019 1519426.304139 0.877327
10:33:40.413469 1.175377 0.973926 1.722310 1557723.324596 0.877327
10:33:42.444833 1.356296 1.021722 1.965380 1358995.318945 0.973926
10:33:43.538390 1.093394 1.030681 1.810096 1696998.456475 0.973926
10:33:44.685439 1.146899 1.045208 1.745988 1628544.470417 0.973926
10:33:45.683894 0.998294 1.039344 1.611843 1883277.103044 0.973926
10:33:47.384681 1.206886 1.060287 1.657203 1567962.439505 1.039344
10:33:48.563872 1.179021 1.075129 1.641550 1615441.799622 1.039344
10:33:49.766978 1.202933 1.091104 1.643724 1593545.329235 1.039344
10:33:51.091795 1.324642 1.120296 1.768300 1456405.380332 1.039344
10:33:52.752043 1.287795 1.141234 1.794735 1507618.758607 1.120296
10:33:54.176630 1.424423 1.176632 1.949947 1371637.518011 1.120296
10:33:55.999928 1.129295 1.170715 1.798039 1740980.188836 1.176632
10:33:57.283198 1.282980 1.184748 1.767506 1542010.049764 1.176632
10:33:59.429956 1.159630 1.181609 1.643795 1716630.215384 1.184748
10:34:00.587401 1.157235 1.178562 1.549575 1730801.575051 1.184748
10:34:02.292669 1.149487 1.174927 1.482262 1753157.684617 1.178562
10:34:04.436332 0.660833 1.110666 1.855261 1524766.191308 1.178562
10:34:05.453702 0.627887 1.050318 2.091544 1624343.206379 1.110666
10:34:06.080080 0.626219 0.997306 2.202324 1648292.908105 1.110666
10:34:06.638912 0.558679 0.942478 2.284868 1869552.651602 1.110666
10:34:07.079609 0.440556 0.879737 2.388452 2398714.083183 1.110666
10:34:07.689352 0.609595 0.845970 2.247648 1753714.997935 1.110666
10:34:08.844737 0.753509 0.834412 1.978131 1435077.664537 0.845970
10:34:09.454109 0.609105 0.806249 1.889345 1795473.362057 0.845970
10:34:10.087575 0.633313 0.784632 1.769889 1746245.043752 0.845970
10:34:10.642735 0.555015 0.755930 1.724490 2014734.420621 0.845970
10:34:11.628068 0.668425 0.744992 1.558916 1691283.633296 0.611079
10:34:12.237545 0.609316 0.728032 1.474151 1875519.828309 0.611079
10:34:12.807858 0.570166 0.708299 1.425754 2025852.573017 0.611079
10:34:13.455873 0.647861 0.700744 1.299274 1801867.982509 0.611079
10:34:14.219510 0.763491 0.708587 1.220231 1545071.429617 0.611079
10:34:15.174448 0.597878 0.694749 1.189191 1993610.805734 0.644290
10:34:15.821929 0.647318 0.688820 1.107083 1860328.635109 0.644290
10:34:16.704256 0.882175 0.712989 1.220041 1378991.745556 0.644290
10:34:17.539908 0.835502 0.728303 1.231105 1470732.725308 0.644290
10:34:18.276489 0.736434 0.729320 1.114552 1685267.150761 0.644290
10:34:19.177923 0.901286 0.750815 1.211706 1390653.086225 0.644290
10:34:20.490208 0.965866 0.777697 1.338415 1310393.155957 0.750815
10:34:21.441624 0.948520 0.799050 1.390411 1347311.679150 0.750815
10:34:22.308872 0.867070 0.807552 1.319094 1488046.017111 0.750815
10:34:23.287872 0.978851 0.828965 1.383920 1330670.238499 0.750815
10:34:24.128814 0.840791 0.830443 1.258486 1563784.603196 0.750815
10:34:25.775941 0.858118 0.833902 1.182609 1546528.462822 0.830443
10:34:26.816462 1.040356 0.859709 1.327693 1287436.321774 0.830443
10:34:27.699550 0.882790 0.862594 1.236663 1531145.418796 0.830443
10:34:28.762733 1.062965 0.887640 1.368563 1283173.112466 0.830443
10:34:29.681079 0.917881 0.891421 1.282353 1499383.887522 0.830443
10:34:31.241575 0.896121 0.892008 1.189908 1549505.402240 0.891421
10:34:32.190581 0.948843 0.899112 1.179372 1476358.045088 0.891421
10:34:33.219578 1.028849 0.915329 1.255261 1373496.165040 0.891421
10:34:34.126931 0.907201 0.914313 1.177390 1571215.109716 0.891421
10:34:34.842637 0.715556 0.889469 1.285534 2009200.830179 0.891421
10:34:36.075926 0.799256 0.878192 1.265454 1814166.979475 0.889469
10:34:36.989878 0.913793 0.882642 1.208689 1600222.217473 0.889469
10:34:37.926169 0.936129 0.889328 1.187350 1575167.368217 0.889469
10:34:39.656768 1.011173 0.904559 1.249920 1470418.994063 0.889328
10:34:40.584924 0.927879 0.907474 1.189815 1615658.772736 0.889328
10:34:41.374252 0.789182 0.892687 1.222735 1915178.121331 0.889328
10:34:42.519996 0.781144 0.878744 1.237823 1950615.664613 0.892687
10:34:43.369836 0.849671 0.875110 1.173493 1807758.772853 0.892687
10:34:44.178340 0.808358 0.866766 1.157306 1915349.496210 0.892687
10:34:45.359470 0.817649 0.860627 1.127648 1908613.304014 0.866766
10:34:46.266080 0.906161 0.866318 1.112119 1735744.397214 0.866766
10:34:47.168710 0.902470 0.870837 1.091339 1756459.740842 0.866766
10:34:48.365742 0.881830 0.872211 1.048581 1811505.666172 0.870837
10:34:50.066208 0.647893 0.844172 1.200767 1232796.247555 0.870837
10:34:50.668632 0.602249 0.813931 1.323300 1346632.580738 0.870837
10:34:51.990370 0.880550 0.822259 1.270904 934979.372339 0.445025
10:34:52.687862 0.697332 0.806643 1.268053 1198258.258204 0.445025
10:34:53.409874 0.721865 0.796046 1.226881 1174557.669312 0.445025
10:34:54.019869 0.609848 0.772771 1.282095 1410449.765056 0.445025
10:34:54.710411 0.690400 0.762475 1.226839 1263684.594168 0.445025
10:34:55.241936 0.531300 0.733578 1.313025 1665228.471538 0.445025
10:34:55.769380 0.527291 0.707792 1.348664 1701193.266696 0.445025
10:34:56.957977 0.621162 0.696963 1.264247 1463888.232316 0.707792
10:34:57.586001 0.627688 0.688304 1.183042 1468245.531569 0.707792
10:34:58.153918 0.567765 0.673236 1.164829 1644849.548918 0.707792
10:34:58.816587 0.662521 0.671897 1.051307 1428145.166069 0.707792
10:34:59.456179 0.639447 0.667841 0.984848 1498895.200494 0.707792
10:35:00.070039 0.608912 0.660475 0.957159 1594240.241870 0.707792
10:35:00.680848 0.610656 0.654247 0.926579 1609809.717637 0.707792
10:35:01.784115 0.712804 0.661567 0.924372 1396356.112658 0.654247
10:35:02.411193 0.626912 0.657235 0.888994 1607268.955045 0.654247
10:35:03.017920 0.606429 0.650884 0.875509 1681819.028702 0.654247
10:35:03.599972 0.581866 0.642257 0.879744 1773934.125746 0.654247
