10:31:55.230037 0.001862 0.001862 0.009310 6599181.504738 0.500000
10:31:55.233083 0.002912 0.001993 0.008629 8439431.398723 0.500000
10:31:55.239871 0.006683 0.002579 0.012246 7354920.806564 0.500000
10:31:55.259419 0.007045 0.003138 0.014853 6976832.725574 0.500000
10:31:55.268811 0.009285 0.003906 0.018840 6617143.533279 0.500000
10:31:55.280785 0.011866 0.004901 0.024062 6213334.243761 0.500000
10:31:55.295318 0.014387 0.006087 0.029943 5978775.547520 0.500000
10:31:55.312338 0.016880 0.007436 0.036121 5823684.469153 0.500000
10:31:55.331977 0.019501 0.008944 0.042523 5671102.269974 0.500000
10:31:55.354146 0.022025 0.010579 0.048844 5579087.199827 0.500000
10:31:55.378844 0.024561 0.012327 0.055008 5503375.039528 0.500000
10:31:55.406155 0.027168 0.014182 0.061034 5427554.743916 0.500000
10:31:55.436319 0.030024 0.016162 0.067143 5320534.409402 0.500000
10:31:55.468421 0.031965 0.018138 0.072176 5381883.522372 0.500000
10:31:55.503532 0.034953 0.020240 0.077583 5273385.355552 0.500000
10:31:55.540898 0.037222 0.022362 0.082353 5282050.479324 0.500000
10:31:55.581000 0.039966 0.024563 0.087159 5226828.899266 0.500000
10:31:55.623627 0.042490 0.026804 0.091678 5205553.575077 0.500000
10:31:55.668800 0.045038 0.029083 0.095973 5183890.904263 0.500000
10:31:55.716622 0.047681 0.031408 0.100173 5154244.238633 0.500000
10:31:55.766872 0.050113 0.033746 0.104026 5149301.863038 0.500000
10:31:55.819768 0.052740 0.036120 0.107824 5125815.368992 0.500000
10:31:55.875667 0.055750 0.038574 0.111982 5069498.501899 0.500000
10:31:56.144115 0.053783 0.040475 0.110740 2741687.238450 0.103478
10:31:56.194396 0.050125 0.041681 0.104030 3186920.115564 0.103478
10:31:56.247271 0.052742 0.043064 0.100886 3261764.545639 0.103478
10:31:56.302725 0.055316 0.044595 0.100214 3332129.860869 0.103478
10:31:56.360731 0.057862 0.046254 0.101234 3397875.161551 0.103478
10:31:56.421276 0.060380 0.048019 0.103381 3459689.670305 0.103478
10:31:56.484344 0.062925 0.049883 0.106309 3515049.430280 0.103478
10:31:56.550017 0.065531 0.051839 0.109807 3562783.943185 0.103478
10:31:56.618244 0.068090 0.053870 0.113597 3609342.592668 0.103478
10:31:56.689291 0.070899 0.055999 0.117823 3639655.914451 0.103478
10:31:56.762360 0.072924 0.058114 0.121408 3707085.345033 0.103478
10:31:56.838309 0.075806 0.060326 0.125488 3728258.496369 0.103478
10:31:56.916733 0.078282 0.062570 0.129398 3767297.157048 0.103478
10:31:56.997712 0.080843 0.064854 0.133248 3799948.061967 0.103478
10:31:57.081374 0.083522 0.067188 0.137150 3825202.949200 0.103478
10:31:57.167442 0.085930 0.069531 0.140745 3860998.243435 0.103478
10:31:57.256195 0.088614 0.071916 0.144410 3882727.905250 0.103478
10:31:57.347382 0.091053 0.074308 0.147816 3913676.261595 0.103478
10:31:57.441214 0.093696 0.076732 0.151250 3934421.299677 0.103478
10:31:57.538221 0.096857 0.079247 0.155262 3932887.876647 0.103478
10:31:57.637256 0.098891 0.081703 0.158357 3976255.889676 0.103478
10:31:57.739240 0.101833 0.084219 0.161840 3982054.254834 0.103478
10:31:57.842020 0.102643 0.086522 0.163162 4070340.374732 0.103478
10:31:57.948642 0.106487 0.089018 0.166462 4038810.545274 0.103478
10:31:58.057755 0.108982 0.091513 0.169561 4059097.997327 0.103478
10:31:58.127047 0.069160 0.088719 0.169608 6573974.859948 0.103478
10:31:58.176458 0.049274 0.083788 0.183900 9476484.671099 0.103478
10:31:58.290621 0.114022 0.087568 0.192885 4202977.763455 0.103478
10:31:58.407495 0.116737 0.091214 0.199371 4210494.255009 0.103478
10:31:58.526847 0.119215 0.094714 0.203833 4226044.969105 0.103478
10:31:58.648821 0.121838 0.098104 0.207068 4235916.601472 0.103478
10:31:58.773314 0.124350 0.101385 0.209353 4249165.247345 0.103478
10:31:58.900319 0.126863 0.104570 0.211024 4261857.185818 0.103478
10:31:59.131803 0.101362 0.104169 0.187217 5455299.369483 0.104570
10:31:59.264799 0.132837 0.107752 0.198707 4255198.152398 0.104570
10:31:59.401167 0.136233 0.111312 0.208009 4239322.430831 0.104570
10:31:59.539329 0.138014 0.114650 0.213874 4273650.977841 0.104570
10:31:59.680875 0.141408 0.117995 0.219171 4257977.923157 0.104570
10:31:59.824234 0.143213 0.121147 0.222247 4290112.318892 0.104570
10:31:59.969316 0.144932 0.124120 0.223730 4324013.076651 0.104570
10:32:00.085121 0.115664 0.123063 0.206227 5524415.296321 0.104570
10:32:00.187520 0.102249 0.120461 0.203648 6369383.301597 0.104570
10:32:00.335884 0.148210 0.123930 0.214069 4477105.337524 0.104570
10:32:00.430443 0.094417 0.120241 0.217358 7158043.840379 0.104570
10:32:00.561821 0.131233 0.121615 0.205445 5243560.088207 0.104570
10:32:00.647969 0.086008 0.117164 0.215644 8143630.314279 0.104570
10:32:00.793814 0.145704 0.120732 0.223131 4891458.124865 0.104570
10:32:00.876547 0.082593 0.115964 0.230902 8777890.553571 0.104570
10:32:01.032542 0.155856 0.120951 0.247046 4730516.458602 0.104570
10:32:01.343947 0.160672 0.125916 0.260209 4665207.603827 0.174318
10:32:01.464184 0.120082 0.125187 0.231740 6344469.817385 0.174318
10:32:01.598813 0.134490 0.126350 0.215568 5756144.876680 0.174318
10:32:01.772820 0.173853 0.132287 0.246705 4523547.821874 0.174318
10:32:01.928870 0.155905 0.135240 0.244670 5123119.575356 0.174318
10:32:02.028272 0.099262 0.130742 0.248793 8170377.456692 0.174318
10:32:02.208278 0.179859 0.136882 0.274536 4577454.298392 0.174318
10:32:02.389958 0.181551 0.142466 0.290375 4602475.854305 0.174318
10:32:02.575023 0.184905 0.147771 0.301142 4585445.286543 0.174318
10:32:02.761665 0.186494 0.152611 0.306363 4612263.576085 0.174318
10:32:02.951853 0.190055 0.157291 0.310050 4590505.321712 0.174318
10:32:03.143756 0.191735 0.161597 0.310609 4614368.087024 0.174318
10:32:03.339066 0.195135 0.165789 0.311086 4596943.449910 0.174318
10:32:03.536145 0.196920 0.169681 0.309784 4617668.481781 0.174318
10:32:03.736661 0.200306 0.173509 0.309212 4600956.461563 0.174318
10:32:03.938723 0.201853 0.177052 0.307174 4626573.939301 0.174318
10:32:04.144049 0.205172 0.180567 0.306279 4611622.026629 0.174318
10:32:04.351337 0.207153 0.183890 0.304760 4626839.201412 0.174318
10:32:04.561942 0.210469 0.187212 0.304444 4612327.542033 0.174318
10:32:04.774347 0.212237 0.190341 0.303289 4631800.514004 0.174318
10:32:05.167631 0.205287 0.192209 0.291866 4848471.157666 0.231472
10:32:05.386792 0.219002 0.195558 0.297094 4600944.106340 0.231472
10:32:05.601033 0.214102 0.197876 0.292572 4763635.360911 0.231472
10:32:05.787707 0.186528 0.196457 0.278828 5533711.722131 0.231472
10:32:06.012126 0.224257 0.199932 0.289510 4657513.636926 0.231472
10:32:06.240581 0.228309 0.203479 0.299039 4628675.997807 0.231472
10:32:06.468258 0.227533 0.206486 0.302209 4698468.533318 0.231472
10:32:06.700236 0.231838 0.209655 0.306799 4664222.674618 0.231472
10:32:06.934738 0.234363 0.212744 0.310310 4666400.545405 0.231472
10:32:07.172524 0.237632 0.215855 0.313918 4653917.955014 0.231472
10:32:07.411432 0.238770 0.218719 0.315182 4683201.248592 0.231472
10:32:07.574439 0.162859 0.211737 0.339944 6941564.523605 0.231472
10:32:07.817381 0.242802 0.215620 0.342840 4706651.710636 0.231472
10:32:08.018656 0.201127 0.213808 0.323716 5742996.711532 0.231472
10:32:08.260115 0.241319 0.217247 0.327189 4837410.777916 0.231472
10:32:08.481736 0.221494 0.217778 0.304481 5325869.847884 0.231472
10:32:08.998147 0.264474 0.223615 0.335339 4506818.752045 0.277194
10:32:09.221799 0.223488 0.223599 0.307519 5388313.922889 0.277194
10:32:09.461992 0.240060 0.225657 0.305057 5067531.195368 0.277194
10:32:09.661166 0.199039 0.222330 0.308497 6173657.608785 0.277194
10:32:09.925529 0.264235 0.227568 0.334099 4696909.597694 0.277194
10:32:10.191570 0.265920 0.232362 0.350613 4713358.751659 0.277194
10:32:10.464054 0.272358 0.237361 0.366046 4647061.131644 0.277194
10:32:10.732263 0.268083 0.241201 0.368437 4766999.565473 0.277194
10:32:11.006850 0.274446 0.245357 0.374028 4701252.524051 0.277194
10:32:11.283152 0.276163 0.249208 0.376517 4716521.211067 0.277194
10:32:11.562883 0.279597 0.253006 0.378877 4702538.986935 0.277194
10:32:11.844326 0.281310 0.256544 0.379251 4717584.215286 0.277194
10:32:12.382291 0.275527 0.258917 0.369930 4861200.528163 0.311487
10:32:12.670517 0.288077 0.262562 0.374982 4692076.964354 0.311487
10:32:12.945410 0.274747 0.264085 0.360585 4964448.523414 0.311487
10:32:13.212343 0.266785 0.264423 0.339497 5158668.039786 0.311487
10:32:13.506548 0.294067 0.268128 0.354078 4721864.214521 0.311487
10:32:13.801649 0.294961 0.271482 0.362778 4749211.304741 0.311487
10:32:14.100944 0.299150 0.274941 0.371080 4723784.211437 0.311487
10:32:14.402888 0.301803 0.278299 0.377265 4722976.898607 0.311487
10:32:14.705608 0.302572 0.281333 0.379831 4751582.906646 0.311487
10:32:15.013075 0.307328 0.284582 0.384451 4718034.370991 0.311487
10:32:15.320430 0.307205 0.287410 0.384934 4759923.119545 0.311487
10:32:15.631706 0.311132 0.290375 0.387240 4739339.627857 0.311487
10:32:16.214871 0.319135 0.293970 0.395379 4658994.563361 0.345779
10:32:16.531212 0.316191 0.296748 0.395025 4741236.148475 0.345779
10:32:16.731365 0.200015 0.284656 0.455097 7556550.687423 0.345779
10:32:17.056224 0.324711 0.289663 0.457548 4692516.126993 0.345779
10:32:17.379461 0.323096 0.293842 0.453189 4754004.458504 0.345779
10:32:17.706997 0.327400 0.298037 0.451105 4729041.374841 0.345779
10:32:18.037845 0.330706 0.302121 0.449591 4718920.841813 0.345779
10:32:18.370555 0.332512 0.305920 0.446914 4730245.333911 0.345779
10:32:18.704742 0.334035 0.309434 0.443295 4745464.545541 0.345779
10:32:18.993860 0.288976 0.306877 0.427731 5527933.994438 0.345779
10:32:19.336166 0.342072 0.311276 0.437112 4705816.181249 0.345779
10:32:19.725477 0.389153 0.321011 0.493264 4168067.532844 0.345779
10:32:20.170651 0.353954 0.325129 0.487262 4617276.949959 0.380071
10:32:20.513982 0.343158 0.327382 0.467012 4798349.355120 0.380071
10:32:20.870066 0.355942 0.330952 0.464234 4660534.439026 0.380071
10:32:21.224878 0.354673 0.333917 0.457599 4711856.921169 0.380071
10:32:21.579871 0.354860 0.336535 0.450239 4744002.737605 0.380071
10:32:21.932668 0.352657 0.338550 0.439950 4808478.540849 0.380071
10:32:22.293397 0.360589 0.341305 0.439394 4736783.069338 0.380071
10:32:22.660943 0.367407 0.344568 0.444236 4682326.708453 0.380071
10:32:23.021089 0.359975 0.346494 0.436652 4813136.102029 0.380071
10:32:23.389499 0.368261 0.349215 0.438601 4738203.425215 0.380071
10:32:24.149118 0.194829 0.329917 0.551342 4478019.482058 0.408647
10:32:24.329100 0.179731 0.311143 0.627398 4922559.440183 0.408647
10:32:24.524273 0.195024 0.296628 0.649939 4599556.658756 0.408647
10:32:24.708294 0.183875 0.282534 0.660270 4945270.346575 0.408647
10:32:24.916410 0.207970 0.273214 0.631080 4431405.342719 0.408647
10:32:25.131240 0.214686 0.265898 0.592825 4350019.849845 0.408647
10:32:25.456873 0.325474 0.273345 0.578117 2907070.705361 0.408647
10:32:25.712962 0.255945 0.271170 0.517148 3744805.026736 0.408647
10:32:26.024624 0.311507 0.276212 0.501033 3116308.916661 0.408647
10:32:26.288576 0.263798 0.274660 0.455690 3726487.713541 0.408647
10:32:26.527777 0.239031 0.270207 0.441608 4164010.867793 0.408647
10:32:26.753835 0.225911 0.264670 0.437516 4460231.567284 0.408647
10:32:27.081243 0.327264 0.272494 0.464723 3116455.767380 0.408647
10:32:27.366920 0.285529 0.274123 0.431331 3615014.607905 0.408647
10:32:27.708040 0.340977 0.282480 0.467239 3063198.228675 0.408647
10:32:28.008292 0.300113 0.284684 0.440886 3521234.106026 0.408647
10:32:28.781391 0.436778 0.303696 0.572941 2447595.419723 0.284684
10:32:29.106843 0.325299 0.306396 0.529933 3324156.271081 0.284684
10:32:29.438486 0.331500 0.309534 0.502291 3299040.192495 0.284684
10:32:29.807057 0.368423 0.316895 0.520352 3001767.112248 0.284684
10:32:30.152772 0.345567 0.320479 0.501743 3235864.648124 0.284684
10:32:30.429475 0.276559 0.314989 0.494857 4087719.192416 0.284684
10:32:30.821431 0.391795 0.324590 0.536297 2916789.489454 0.284684
10:32:31.217466 0.395885 0.333502 0.563577 2917695.864096 0.284684
10:32:31.576501 0.358893 0.336676 0.534623 3252667.208377 0.284684
10:32:32.025084 0.448437 0.350646 0.610868 2630577.014172 0.284684
10:32:32.352128 0.326896 0.347677 0.566594 3646224.408373 0.284684
10:32:32.693629 0.341363 0.346888 0.517389 3527693.877618 0.284684
10:32:33.149984 0.456209 0.360553 0.597751 2666566.228886 0.284684
10:32:33.498682 0.348562 0.359054 0.548943 3525341.237162 0.284684
10:32:33.927662 0.428830 0.367776 0.579969 2894126.495782 0.284684
10:32:34.537209 0.389707 0.370518 0.551593 3216200.159251 0.367776
10:32:34.993726 0.456350 0.381247 0.602885 2773451.116133 0.367776
10:32:35.327139 0.333281 0.375251 0.589446 3834457.547495 0.367776
10:32:35.803319 0.476034 0.387849 0.649278 2710395.056953 0.367776
10:32:36.187051 0.383575 0.387315 0.587660 3395758.657230 0.367776
10:32:36.564610 0.377414 0.386077 0.546237 3483750.050104 0.367776
10:32:37.004574 0.439819 0.392795 0.566657 3017386.028679 0.367776
10:32:37.367059 0.362348 0.388989 0.549832 3696426.051090 0.367776
10:32:37.859211 0.492008 0.401866 0.625518 2747272.565066 0.367776
10:32:38.537592 0.423796 0.404607 0.594276 3218454.629023 0.401866
10:32:38.941690 0.403906 0.404520 0.547473 3407368.169737 0.401866
10:32:39.355951 0.414111 0.405719 0.522525 3353070.889982 0.401866
10:32:39.787345 0.431240 0.408909 0.522035 3248380.795669 0.401866
10:32:40.143113 0.355618 0.402248 0.540383 3973702.118224 0.401866
10:32:40.605057 0.461796 0.409691 0.572841 3086661.339994 0.401866
10:32:41.069289 0.464075 0.416489 0.593235 3097983.008010 0.401866
10:32:41.508428 0.438987 0.419301 0.574359 3303022.515274 0.401866
10:32:42.201514 0.480374 0.426935 0.604301 3044027.574808 0.419301
10:32:42.654259 0.452578 0.430141 0.588808 3258135.737851 0.419301
10:32:43.127237 0.472820 0.435476 0.597155 3144638.261934 0.419301
10:32:43.615393 0.488010 0.442042 0.615836 3071937.493267 0.419301
10:32:43.987039 0.371493 0.433224 0.634119 4068511.623616 0.419301
10:32:44.412757 0.425572 0.432267 0.590590 3580386.613419 0.419301
10:32:44.850400 0.437493 0.432920 0.556889 3510912.628428 0.419301
10:32:45.252846 0.402269 0.429089 0.552716 3848885.991583 0.419301
10:32:45.950353 0.351747 0.419421 0.589484 4436642.929061 0.429089
10:32:46.458913 0.508395 0.430543 0.647064 3093783.641273 0.429089
10:32:47.609018 0.502510 0.439539 0.673896 1565008.183565 0.429089
10:32:48.010975 0.401809 0.434823 0.648320 1987810.241849 0.429089
10:32:48.380558 0.369444 0.426650 0.652152 2195211.481466 0.429089
10:32:48.777767 0.397045 0.422950 0.621681 2073557.705139 0.429089
10:32:49.190401 0.412461 0.421639 0.581176 2025850.679448 0.429089
10:32:49.596450 0.405903 0.419672 0.555060 2088853.221321 0.429089
10:32:50.393294 0.487243 0.428118 0.597231 1765361.659505 0.419672
10:32:50.813384 0.419944 0.427096 0.562105 2077533.910303 0.419672
10:32:51.248847 0.435323 0.428125 0.537608 2032366.771554 0.419672
10:32:51.771486 0.522485 0.439920 0.616392 1716841.573405 0.419672
10:32:52.238998 0.467343 0.443348 0.603126 1945705.447741 0.419672
10:32:52.790561 0.551412 0.456856 0.684754 1671345.243796 0.419672
10:32:53.209115 0.418359 0.452044 0.661464 2232264.414055 0.419672
10:32:53.721648 0.512220 0.459566 0.676807 1847206.618071 0.419672
10:32:54.223519 0.501720 0.464835 0.669920 1910356.558249 0.419672
10:32:54.724596 0.500925 0.469346 0.659250 1937919.524561 0.419672
10:32:55.298678 0.573934 0.482420 0.729435 1712810.661846 0.419672
10:32:55.726161 0.427334 0.475534 0.715881 2329156.670145 0.419672
10:32:56.357044 0.630738 0.494934 0.830399 1597519.046165 0.419672
10:32:57.297969 0.492141 0.494585 0.748977 2072381.660214 0.494934
10:32:57.751651 0.453468 0.489446 0.721357 2276217.523694 0.494934
10:32:58.186445 0.434620 0.482592 0.711351 2403202.012761 0.494934
10:32:58.694713 0.508108 0.485782 0.682867 2079809.235098 0.494934
10:32:59.715973 0.483222 0.485462 0.635835 2212349.567799 0.485782
10:33:00.161408 0.445271 0.480438 0.633409 2428507.500300 0.485782
10:33:00.691003 0.529433 0.486562 0.650286 2065666.430302 0.485782
10:33:01.189336 0.498172 0.488014 0.622416 2219955.960287 0.485782
10:33:02.077797 0.451893 0.483499 0.620421 2474496.782029 0.488014
10:33:02.594468 0.516503 0.487624 0.623320 2188750.718845 0.488014
10:33:03.109008 0.514393 0.490970 0.619511 2221616.152212 0.488014
10:33:03.597499 0.488343 0.490642 0.589675 2365288.330181 0.488014
10:33:04.161120 0.563467 0.499745 0.646845 2071745.011932 0.488014
10:33:04.673626 0.512352 0.501321 0.624253 2302417.134331 0.488014
10:33:05.824027 0.258000 0.470906 0.806426 2286140.447540 0.501321
10:33:06.112134 0.287949 0.448036 0.882633 2091036.335494 0.501321
10:33:06.326500 0.214218 0.418809 0.978575 2868107.644005 0.501321
10:33:06.576699 0.250056 0.397715 0.986292 2506190.329003 0.501321
10:33:06.891477 0.314633 0.387330 0.911844 2030860.507010 0.501321
10:33:07.172572 0.280950 0.374032 0.873797 2318077.376977 0.501321
10:33:07.409853 0.237123 0.356918 0.868652 2798345.014617 0.501321
10:33:07.628158 0.218159 0.339574 0.862133 3097924.554367 0.501321
10:33:07.910999 0.281024 0.332255 0.782724 2448645.136941 0.501321
10:33:08.198621 0.287467 0.326656 0.709296 2436509.209789 0.501321
10:33:08.474980 0.276203 0.320350 0.657783 2580363.768369 0.501321
10:33:09.140533 0.275395 0.314730 0.612760 2632551.760483 0.320350
10:33:09.389333 0.248636 0.306469 0.596085 2965298.582372 0.320350
10:33:09.724523 0.335046 0.310041 0.555831 2237208.865584 0.320350
10:33:10.039781 0.305541 0.309478 0.498321 2493467.320123 0.320350
10:33:10.804424 0.264149 0.303812 0.490773 1442095.450950 0.320350
10:33:11.126486 0.321915 0.306075 0.464399 1221490.481595 0.320350
10:33:11.335188 0.208538 0.293883 0.510162 1944508.397681 0.320350
10:33:11.539199 0.203851 0.282629 0.534870 2049497.091586 0.320350
10:33:11.825573 0.286222 0.283078 0.475853 1502608.710116 0.320350
10:33:12.013069 0.187350 0.271112 0.511421 2361184.510459 0.320350
10:33:12.336658 0.323436 0.277653 0.510208 1405706.134595 0.320350
10:33:12.546069 0.209267 0.269104 0.511907 2231332.321224 0.320350
10:33:13.112972 0.266981 0.268839 0.453064 1795003.299275 0.269104
10:33:13.397925 0.284793 0.270833 0.424956 1725884.277205 0.269104
10:33:13.662268 0.264207 0.270005 0.392223 1906867.578052 0.269104
10:33:13.909423 0.246721 0.267094 0.382042 2091820.066991 0.269104
10:33:14.083681 0.174101 0.255470 0.434674 3034926.009556 0.269104
10:33:14.371811 0.287953 0.259531 0.426416 1877640.406212 0.269104
10:33:14.625981 0.254026 0.258843 0.389511 2176785.600838 0.269104
10:33:14.932131 0.306004 0.264738 0.409901 1847191.253887 0.269104
10:33:15.200254 0.266821 0.264998 0.375954 2164508.041032 0.269104
10:33:15.465115 0.264686 0.264959 0.348488 2228392.478016 0.269104
10:33:15.755695 0.290433 0.268143 0.356264 2073151.642058 0.269104
10:33:16.075426 0.319548 0.274569 0.392064 1922716.488259 0.269104
10:33:16.346359 0.270784 0.274096 0.366002 2314347.334494 0.269104
10:33:16.635092 0.288511 0.275898 0.359243 2214736.756048 0.269104
10:33:17.212124 0.266553 0.274730 0.346583 2443279.949782 0.275898
10:33:17.441994 0.229702 0.269101 0.368019 2888751.565025 0.275898
10:33:17.804367 0.362222 0.280741 0.448050 1865817.320935 0.275898
10:33:18.108866 0.304352 0.283693 0.432785 2260960.657801 0.275898
10:33:18.477898 0.368887 0.294342 0.491356 1898728.064239 0.275898
10:33:18.741767 0.263723 0.290515 0.468894 2702470.528476 0.275898
10:33:19.008340 0.266424 0.287503 0.445378 2721196.894723 0.275898
10:33:19.245367 0.236880 0.281175 0.450205 3112461.165018 0.275898
10:33:19.560086 0.314571 0.285350 0.445517 2382826.863507 0.275898
10:33:19.828483 0.268253 0.283213 0.420435 2840066.754915 0.275898
10:33:20.757657 0.173924 0.269552 0.481757 2190198.404518 0.283213
10:33:20.995909 0.238084 0.265618 0.456240 1651584.614879 0.283213
10:33:21.226095 0.230045 0.261171 0.439711 1762717.202813 0.283213
10:33:21.513108 0.286867 0.264383 0.423984 1456396.660565 0.283213
10:33:21.711896 0.198640 0.256165 0.441609 2165124.255626 0.283213
10:33:22.044140 0.332096 0.265657 0.480670 1332048.163755 0.283213
10:33:22.208172 0.163883 0.252935 0.515969 2774272.383232 0.283213
10:33:22.495401 0.287087 0.257204 0.488632 1626488.386210 0.283213
10:33:22.607898 0.112356 0.239098 0.557517 4265301.576701 0.283213
10:33:22.948102 0.340061 0.251718 0.591495 1445387.954644 0.283213
10:33:23.175834 0.227575 0.248700 0.527677 2213812.531175 0.283213
10:33:23.442750 0.266767 0.250959 0.478258 1934631.913415 0.283213
10:33:23.667245 0.224334 0.247631 0.444730 2355345.138811 0.283213
10:33:23.942068 0.274669 0.251010 0.425873 1968449.784764 0.283213
10:33:24.174061 0.231839 0.248614 0.398932 2385104.056487 0.283213
10:33:24.825240 0.318145 0.257305 0.439575 1776700.430301 0.248614
10:33:25.070821 0.245233 0.255796 0.404571 2355051.818908 0.248614
10:33:25.329647 0.258674 0.256156 0.370615 2280183.604047 0.248614
10:33:25.612752 0.282960 0.259507 0.372155 2127903.677175 0.248614
10:33:25.835775 0.222843 0.254924 0.376073 2757098.891054 0.248614
10:33:26.159246 0.323324 0.263474 0.422736 1938266.468615 0.248614
10:33:26.406311 0.246913 0.261404 0.397411 2587859.340134 0.248614
10:33:26.741589 0.335130 0.270619 0.446352 1943317.656163 0.248614
10:33:27.004082 0.262292 0.269578 0.409705 2529820.310642 0.248614
10:33:27.344357 0.340127 0.278397 0.454040 1987022.545528 0.248614
10:33:27.590191 0.245677 0.274307 0.438760 2800946.022212 0.248614
10:33:28.243925 0.300677 0.277603 0.427313 2329462.704877 0.274307
10:33:28.495157 0.251073 0.274287 0.413099 2838633.904881 0.274307
10:33:28.846453 0.351150 0.283895 0.464867 2064623.147404 0.274307
10:33:29.145819 0.299220 0.285810 0.436865 2464005.715542 0.274307
10:33:29.472261 0.326294 0.290871 0.444645 2297217.005612 0.274307
10:33:29.805128 0.332717 0.296102 0.453278 2289802.243918 0.274307
10:33:30.205907 0.400623 0.309167 0.531571 1932351.113395 0.274307
10:33:30.625630 0.419568 0.322967 0.600171 1874384.805584 0.274307
10:33:31.104300 0.478484 0.342407 0.705827 1669271.581398 0.274307
10:33:32.153896 0.607239 0.375511 0.912908 1335566.374002 0.342407
10:33:32.596932 0.442878 0.383932 0.854347 1858967.899365 0.342407
10:33:33.129915 0.532836 0.402545 0.904261 1568182.446604 0.342407
10:33:34.312115 0.277284 0.386887 0.888435 1506730.068166 0.342407
10:33:34.515979 0.203681 0.363986 0.923353 2111537.240220 0.342407
10:33:34.810932 0.294806 0.355339 0.844044 1500539.319560 0.342407
10:33:34.928688 0.117614 0.325623 0.929877 3865661.237529 0.342407
10:33:35.294503 0.365670 0.330629 0.823866 1276954.750850 0.342407
10:33:35.488070 0.193268 0.313459 0.820748 2479623.370274 0.342407
10:33:35.685357 0.197138 0.298919 0.795706 2493277.921188 0.342407
10:33:35.959023 0.273391 0.295728 0.693846 1842811.155315 0.342407
10:33:36.263973 0.304800 0.296862 0.604523 1693228.159972 0.342407
10:33:36.453903 0.189776 0.283476 0.621308 2784251.731500 0.342407
10:33:36.741937 0.287755 0.284011 0.541663 1878933.205202 0.342407
10:33:37.257556 0.283789 0.283983 0.477445 1948490.452248 0.284011
10:33:37.623173 0.365441 0.294165 0.520719 1546756.491445 0.284011
10:33:37.947867 0.324541 0.297962 0.498253 1779546.610216 0.284011
10:33:38.145289 0.197206 0.285368 0.536342 2990902.604989 0.284011
10:33:38.516428 0.370884 0.296057 0.569805 1623450.209950 0.284011
10:33:38.830772 0.314196 0.298325 0.521774 1955468.088597 0.284011
10:33:39.122932 0.292008 0.297535 0.471438 2146131.795374 0.284011
10:33:39.476294 0.353202 0.304493 0.490588 1809094.543139 0.284011
10:33:39.762788 0.286352 0.302226 0.459938 2274348.297990 0.284011
10:33:40.207113 0.444177 0.319970 0.580205 1493891.243812 0.284011
10:33:40.897058 0.392063 0.328981 0.596251 1723805.021530 0.319970
10:33:41.205349 0.308129 0.326375 0.547679 2233245.941743 0.319970
10:33:41.524409 0.318911 0.325442 0.498884 2196273.675035 0.319970
10:33:41.947419 0.422864 0.337620 0.565123 1685421.475861 0.319970
10:33:42.230626 0.283061 0.330800 0.555986 2561256.865116 0.319970
10:33:42.519070 0.288285 0.325485 0.536890 2557469.020200 0.319970
10:33:42.791511 0.272185 0.318823 0.530677 2753893.184521 0.319970
10:33:43.178349 0.386702 0.327308 0.554077 1970136.902353 0.319970
10:33:44.029457 0.294862 0.323252 0.525775 1291885.555757 0.319970
10:33:44.260577 0.230974 0.311717 0.555888 1702425.683636 0.319970
10:33:44.625409 0.364689 0.318339 0.554438 1111916.936865 0.319970
10:33:45.255945 0.319431 0.318475 0.496642 1307926.359182 0.318339
10:33:45.544157 0.288054 0.314673 0.478719 1493053.440712 0.318339
10:33:45.738745 0.194437 0.299643 0.542914 2275122.217596 0.318339
10:33:46.139948 0.399387 0.312111 0.594308 1138384.228899 0.318339
10:33:46.380475 0.240372 0.303144 0.586531 1942589.451599 0.318339
10:33:46.684989 0.304352 0.303295 0.517043 1574597.600968 0.318339
10:33:47.080547 0.395406 0.314809 0.567231 1243076.711900 0.318339
10:33:47.354961 0.274270 0.309741 0.539597 1836904.853067 0.318339
10:33:47.670688 0.315567 0.310470 0.488687 1635456.092839 0.318339
10:33:47.970277 0.299438 0.309091 0.453785 1764585.658750 0.318339
10:33:48.328814 0.358378 0.315252 0.473060 1508664.316233 0.318339
10:33:48.680354 0.351391 0.319769 0.474264 1573632.375183 0.318339
10:33:48.960360 0.279837 0.314777 0.470581 2019917.789214 0.318339
10:33:49.254099 0.293538 0.312123 0.450214 1967499.321748 0.318339
10:33:49.586238 0.331770 0.314579 0.437795 1777808.955151 0.318339
10:33:50.330247 0.432004 0.329257 0.539095 1393764.953480 0.314579
10:33:50.654456 0.324041 0.328605 0.491199 1896057.008401 0.314579
10:33:51.045717 0.391115 0.336418 0.520874 1602311.544756 0.314579
10:33:51.351035 0.305140 0.332509 0.502129 2094041.952341 0.314579
10:33:51.687600 0.336413 0.332997 0.464116 1935906.700167 0.314579
10:33:51.994968 0.307221 0.329775 0.453890 2159851.128885 0.314579
10:33:52.338738 0.343612 0.331504 0.438428 1966869.862650 0.314579
10:33:52.697849 0.358920 0.334931 0.442539 1917219.075162 0.314579
10:33:53.072337 0.374318 0.339855 0.459947 1871179.628615 0.314579
10:33:53.479954 0.407402 0.348298 0.505915 1749387.417143 0.314579
10:33:54.318181 0.356425 0.349314 0.475654 2034065.805036 0.348298
10:33:54.691619 0.373275 0.352309 0.471025 1975165.542488 0.348298
10:33:54.953860 0.262087 0.341031 0.520290 2859995.706864 0.348298
10:33:55.288606 0.334579 0.340225 0.481121 2277058.693578 0.348298
10:33:56.042362 0.265898 0.330934 0.510933 1432609.554669 0.348298
10:33:56.360576 0.318068 0.329326 0.477191 1236263.836687 0.348298
10:33:56.713570 0.352849 0.332266 0.466688 1149228.118414 0.348298
10:33:57.043661 0.329946 0.331976 0.435113 1266243.409371 0.348298
10:33:57.374732 0.330808 0.331830 0.410351 1300088.838509 0.348298
10:33:57.669961 0.295067 0.327235 0.422888 1499211.677974 0.348298
10:33:58.045464 0.375355 0.333250 0.453110 1211269.314712 0.348298
10:33:58.305423 0.259815 0.324070 0.487400 1797217.405366 0.348298
10:33:58.688010 0.382433 0.331366 0.512226 1253113.821680 0.348298
10:33:59.785907 0.247830 0.320924 0.540105 991647.844044 0.331366
10:34:00.124485 0.338407 0.323109 0.504978 762537.328635 0.331366
10:34:00.365960 0.241324 0.312886 0.531073 1120220.360827 0.331366
10:34:00.624888 0.258781 0.306123 0.523868 1092136.005970 0.331366
10:34:00.905481 0.280445 0.302913 0.491900 1051585.501693 0.331366
10:34:01.190256 0.284620 0.300627 0.460660 1079333.671865 0.331366
10:34:01.491208 0.300799 0.300648 0.420845 1062131.568505 0.331366
10:34:01.811235 0.319878 0.303052 0.412430 1037195.875203 0.331366
10:34:02.121965 0.310423 0.303973 0.393378 1108370.995482 0.331366
10:34:02.442623 0.320507 0.306040 0.389627 1111838.259060 0.331366
10:34:02.771872 0.329097 0.308922 0.394670 1120155.952629 0.331366
10:34:03.138287 0.366263 0.316090 0.437741 1040039.782187 0.331366
10:34:03.438373 0.299937 0.314071 0.421462 1310995.266130 0.331366
10:34:04.013364 0.296725 0.311902 0.409791 1366598.542624 0.314071
10:34:04.343351 0.329828 0.314143 0.405486 1266696.489421 0.314071
10:34:04.663227 0.319732 0.314842 0.388938 1345125.747599 0.314071
10:34:04.973793 0.310397 0.314286 0.374303 1425168.827898 0.314071
10:34:05.638285 0.281223 0.310153 0.388229 786507.340550 0.314071
10:34:05.940463 0.302030 0.309138 0.375818 773009.082281 0.314071
10:34:06.176402 0.235794 0.299970 0.423324 1042265.408659 0.314071
10:34:06.524413 0.347863 0.305957 0.446365 741809.363118 0.314071
10:34:06.772426 0.247865 0.298695 0.462093 1090658.390071 0.314071
10:34:07.456671 0.367246 0.307264 0.498363 769576.479571 0.298695
10:34:07.720082 0.263249 0.301762 0.489101 1120277.083801 0.298695
10:34:08.087104 0.366833 0.309896 0.515471 837438.354254 0.298695
10:34:08.324345 0.237092 0.300795 0.527781 1347527.439023 0.298695
10:34:08.721970 0.397472 0.312880 0.579796 834715.601358 0.298695
10:34:09.005148 0.283030 0.309149 0.539186 1215645.866447 0.298695
10:34:09.251868 0.246569 0.301326 0.536434 1445242.987481 0.298695
10:34:09.539699 0.287672 0.299619 0.489604 1281459.249054 0.298695
10:34:09.872909 0.333040 0.303797 0.479706 1143790.539078 0.298695
10:34:10.605302 0.395662 0.315280 0.539077 993817.781611 0.303797
10:34:10.832778 0.227309 0.304284 0.560103 1783932.974006 0.303797
10:34:11.127410 0.294486 0.303059 0.504721 1418715.779255 0.303797
10:34:11.433605 0.306048 0.303433 0.457668 1405270.145413 0.303797
10:34:11.721865 0.288113 0.301518 0.432514 1535398.215600 0.303797
10:34:12.037299 0.315286 0.303239 0.415254 1442043.458263 0.303797
10:34:12.332451 0.294947 0.302202 0.394505 1583144.655457 0.303797
10:34:12.918660 0.310721 0.303267 0.381013 1542322.928022 0.302202
10:34:13.261002 0.342188 0.308132 0.405362 1436403.878153 0.302202
10:34:13.567319 0.306106 0.307879 0.382828 1645860.750768 0.302202
10:34:13.920276 0.352804 0.313495 0.414631 1462840.783167 0.302202
10:34:14.196433 0.276013 0.308809 0.422143 1914343.671572 0.302202
10:34:15.217407 0.302172 0.307980 0.399617 894642.241486 0.292255
10:34:15.569874 0.348282 0.313018 0.422048 811480.677503 0.292255
10:34:15.868057 0.298014 0.311142 0.407918 989591.340248 0.292255
10:34:16.221890 0.353688 0.316460 0.431588 868562.118539 0.292255
10:34:16.539515 0.317480 0.316588 0.403953 1006325.286929 0.292255
10:34:16.741174 0.201514 0.302204 0.482802 1646416.579888 0.292255
10:34:17.124982 0.383661 0.312386 0.529292 896791.624770 0.292255
10:34:17.321791 0.196653 0.297919 0.576331 1812084.070168 0.292255
10:34:17.638950 0.317012 0.300306 0.528208 1162857.925657 0.292255
10:34:17.907704 0.268605 0.296343 0.498970 1418170.438547 0.292255
10:34:18.221615 0.313765 0.298521 0.467913 1253217.977201 0.292255
10:34:18.435577 0.213817 0.287933 0.499681 1896499.217470 0.292255
10:34:18.834633 0.398900 0.301804 0.571582 1047360.156528 0.292255
10:34:19.090121 0.255249 0.295984 0.544873 1684942.783357 0.292255
10:34:19.379133 0.288716 0.295076 0.489011 1532190.390517 0.292255
10:34:19.604347 0.225063 0.286324 0.501788 2020126.929642 0.292255
10:34:20.018798 0.414295 0.302321 0.591889 1127081.058686 0.292255
10:34:20.292276 0.273329 0.298697 0.544865 1753315.475960 0.292255
10:34:20.641068 0.348647 0.304941 0.539517 1409792.237385 0.292255
10:34:21.329290 0.367497 0.312760 0.551249 1370917.435537 0.304941
10:34:21.493153 0.163707 0.294128 0.622048 3152558.800624 0.304941
10:34:21.875225 0.381783 0.305085 0.638680 1383990.350884 0.304941
10:34:22.137555 0.262177 0.299722 0.592826 2062240.469502 0.304941
10:34:22.460200 0.322499 0.302569 0.545174 1714609.772189 0.304941
10:34:22.770398 0.310053 0.303504 0.492943 1823068.311672 0.304941
10:34:23.145927 0.375383 0.312489 0.526447 1538524.085197 0.304941
10:34:23.387396 0.241321 0.303593 0.535229 2444146.127539 0.304941
10:34:23.793690 0.406148 0.316413 0.592694 1482494.223712 0.304941
10:34:24.040807 0.246974 0.307733 0.584383 2487711.343741 0.304941
10:34:24.394692 0.353737 0.313483 0.566975 1771621.903073 0.304941
10:34:24.766917 0.372050 0.320804 0.569490 1717446.363166 0.304941
10:34:25.034531 0.267442 0.314134 0.554010 2435159.882304 0.304941
10:34:25.800528 0.288038 0.310872 0.516875 2303695.917213 0.314134
10:34:26.167837 0.367120 0.317903 0.528653 1840923.810463 0.314134
10:34:26.536586 0.368602 0.324240 0.533002 1866858.915914 0.314134
10:34:26.891873 0.355142 0.328103 0.515576 1972214.608122 0.314134
10:34:27.262497 0.370477 0.333400 0.516379 1923747.155059 0.314134
10:34:27.707913 0.445274 0.347384 0.596492 1628193.430531 0.314134
10:34:28.142511 0.434454 0.358268 0.632169 1697026.752422 0.314134
10:34:28.508031 0.365374 0.359156 0.571688 2051508.369172 0.314134
10:34:28.840680 0.332505 0.355825 0.541875 2291261.870180 0.314134
10:34:29.592797 0.209775 0.337568 0.623156 1815888.702875 0.314134
10:34:30.188912 0.294977 0.332245 0.589027 1333039.752465 0.337568
10:34:30.475383 0.286260 0.326496 0.565067 1416557.739993 0.337568
10:34:30.825479 0.349950 0.329428 0.531810 1193862.537279 0.337568
10:34:31.142155 0.316491 0.327811 0.492534 1358901.679314 0.337568
10:34:31.406955 0.264655 0.319916 0.506615 1671488.582319 0.337568
10:34:31.811178 0.404072 0.330436 0.554615 1125185.481613 0.337568
10:34:32.154953 0.343633 0.332086 0.513417 1358845.298086 0.337568
10:34:32.485098 0.329999 0.331825 0.469910 1452222.714374 0.337568
10:34:32.867970 0.382543 0.338165 0.492447 1284874.872129 0.337568
10:34:33.240490 0.372370 0.342440 0.492357 1352976.860927 0.337568
10:34:33.626391 0.385755 0.347855 0.503607 1337885.230037 0.337568
10:34:33.953861 0.327302 0.345285 0.482653 1614362.374189 0.337568
10:34:34.229855 0.275772 0.336596 0.509135 1960577.149672 0.337568
10:34:34.444652 0.214258 0.321304 0.573047 2580814.320652 0.337568
10:34:35.129142 0.303813 0.319118 0.525416 1860512.999765 0.321304
10:34:35.355720 0.226415 0.307530 0.554956 2550783.290487 0.321304
10:34:35.673159 0.317273 0.308748 0.504061 1859041.707994 0.321304
10:34:35.973655 0.300354 0.307699 0.462577 2004674.458037 0.321304
10:34:36.327322 0.353524 0.313427 0.475411 1737930.247298 0.321304
10:34:36.643350 0.315884 0.313734 0.437679 1983918.932905 0.321304
10:34:36.957345 0.313814 0.313744 0.406783 2036160.488959 0.321304
10:34:37.293698 0.336206 0.316552 0.408793 1937098.323055 0.321304
10:34:38.016361 0.333041 0.318613 0.404283 1992403.620802 0.316552
10:34:38.389825 0.373302 0.325449 0.444391 1810437.744763 0.316552
10:34:38.716984 0.326994 0.325642 0.416394 2104404.422643 0.316552
10:34:39.089536 0.372402 0.331487 0.446311 1880806.464198 0.316552
10:34:39.437524 0.347454 0.333483 0.435568 2051217.871348 0.316552
10:34:39.811878 0.374199 0.338572 0.455852 1937450.841519 0.316552
10:34:40.094886 0.282863 0.331609 0.475278 2606492.387659 0.316552
10:34:40.942843 0.348739 0.333750 0.458632 2149365.811231 0.331609
10:34:41.302309 0.359294 0.336943 0.456149 2120425.423576 0.331609
10:34:41.927045 0.168168 0.315846 0.574025 2265162.492999 0.331609
10:34:42.286781 0.359582 0.321313 0.558684 1093535.819037 0.331609
10:34:42.550071 0.263113 0.314038 0.550266 1541177.996999 0.331609
10:34:42.847350 0.296622 0.311861 0.506448 1408499.526790 0.331609
10:34:43.125547 0.278051 0.307635 0.487385 1546765.833115 0.331609
10:34:43.411885 0.286193 0.304955 0.461209 1545698.755287 0.331609
10:34:43.671690 0.259659 0.299293 0.461780 1750974.649821 0.331609
10:34:44.003262 0.331385 0.303304 0.457262 1409068.439450 0.331609
10:34:44.307992 0.304583 0.303464 0.420211 1573404.493362 0.331609
10:34:44.570467 0.262328 0.298322 0.427018 1873685.499167 0.331609
10:34:44.964633 0.394005 0.310282 0.502488 1278684.085300 0.331609
10:34:45.198110 0.233319 0.300662 0.521779 2211975.460304 0.331609
10:34:45.874203 0.345969 0.306325 0.517470 1527258.391561 0.300662
10:34:46.172742 0.298377 0.305332 0.471639 1812042.928466 0.300662
10:34:46.440723 0.267835 0.300645 0.462872 2064553.588931 0.300662
10:34:46.856080 0.415213 0.314966 0.551204 1361345.086641 0.300662
10:34:47.224248 0.368018 0.321597 0.551828 1569314.920029 0.300662
10:34:47.504391 0.279989 0.316396 0.530678 2106597.013772 0.300662
10:34:47.841587 0.336996 0.318971 0.500282 1786703.283598 0.300662
10:34:48.173311 0.331579 0.320547 0.469138 1852952.254730 0.300662
10:34:48.508409 0.334949 0.322347 0.448192 1870995.193285 0.300662
10:34:48.891703 0.383147 0.329947 0.485131 1667704.556966 0.300662
10:34:49.257999 0.366131 0.334470 0.487041 1778774.002813 0.300662
10:34:49.555691 0.297536 0.329853 0.481216 2230157.800281 0.300662
10:34:49.949772 0.393890 0.337858 0.515417 1715808.361723 0.300662
10:34:50.598974 0.376062 0.342634 0.514006 1829826.339972 0.337858
10:34:50.889170 0.290027 0.336058 0.517194 2415001.562288 0.337858
10:34:51.272355 0.383024 0.341929 0.524747 1860729.464150 0.337858
10:34:51.682059 0.409552 0.350381 0.555119 1770207.025536 0.337858
10:34:52.069129 0.386906 0.354947 0.545024 1905579.583153 0.337858
10:34:52.481450 0.412174 0.362100 0.561885 1818571.828085 0.337858
10:34:52.839363 0.356391 0.361387 0.516935 2137697.361423 0.337858
10:34:53.652935 0.296089 0.353224 0.535183 1286532.377029 0.337858
10:34:54.009405 0.356324 0.353612 0.493181 1103534.378430 0.337858
10:34:54.303725 0.294175 0.346182 0.510296 1378444.109717 0.337858
10:34:54.623134 0.319228 0.342813 0.492853 1308757.648233 0.337858
10:34:54.957703 0.334423 0.341764 0.462684 1286035.697811 0.337858
10:34:55.638095 0.377078 0.346178 0.472182 1173147.766803 0.341764
10:34:55.818159 0.179895 0.325393 0.586179 2527342.014308 0.341764
10:34:56.140883 0.322579 0.325041 0.523445 1447533.129816 0.341764
10:34:56.336042 0.195005 0.308787 0.587626 2457537.741962 0.341764
10:34:56.607374 0.271185 0.304087 0.550817 1812488.561594 0.341764
10:34:56.943919 0.336400 0.308126 0.525487 1497645.517272 0.341764
10:34:57.216681 0.272611 0.303686 0.502222 1893159.791942 0.341764
10:34:57.571644 0.354812 0.310077 0.510105 1489194.668645 0.341764
10:34:57.873884 0.302084 0.309078 0.467091 1789805.579088 0.341764
10:34:58.569946 0.392112 0.319457 0.521001 1410209.267966 0.309078
10:34:58.871133 0.301023 0.317153 0.486745 1877756.808977 0.309078
10:34:59.213270 0.341975 0.320256 0.472272 1688825.336508 0.309078
10:34:59.516174 0.302724 0.318064 0.449608 1948387.839571 0.309078
10:34:59.838485 0.322145 0.318574 0.421313 1869071.466775 0.309078
10:35:00.198366 0.359730 0.323719 0.441928 1707947.602393 0.309078
10:35:00.556972 0.358458 0.328061 0.451458 1748288.296868 0.309078
10:35:01.219064 0.318159 0.326823 0.429273 2008355.165745 0.328061
10:35:01.549958 0.330529 0.327287 0.407829 1970368.863789 0.328061
10:35:01.894150 0.343950 0.329370 0.406440 1929210.454931 0.328061
10:35:02.626693 0.325406 0.328874 0.390640 1019575.312125 0.328061
10:35:02.969267 0.342423 0.330568 0.390441 1004792.429225 0.328061
