10:32:24.692996 0.105153 0.105153 0.525764 116858.464032 0.500000
10:32:24.738505 0.045320 0.097674 0.472965 542276.733184 0.500000
10:32:24.882263 0.143614 0.103416 0.430825 342250.627461 0.500000
10:32:24.972317 0.089888 0.101725 0.360810 1093626.459257 0.500000
10:32:25.113366 0.140902 0.106622 0.340113 1395352.378621 0.500000
10:32:25.197832 0.084323 0.103835 0.301252 4663202.418206 0.500000
10:32:25.663468 0.164101 0.111368 0.319697 2396184.512122 0.500000
10:32:25.755570 0.091951 0.108941 0.284605 4409994.656627 0.500000
10:32:25.957619 0.201901 0.120561 0.345269 2069291.805440 0.500000
10:32:26.097554 0.139780 0.122963 0.310713 3076834.045712 0.500000
10:32:26.265553 0.167849 0.128574 0.314272 2635510.677223 0.500000
10:32:26.728074 0.191635 0.136457 0.338791 2372508.608647 0.128574
10:32:26.880862 0.152638 0.138479 0.306411 3059160.411390 0.128574
10:32:27.053215 0.172129 0.142686 0.302284 2784145.811932 0.128574
10:32:27.175243 0.121860 0.140082 0.280607 4033480.139772 0.128574
10:32:27.338902 0.163487 0.143008 0.271806 3081635.824843 0.128574
10:32:27.500020 0.160978 0.145254 0.259823 3206001.734597 0.128574
10:32:27.678205 0.178047 0.149353 0.268073 2967666.811826 0.128574
10:32:27.807977 0.129623 0.146887 0.255657 4171113.659718 0.128574
10:32:27.977524 0.169403 0.149702 0.253795 3264167.407674 0.128574
10:32:28.394264 0.114739 0.145331 0.258364 4926383.267308 0.149702
10:32:28.488252 0.093831 0.138894 0.275168 6155061.935135 0.149702
10:32:28.706317 0.217926 0.148773 0.330011 2706533.095085 0.149702
10:32:28.850888 0.144430 0.148230 0.288501 4168879.947387 0.149702
10:32:28.994218 0.143186 0.147599 0.257847 4290919.528578 0.149702
10:32:29.172460 0.178100 0.151412 0.264598 3518740.124111 0.149702
10:32:29.384754 0.212148 0.159004 0.304630 3011935.758080 0.149702
10:32:29.543432 0.158540 0.158946 0.268629 4107884.174740 0.149702
10:32:29.772390 0.228804 0.167678 0.319799 2900087.746264 0.149702
10:32:29.921826 0.149278 0.165378 0.297869 4527394.105830 0.149702
10:32:30.114723 0.192756 0.168800 0.295546 3569940.088552 0.149702
10:32:30.543842 0.138673 0.165035 0.290222 5050852.475541 0.168800
10:32:30.740725 0.196726 0.168996 0.294578 3622828.504203 0.168800
10:32:30.895160 0.154289 0.167158 0.276051 4698921.933705 0.168800
10:32:31.130445 0.235146 0.175656 0.325314 3135413.133794 0.168800
10:32:31.295914 0.165325 0.174365 0.296940 4533907.961911 0.168800
10:32:31.521024 0.224963 0.180690 0.323219 3386584.327940 0.168800
10:32:31.816135 0.294972 0.194975 0.416154 2624466.559039 0.168800
10:32:32.031153 0.214872 0.197462 0.383244 3660000.159034 0.168800
10:32:32.357047 0.325741 0.213497 0.481112 2452009.022373 0.168800
10:32:32.655816 0.298584 0.224133 0.509932 2716180.513491 0.168800
10:32:32.938573 0.282545 0.231434 0.504196 2913857.044237 0.168800
10:32:33.200208 0.261482 0.235190 0.469809 3195569.862853 0.168800
10:32:33.492704 0.292356 0.242336 0.475466 2900135.309924 0.168800
10:32:33.753684 0.260834 0.244648 0.437994 3297729.860359 0.168800
10:32:33.940080 0.186243 0.237348 0.440762 4684465.180830 0.168800
10:32:34.530735 0.268541 0.241247 0.425001 3294601.860840 0.237348
10:32:34.739514 0.208620 0.237168 0.407611 4299797.205189 0.237348
10:32:35.009169 0.269507 0.241211 0.401381 3373983.725009 0.237348
10:32:35.316034 0.306728 0.249400 0.435045 3004617.582763 0.237348
10:32:35.583076 0.266898 0.251588 0.408319 3499042.543988 0.237348
10:32:35.824360 0.241133 0.250281 0.378284 3923876.448142 0.237348
10:32:36.174141 0.349562 0.262691 0.457975 2741900.414656 0.237348
10:32:36.455410 0.281101 0.264992 0.429865 3453392.339766 0.237348
10:32:36.742811 0.287252 0.267775 0.413689 3422219.366795 0.237348
10:32:37.029329 0.286380 0.270100 0.398142 3475549.330618 0.237348
10:32:37.345727 0.316259 0.275870 0.418060 3186047.812992 0.237348
10:32:37.632252 0.286384 0.277184 0.394340 3561317.925289 0.237348
10:32:38.198084 0.282871 0.277895 0.371449 3648984.770806 0.277184
10:32:38.518619 0.320378 0.283206 0.395854 3260148.286506 0.277184
10:32:38.778790 0.260026 0.280308 0.387973 4064082.515202 0.277184
10:32:38.977976 0.199053 0.270151 0.432155 5370708.988888 0.277184
10:32:39.294337 0.316214 0.275909 0.443475 3419660.501815 0.277184
10:32:39.633791 0.339300 0.283833 0.472898 3223201.493702 0.277184
10:32:40.244370 0.137375 0.265526 0.553783 4025190.109963 0.277184
10:32:40.396317 0.151813 0.251312 0.581217 3723316.760726 0.277184
10:32:40.585589 0.189115 0.243537 0.553163 3053887.079704 0.277184
10:32:40.709088 0.123356 0.228514 0.580914 4781473.971422 0.277184
10:32:40.894191 0.184968 0.223071 0.530918 3255222.618428 0.277184
10:32:41.291944 0.218027 0.222441 0.458369 2817998.120883 0.223071
10:32:41.465832 0.173737 0.216353 0.442003 3607111.224915 0.223071
10:32:41.572835 0.106854 0.202665 0.481402 5979899.934187 0.223071
10:32:41.780208 0.207215 0.203234 0.416836 3142937.421120 0.223071
10:32:41.996802 0.216456 0.204887 0.378311 3065525.852789 0.223071
10:32:42.170844 0.173885 0.201012 0.362081 3886704.338877 0.223071
10:32:42.289285 0.118297 0.190672 0.394189 5816959.050396 0.223071
10:32:42.521596 0.232161 0.195858 0.389985 3016940.244111 0.223071
10:32:42.713115 0.191379 0.195298 0.345373 3724043.590294 0.223071
10:32:42.945117 0.231865 0.199869 0.348991 3126785.937416 0.223071
10:32:43.090907 0.145647 0.193091 0.359155 5062100.504708 0.223071
10:32:43.281451 0.190401 0.192755 0.319994 3936789.378239 0.223071
10:32:43.483381 0.201785 0.193884 0.298342 3775585.744646 0.223071
10:32:43.908724 0.126121 0.185414 0.331520 3020336.554778 0.223071
10:32:44.066930 0.157967 0.181983 0.319009 2489231.092177 0.223071
10:32:44.327081 0.259992 0.191734 0.372513 1559679.453836 0.223071
10:32:44.456581 0.129342 0.183935 0.381911 3230132.086208 0.223071
10:32:44.812016 0.146635 0.179272 0.365054 2932995.786105 0.183935
10:32:44.940042 0.127861 0.172846 0.363594 3459756.458977 0.183935
10:32:45.092910 0.152719 0.170330 0.333518 2977075.137654 0.183935
10:32:45.297758 0.204695 0.174626 0.331382 2281167.040135 0.183935
10:32:45.513745 0.215841 0.179778 0.338560 2220302.942585 0.183935
10:32:45.642642 0.128753 0.173400 0.343511 3817543.691320 0.183935
10:32:45.794510 0.151721 0.170690 0.319952 3320621.389067 0.183935
10:32:45.902666 0.107940 0.162846 0.337542 4781324.792282 0.183935
10:32:45.993003 0.090182 0.153763 0.357449 5859080.675890 0.183935
10:32:46.211321 0.218163 0.161813 0.378978 2478293.599953 0.183935
10:32:46.374155 0.162683 0.161922 0.325665 3399002.757913 0.183935
10:32:46.543034 0.168716 0.162771 0.292373 3350293.716621 0.183935
10:32:46.746558 0.203379 0.167847 0.305656 2839704.390034 0.183935
10:32:47.010798 0.264092 0.179878 0.379479 2233403.776983 0.183935
10:32:47.208354 0.197397 0.182068 0.349288 3050259.220801 0.183935
10:32:47.682393 0.124413 0.174861 0.357931 2469195.074220 0.183935
10:32:47.940837 0.258280 0.185288 0.406010 1236982.933109 0.183935
10:32:48.083237 0.142221 0.179905 0.388513 2332820.474661 0.183935
10:32:48.375799 0.292381 0.193964 0.462897 1176765.738119 0.183935
10:32:48.545470 0.169515 0.190908 0.417057 2102186.955793 0.183935
10:32:48.768484 0.222835 0.194899 0.396438 1654317.742869 0.183935
10:32:48.895244 0.126599 0.186361 0.405815 3008931.975088 0.183935
10:32:49.193705 0.287431 0.198995 0.464655 1368036.146848 0.183935
10:32:49.446980 0.252986 0.205744 0.458980 1602871.594775 0.183935
10:32:49.644463 0.197334 0.204693 0.403030 2117181.487954 0.183935
10:32:49.915069 0.270459 0.212914 0.427432 1590185.945643 0.183935
10:32:50.100979 0.185765 0.209520 0.397558 2381330.892919 0.183935
10:32:50.307037 0.205908 0.209068 0.353709 2208055.994887 0.183935
10:32:50.809577 0.227031 0.211314 0.337757 2056741.217760 0.209068
10:32:50.957569 0.147823 0.203377 0.361700 3241934.366850 0.209068
10:32:51.237269 0.279516 0.212895 0.407776 1758466.824705 0.209068
10:32:51.406276 0.168843 0.207388 0.397601 2983883.890418 0.209068
10:32:51.756130 0.349704 0.225178 0.510153 1475807.997317 0.209068
10:32:51.942417 0.186142 0.220298 0.473065 2838607.576359 0.209068
10:32:52.220932 0.278357 0.227556 0.475190 1942368.770129 0.209068
10:32:52.449475 0.228397 0.227661 0.414228 2421046.173657 0.209068
10:32:52.774022 0.324394 0.239752 0.476411 1742473.724883 0.209068
10:32:52.888973 0.114772 0.224130 0.526604 5032025.150022 0.209068
10:32:53.198244 0.309125 0.234754 0.546605 1908044.001296 0.209068
10:32:53.354899 0.156509 0.224974 0.537107 3847141.684233 0.209068
10:32:53.631412 0.276365 0.231398 0.516889 2223146.589553 0.209068
10:32:53.874809 0.243252 0.232879 0.458852 2576293.366036 0.209068
10:32:54.204755 0.329782 0.244992 0.511374 1937570.826546 0.209068
10:32:54.439500 0.234594 0.243692 0.453877 2776133.940937 0.209068
10:32:54.703008 0.263358 0.246151 0.423455 2519582.879829 0.209068
10:32:54.956743 0.253500 0.247069 0.387397 2666035.663434 0.209068
10:32:55.281775 0.324883 0.256796 0.439855 2118079.534932 0.209068
10:32:55.802198 0.240462 0.254754 0.408383 2912794.977507 0.256796
10:32:56.189825 0.387438 0.271340 0.519245 1839531.306470 0.256796
10:32:56.431117 0.241144 0.267565 0.483690 3006469.888275 0.256796
10:32:56.625216 0.193959 0.258364 0.494064 3801215.765406 0.256796
10:32:56.885272 0.259892 0.258555 0.436858 2884152.024439 0.256796
10:32:57.246313 0.360894 0.271348 0.507413 2111024.495771 0.256796
10:32:57.696069 0.449608 0.293630 0.648939 1721820.474250 0.256796
10:32:58.131878 0.435657 0.311384 0.719892 1805163.135181 0.256796
10:32:58.633916 0.501829 0.335189 0.832016 1591618.150733 0.256796
10:32:59.077696 0.443619 0.348743 0.829793 1828163.303510 0.256796
10:32:59.522148 0.444299 0.360687 0.817031 1853022.474066 0.256796
10:33:00.040062 0.517762 0.380322 0.879654 1613837.444276 0.256796
10:33:00.522945 0.482729 0.393123 0.870029 1756414.206607 0.256796
10:33:00.982660 0.459569 0.401429 0.825555 1871665.835037 0.256796
10:33:01.420607 0.437790 0.405974 0.760430 1992846.262870 0.256796
10:33:02.109355 0.443545 0.410670 0.714084 1994692.295936 0.405974
10:33:02.615379 0.505456 0.422518 0.744864 1774682.765432 0.405974
10:33:03.121438 0.505885 0.432939 0.758065 1797467.362627 0.405974
10:33:03.613623 0.492041 0.440327 0.743274 1873014.224647 0.405974
10:33:04.172096 0.558181 0.455059 0.800123 1673092.275670 0.405974
10:33:04.988053 0.532998 0.464801 0.801538 1775196.665483 0.455059
10:33:05.457095 0.468877 0.465311 0.721939 2044170.069671 0.455059
10:33:05.925189 0.467944 0.465640 0.660745 2074505.054829 0.455059
10:33:06.427417 0.502082 0.470195 0.652966 1957926.764358 0.455059
10:33:06.993675 0.566111 0.482184 0.715179 1758185.700008 0.455059
10:33:07.514698 0.520876 0.487021 0.700458 1934464.505740 0.455059
10:33:08.126531 0.611683 0.502604 0.787343 1667373.754598 0.455059
10:33:09.004118 0.558117 0.509543 0.778611 1849418.959093 0.502604
10:33:09.571513 0.567180 0.516747 0.776186 1841531.280048 0.502604
10:33:10.165851 0.594190 0.526428 0.798449 1778501.464751 0.502604
10:33:10.764084 0.598087 0.535385 0.811060 1787459.511410 0.502604
10:33:11.854504 0.498546 0.530780 0.774376 2168995.938685 0.535385
10:33:12.370327 0.515659 0.528890 0.726708 2120843.039575 0.535385
10:33:12.837928 0.467454 0.521211 0.731010 2365837.285953 0.535385
10:33:13.275261 0.437182 0.510707 0.752085 2557763.423178 0.535385
10:33:13.820205 0.544783 0.514967 0.730076 2075130.392389 0.535385
10:33:14.570239 0.598706 0.525434 0.770506 1908756.529301 0.514967
10:33:15.138504 0.567980 0.530752 0.757102 2033648.889400 0.514967
10:33:15.692455 0.553804 0.533634 0.726448 2107894.069128 0.514967
10:33:16.242746 0.550091 0.535691 0.696759 2144459.624857 0.514967
10:33:17.143969 0.204076 0.494239 0.946655 2890216.637630 0.514967
10:33:17.729434 0.308875 0.471069 0.995744 1949370.575159 0.494239
10:33:17.992072 0.262476 0.444994 1.047094 2340783.607668 0.494239
10:33:18.328826 0.336412 0.431422 0.991579 1862858.898035 0.494239
10:33:18.628669 0.299698 0.414956 0.966797 2132065.466243 0.494239
10:33:18.924042 0.295224 0.399990 0.933603 2205999.875839 0.494239
10:33:19.169534 0.245337 0.380658 0.935521 2704655.125380 0.494239
10:33:19.446798 0.277116 0.367715 0.887404 2438833.748478 0.494239
10:33:19.726509 0.277864 0.356484 0.836102 2476492.280991 0.494239
10:33:20.014696 0.288040 0.347928 0.776086 2431662.921584 0.494239
10:33:20.309763 0.294918 0.341302 0.715431 2416617.006325 0.494239
10:33:20.576155 0.266236 0.331919 0.687581 2723117.151873 0.494239
10:33:21.095325 0.320659 0.330511 0.608518 2299263.799569 0.331919
10:33:21.381773 0.286293 0.324984 0.577707 2618184.594164 0.331919
10:33:21.620947 0.239017 0.314238 0.589748 3187455.155783 0.331919
10:33:22.074097 0.452990 0.331582 0.676966 1708964.669999 0.331919
10:33:22.511977 0.437689 0.344846 0.709990 1796782.376373 0.331919
10:33:22.995859 0.483735 0.362207 0.774955 1651151.685162 0.331919
10:33:23.447848 0.451856 0.373413 0.772623 1794836.751806 0.331919
10:33:23.948940 0.500946 0.389355 0.816296 1643482.383673 0.331919
10:33:24.473285 0.524051 0.406192 0.861094 1594470.916233 0.331919
10:33:24.895923 0.422500 0.408230 0.765715 2006796.998967 0.331919
10:33:25.692609 0.498338 0.419494 0.777715 1726057.469970 0.408230
10:33:26.214224 0.521454 0.432239 0.802865 1673106.045114 0.408230
10:33:26.748299 0.533944 0.444952 0.824627 1656982.351493 0.408230
10:33:27.358859 0.610413 0.465635 0.915852 1469536.019923 0.408230
10:33:27.901171 0.542178 0.475202 0.889409 1677146.880907 0.408230
10:33:28.421170 0.519798 0.480777 0.836028 1772996.295462 0.408230
10:33:29.071224 0.649891 0.501916 0.937468 1436991.436387 0.408230
10:33:29.723931 0.652452 0.520733 0.997933 1450184.858887 0.408230
10:33:30.463866 0.442930 0.511008 0.946711 2163917.631422 0.520733
10:33:30.972735 0.508707 0.510720 0.839798 1908273.153797 0.520733
10:33:31.422115 0.449231 0.503034 0.811332 2188272.128699 0.520733
10:33:31.822054 0.399792 0.490129 0.824594 2489614.873916 0.520733
10:33:32.194611 0.372409 0.475414 0.843983 2705671.345678 0.520733
10:33:32.703497 0.508733 0.479579 0.789325 2004792.163215 0.520733
10:33:33.157670 0.454004 0.476382 0.734266 2273530.382799 0.520733
10:33:33.615222 0.457384 0.474007 0.686418 2283596.047095 0.520733
10:33:34.393209 0.445808 0.470482 0.657990 2370455.794662 0.474007
10:33:34.877857 0.484482 0.472232 0.626863 2206595.683221 0.474007
10:33:35.741747 0.236614 0.442780 0.794371 2285038.186320 0.474007
10:33:36.026863 0.284965 0.423053 0.844561 1940448.566251 0.474007
10:33:36.327363 0.300350 0.407715 0.846549 1881964.683239 0.474007
10:33:36.575871 0.248362 0.387796 0.876275 2325379.286424 0.474007
10:33:36.820916 0.244894 0.369933 0.879194 2408486.664683 0.474007
10:33:37.076943 0.255872 0.355676 0.851683 2353176.485432 0.474007
10:33:37.320158 0.243060 0.341599 0.826220 2527772.235492 0.474007
10:33:37.688561 0.368250 0.344930 0.735047 1701799.799134 0.474007
10:33:38.006886 0.318175 0.341586 0.660929 2008252.830940 0.474007
10:33:38.588643 0.343218 0.341790 0.582929 1897522.369845 0.341586
10:33:38.955768 0.366926 0.344932 0.550923 1808408.457581 0.341586
10:33:39.292086 0.336158 0.343835 0.507102 2010484.369182 0.341586
10:33:39.638458 0.346219 0.344133 0.468967 1987552.240174 0.341586
10:33:39.958987 0.320379 0.341164 0.458543 2186210.578518 0.341586
10:33:40.341913 0.382774 0.346365 0.476010 1861944.088692 0.341586
10:33:40.528912 0.186854 0.326426 0.583171 3879989.289032 0.341586
10:33:40.941265 0.412205 0.337149 0.615486 1788624.675227 0.341586
10:33:41.284905 0.343472 0.337939 0.553015 2182326.336379 0.341586
10:33:41.604862 0.319795 0.335671 0.515122 2382326.972836 0.341586
10:33:42.530053 0.488274 0.354746 0.641938 1585470.910827 0.335671
10:33:43.476053 0.303482 0.348338 0.614996 1295681.219569 0.335671
10:33:43.792676 0.316473 0.344355 0.576214 1281322.548122 0.335671
10:33:44.150122 0.357277 0.345970 0.532786 1169377.874414 0.335671
10:33:44.424702 0.274429 0.337028 0.548681 1567182.199302 0.335671
10:33:44.770674 0.345819 0.338127 0.505658 1279189.415756 0.335671
10:33:45.090115 0.319293 0.335772 0.480255 1423945.931954 0.335671
10:33:45.425061 0.334798 0.335651 0.444987 1394704.258645 0.335671
10:33:45.672773 0.247563 0.324640 0.494729 1935797.193183 0.335671
10:33:46.021067 0.348138 0.327577 0.478642 1411854.505888 0.335671
10:33:46.254273 0.233048 0.315761 0.523589 2161821.091540 0.335671
10:33:46.618349 0.363889 0.321777 0.525776 1418278.732919 0.335671
10:33:46.942793 0.324275 0.322089 0.477587 1629431.725081 0.335671
10:33:47.222243 0.279291 0.316739 0.476161 1935873.928800 0.335671
10:33:47.829105 0.360773 0.322244 0.485843 1532708.565628 0.316739
10:33:48.152109 0.322648 0.322294 0.445398 1751902.739848 0.316739
10:33:48.399887 0.247387 0.312931 0.480166 2334545.298978 0.316739
10:33:48.755028 0.354984 0.318187 0.485667 1661550.732378 0.316739
10:33:49.019601 0.264414 0.311466 0.490849 2277155.657269 0.316739
10:33:49.317134 0.297349 0.309701 0.458355 2066259.006456 0.316739
10:33:49.664033 0.346751 0.314332 0.462873 1807314.314324 0.316739
10:33:49.909792 0.245505 0.305729 0.485962 2602699.553864 0.316739
10:33:50.311041 0.401081 0.317648 0.548175 1623771.411875 0.316739
10:33:50.562167 0.250979 0.309314 0.548878 2643852.715212 0.316739
10:33:50.904209 0.341893 0.313387 0.525638 1976759.055148 0.316739
10:33:51.234286 0.329920 0.315453 0.491175 2085743.167223 0.316739
10:33:51.921223 0.274949 0.310390 0.482686 2547439.023312 0.315453
10:33:52.268522 0.347133 0.314983 0.480947 2053115.554404 0.315453
10:33:52.626109 0.357438 0.320290 0.487218 2028300.915398 0.315453
10:33:52.970381 0.344102 0.323267 0.472275 2142619.603913 0.315453
10:33:53.319459 0.348930 0.326474 0.463894 2148189.439749 0.315453
10:33:53.725622 0.406022 0.336418 0.519030 1876390.602487 0.315453
10:33:54.622496 0.377498 0.341553 0.519593 1009085.740233 0.315453
10:33:54.875876 0.253232 0.330513 0.552363 1552789.523020 0.315453
10:33:55.102347 0.226297 0.317486 0.588090 1791911.409076 0.315453
10:33:55.526347 0.423852 0.330782 0.640101 985702.633627 0.315453
10:33:55.805755 0.279263 0.324342 0.607850 1540053.533314 0.315453
10:33:56.512381 0.305576 0.321996 0.553393 1447653.678905 0.324342
10:33:56.835536 0.322992 0.322121 0.496664 1407638.202696 0.324342
10:33:57.164413 0.328711 0.322944 0.460443 1420530.354356 0.324342
10:33:57.475748 0.311175 0.321473 0.436366 1540072.952268 0.324342
10:33:57.780212 0.304317 0.319329 0.422655 1615157.891253 0.324342
10:33:58.101374 0.321009 0.319539 0.398713 1569451.711651 0.324342
10:33:58.359631 0.258109 0.311860 0.432671 1999526.613249 0.324342
10:33:58.741780 0.382000 0.320628 0.481376 1383203.435682 0.324342
10:33:59.022055 0.279979 0.315546 0.476756 1931116.327438 0.324342
10:33:59.349865 0.327628 0.317057 0.450045 1687768.363501 0.324342
10:33:59.596167 0.246153 0.308194 0.478839 2296329.033544 0.324342
10:33:59.922791 0.326476 0.310479 0.456745 1769000.630920 0.324342
10:34:00.224838 0.301896 0.309406 0.427689 1953731.794580 0.324342
10:34:00.553269 0.328278 0.311765 0.419349 1834152.399123 0.324342
10:34:01.150623 0.292699 0.309382 0.409136 2099084.018249 0.311765
10:34:01.428717 0.277931 0.305450 0.411717 2254833.237243 0.311765
10:34:01.775876 0.347012 0.310646 0.431907 1841365.488290 0.311765
10:34:02.108912 0.332888 0.313426 0.426614 1956406.416591 0.311765
10:34:02.413891 0.304824 0.312351 0.405844 2176837.359180 0.311765
10:34:02.742728 0.328688 0.314393 0.400850 2056175.439125 0.311765
10:34:03.094914 0.352039 0.319099 0.421588 1954691.971612 0.311765
10:34:03.722815 0.264727 0.312302 0.443541 2645806.150759 0.319099
10:34:04.005751 0.282763 0.308610 0.436578 2520499.461225 0.319099
10:34:04.306100 0.300187 0.307557 0.411956 2415133.673875 0.319099
10:34:04.623871 0.317617 0.308814 0.397174 2321285.028498 0.319099
10:34:04.927691 0.303671 0.308172 0.379585 2468356.505417 0.319099
10:34:05.316705 0.388848 0.318256 0.452492 1959263.954147 0.319099
10:34:06.054208 0.282289 0.313760 0.450405 1349426.593732 0.319099
10:34:06.675595 0.265759 0.307760 0.458245 1479596.224245 0.313760
10:34:06.971505 0.295745 0.306258 0.431136 1371126.530572 0.313760
10:34:07.276613 0.304960 0.306096 0.401053 1369989.450954 0.313760
10:34:07.587936 0.310379 0.306631 0.382132 1385660.630254 0.313760
10:34:07.922171 0.334071 0.310061 0.394127 1324172.972141 0.313760
10:34:08.222545 0.300225 0.308832 0.381717 1514384.113707 0.313760
10:34:08.616846 0.390958 0.319098 0.455888 1194358.257135 0.313760
10:34:08.894910 0.277912 0.313949 0.457728 1724402.580308 0.313760
10:34:09.209780 0.314722 0.314046 0.422652 1561760.146541 0.313760
10:34:09.508527 0.298586 0.312113 0.409028 1687312.132550 0.313760
10:34:09.835544 0.326852 0.313956 0.401380 1578990.629028 0.313760
10:34:10.139427 0.303502 0.312649 0.388671 1740956.750881 0.313760
10:34:10.473067 0.333485 0.315254 0.393106 1621278.862494 0.313760
10:34:10.966730 0.214036 0.302601 0.462208 2583490.774351 0.315254
10:34:11.268649 0.301722 0.302491 0.423076 1873406.337182 0.315254
10:34:11.591297 0.322495 0.304992 0.415434 1790837.157906 0.315254
10:34:11.870888 0.279410 0.301794 0.410207 2110961.449519 0.315254
10:34:12.203862 0.332826 0.305673 0.418015 1809088.686500 0.315254
10:34:12.412315 0.208308 0.293502 0.475124 2949478.918676 0.315254
10:34:12.771879 0.359417 0.301742 0.503873 1743622.731037 0.315254
10:34:13.003310 0.231284 0.292935 0.514990 2762731.572273 0.315254
10:34:13.408900 0.405440 0.306998 0.586045 1606313.763022 0.315254
10:34:13.658882 0.249836 0.299853 0.566300 2655950.643397 0.315254
10:34:14.082494 0.423453 0.315303 0.638739 1596020.933252 0.315254
10:34:14.291371 0.208725 0.301980 0.651135 3296816.770817 0.315254
10:34:14.993044 0.340448 0.306789 0.607123 2057335.363151 0.301980
10:34:15.290612 0.297408 0.305616 0.540248 2396385.847912 0.301980
10:34:15.637703 0.346932 0.310781 0.528070 2089724.030001 0.301980
10:34:15.944696 0.306845 0.310289 0.477191 2402775.172937 0.301980
10:34:16.307029 0.362185 0.316776 0.493849 2069572.172116 0.301980
10:34:16.609253 0.302080 0.314939 0.462439 2522034.599609 0.301980
10:34:17.285132 0.209795 0.301796 0.517565 1815715.357014 0.301980
10:34:17.592975 0.307702 0.302534 0.470267 1277911.477847 0.301980
10:34:17.873718 0.280590 0.299791 0.447535 1445183.068126 0.301980
10:34:18.187154 0.313275 0.301477 0.425769 1333626.584428 0.301980
10:34:18.391932 0.204566 0.289363 0.479492 2102402.139271 0.301980
10:34:18.789408 0.397317 0.302857 0.553408 1113388.239001 0.301980
10:34:19.059902 0.270340 0.298792 0.519223 1681792.026754 0.301980
10:34:19.717250 0.311434 0.300373 0.478337 1499336.333511 0.298792
10:34:20.088462 0.371048 0.309207 0.513355 1291563.447465 0.298792
10:34:20.422752 0.334147 0.312325 0.490376 1470969.467362 0.298792
10:34:20.723453 0.300551 0.310853 0.456165 1676281.577875 0.298792
10:34:21.067585 0.343954 0.314990 0.457076 1500479.338816 0.298792
10:34:21.402657 0.334917 0.317481 0.443972 1577657.354218 0.298792
10:34:21.556539 0.153734 0.297013 0.555628 3516932.558561 0.298792
10:34:21.933100 0.376397 0.306936 0.580281 1469087.572576 0.298792
10:34:22.196575 0.263287 0.301480 0.550138 2146888.586490 0.298792
10:34:22.563917 0.366207 0.309571 0.560791 1577075.758615 0.298792
10:34:22.886622 0.322519 0.311189 0.512553 1828803.521804 0.298792
10:34:23.242788 0.356018 0.316793 0.512644 1691240.015087 0.298792
10:34:23.494519 0.251584 0.308642 0.520739 2442128.484798 0.298792
10:34:24.337715 0.313507 0.309250 0.473189 1998959.640222 0.308642
10:34:24.662492 0.324617 0.311171 0.449492 1968400.234957 0.308642
10:34:24.966446 0.303798 0.310249 0.421363 2143740.528728 0.308642
10:34:25.357607 0.391011 0.320344 0.484441 1697016.197866 0.308642
10:34:25.637291 0.279529 0.315242 0.479131 2417780.520253 0.308642
10:34:26.043868 0.406426 0.326640 0.540740 1693119.229714 0.308642
10:34:26.361947 0.317936 0.325552 0.494832 2203009.801476 0.308642
10:34:27.123085 0.281448 0.320039 0.491103 2532276.957314 0.325552
10:34:27.533539 0.410254 0.331316 0.549829 1767178.375206 0.325552
10:34:27.849273 0.312798 0.329001 0.511404 2357048.143723 0.325552
10:34:28.284979 0.435556 0.342321 0.585677 1720944.497879 0.325552
10:34:28.651675 0.366548 0.345349 0.552094 2078461.408719 0.325552
10:34:29.551220 0.346857 0.345538 0.502104 1098228.330259 0.325552
10:34:30.155424 0.283103 0.337733 0.517593 1388950.364373 0.345538
10:34:30.431813 0.276162 0.330037 0.526503 1468354.746074 0.345538
10:34:30.711223 0.279256 0.323689 0.521819 1496089.044740 0.345538
10:34:31.035802 0.324382 0.323776 0.473066 1325844.922458 0.345538
10:34:31.292048 0.255789 0.315278 0.495232 1729425.144145 0.345538
10:34:31.690959 0.398756 0.325712 0.544157 1140185.900556 0.345538
10:34:32.024415 0.333306 0.326662 0.498088 1400947.568127 0.345538
10:34:32.378298 0.353739 0.330046 0.485694 1354761.472605 0.345538
10:34:32.738407 0.359960 0.333785 0.480435 1365485.657907 0.345538
10:34:33.078835 0.340284 0.334598 0.451083 1480551.064548 0.345538
10:34:33.422458 0.343426 0.335701 0.431894 1502786.673996 0.345538
10:34:33.684142 0.261532 0.326430 0.472744 2020341.151777 0.345538
10:34:34.076661 0.392363 0.334672 0.510340 1377989.009041 0.345538
10:34:34.305168 0.228359 0.321383 0.559447 2421450.605226 0.345538
10:34:34.640399 0.335083 0.323095 0.515343 1686889.477596 0.345538
10:34:34.875594 0.235029 0.312087 0.544339 2457296.945620 0.345538
10:34:35.225541 0.349796 0.316801 0.528699 1686195.114675 0.345538
10:34:35.775008 0.360908 0.322314 0.525345 1668325.300377 0.316801
10:34:36.136259 0.361095 0.327162 0.518216 1701491.525227 0.316801
10:34:36.482067 0.345612 0.329468 0.491209 1813270.114936 0.316801
10:34:36.845241 0.363010 0.333661 0.488509 1760216.313101 0.316801
10:34:37.103342 0.257946 0.324196 0.516047 2524807.376862 0.316801
10:34:37.526199 0.422710 0.336511 0.578912 1569757.259727 0.316801
10:34:37.760790 0.234445 0.323752 0.607619 2882724.789425 0.316801
10:34:38.085201 0.324264 0.323816 0.537228 2122122.390679 0.316801
10:34:38.456110 0.370758 0.329684 0.536685 1889145.731171 0.316801
10:34:38.790221 0.333966 0.330219 0.489752 2134061.444018 0.316801
10:34:39.168637 0.378264 0.336225 0.503919 1916629.907061 0.316801
10:34:39.509116 0.340331 0.336738 0.466615 2166362.595368 0.316801
10:34:40.335407 0.392799 0.343746 0.497214 1908273.021842 0.336738
10:34:40.671841 0.336130 0.342794 0.465511 2266552.280539 0.336738
10:34:41.420455 0.282539 0.335262 0.487555 1348232.092472 0.336738
10:34:41.776206 0.355607 0.337805 0.472370 1105759.908432 0.336738
10:34:42.051043 0.274681 0.329915 0.493962 1476273.266715 0.336738
10:34:42.371941 0.320752 0.328769 0.460968 1302539.417265 0.336738
10:34:42.591459 0.219370 0.315094 0.523642 1960524.314990 0.336738
10:34:42.892815 0.301208 0.313358 0.483656 1468646.157203 0.336738
10:34:43.169683 0.276681 0.308774 0.473174 1643250.126175 0.336738
10:34:43.460470 0.290639 0.306507 0.447942 1606610.742629 0.336738
10:34:43.731003 0.270156 0.301963 0.444390 1773909.021255 0.336738
10:34:44.053847 0.322695 0.304555 0.432107 1523171.955927 0.336738
10:34:44.360822 0.306829 0.304839 0.402778 1641983.123946 0.336738
10:34:44.622972 0.261823 0.299462 0.415932 1971164.184967 0.336738
10:34:45.375580 0.345188 0.305178 0.438256 1530713.073368 0.299462
10:34:45.741227 0.365493 0.312717 0.472842 1479294.849662 0.299462
10:34:46.025206 0.283831 0.309106 0.458086 1948200.750155 0.299462
10:34:46.323317 0.297942 0.307711 0.430610 1897175.107283 0.299462
10:34:46.621838 0.298369 0.306543 0.408059 1935643.897035 0.299462
10:34:46.995157 0.373173 0.314872 0.457639 1580564.516951 0.299462
10:34:47.342274 0.346969 0.318884 0.458056 1735348.668652 0.299462
10:34:48.037933 0.435871 0.333507 0.554874 1409590.968047 0.318884
10:34:48.321780 0.283675 0.327278 0.543135 2209176.341235 0.318884
10:34:48.724181 0.402253 0.336650 0.573518 1588493.159676 0.318884
10:34:49.070812 0.346336 0.337861 0.525198 1880439.118223 0.318884
10:34:49.457648 0.386682 0.343964 0.533287 1716014.560923 0.318884
10:34:49.801971 0.344060 0.343976 0.486065 1964308.869677 0.318884
10:34:50.137702 0.335584 0.342927 0.457885 2050539.219044 0.318884
10:34:50.819197 0.385665 0.348269 0.477226 1816125.676908 0.342927
10:34:51.201079 0.381693 0.352447 0.482589 1867218.450966 0.342927
10:34:51.522042 0.320813 0.348493 0.477733 2259858.965320 0.342927
10:34:51.985361 0.463152 0.362825 0.574415 1591875.040214 0.342927
10:34:52.321983 0.336475 0.359531 0.544574 2227708.545497 0.342927
10:34:52.670956 0.348702 0.358178 0.507789 2184834.330595 0.342927
10:34:53.891690 0.336920 0.355520 0.488986 1130618.467399 0.358178
10:34:54.191883 0.300013 0.348582 0.504189 1310663.960729 0.358178
10:34:54.496449 0.304409 0.343060 0.503939 1332102.414516 0.358178
10:34:54.837353 0.340759 0.342773 0.465733 1226062.854614 0.358178
10:34:55.169649 0.332148 0.341445 0.444289 1294845.103591 0.358178
10:34:55.407621 0.237819 0.328491 0.509250 1860102.168724 0.358178
10:34:55.705919 0.298155 0.324699 0.490605 1524897.768766 0.358178
10:34:55.990490 0.284418 0.319664 0.484375 1641753.395597 0.358178
10:34:56.256167 0.265532 0.312898 0.490563 1804799.307662 0.358178
10:34:56.890600 0.336856 0.315892 0.473100 1459140.294039 0.312898
10:34:57.150094 0.259186 0.308804 0.483416 1943808.472624 0.312898
10:34:57.508823 0.358529 0.315020 0.495704 1439481.518031 0.312898
10:34:57.817173 0.308192 0.314166 0.456507 1714463.629190 0.312898
10:34:58.138965 0.321648 0.315101 0.429339 1680943.757075 0.312898
10:34:58.421681 0.282569 0.311035 0.429245 1956901.384548 0.312898
10:34:58.792658 0.370831 0.318509 0.466963 1524273.808291 0.312898
10:34:59.086306 0.293503 0.315384 0.451730 1967734.263070 0.312898
10:34:59.768204 0.296658 0.313043 0.434029 1988228.607603 0.318824
10:35:00.139021 0.370658 0.320245 0.468599 1624440.161276 0.318824
10:35:00.487305 0.348136 0.323731 0.462888 1764827.801352 0.318824
10:35:00.744610 0.257158 0.315410 0.486350 2436976.100619 0.318824
10:35:01.074740 0.329986 0.317232 0.460014 1936373.897324 0.318824
10:35:01.355136 0.280243 0.312608 0.456683 2323926.685397 0.318824
10:35:01.760924 0.405639 0.324237 0.525324 1635818.349057 0.318824
10:35:02.127436 0.366361 0.329502 0.522442 1844738.330046 0.318824
10:35:02.476184 0.348599 0.331889 0.495691 1973981.809355 0.318824
10:35:02.887612 0.411280 0.341813 0.544055 1703015.322295 0.318824
10:35:03.246218 0.358453 0.343893 0.512214 1988277.207068 0.318824
10:35:03.571127 0.324756 0.341501 0.486879 2232419.648085 0.318824
10:35:04.154752 0.285270 0.334472 0.499736 2584496.956248 0.398530
10:35:04.470410 0.315495 0.332100 0.475025 2375847.370910 0.398530
10:35:04.680213 0.209645 0.316793 0.546442 3634028.383712 0.398530
10:35:05.135961 0.455601 0.334144 0.645189 1699171.071126 0.398530
10:35:05.454836 0.318738 0.332218 0.580908 2467330.660946 0.398530
10:35:05.831770 0.376669 0.337775 0.568743 2120481.491064 0.398530
10:35:06.180117 0.348174 0.339075 0.522700 2329319.058027 0.398530
10:35:06.484869 0.304458 0.334748 0.507083 2704135.275910 0.398530
10:35:06.864358 0.379337 0.340321 0.514162 2202748.059329 0.398530
10:35:07.499072 0.469839 0.356511 0.616410 1804600.781615 0.297499
10:35:07.876100 0.376870 0.359056 0.574339 2282377.598291 0.297499
10:35:08.240131 0.363884 0.359659 0.525950 2397599.418304 0.297499
10:35:08.626422 0.386143 0.362970 0.514171 2291213.541943 0.297499
10:35:08.959800 0.333218 0.359251 0.502404 2692002.643996 0.297499
10:35:09.356592 0.396647 0.363925 0.508686 2292496.990877 0.297499
10:35:09.731260 0.374502 0.365247 0.484395 2460866.836774 0.297499
10:35:10.106723 0.375314 0.366506 0.465933 2488284.494573 0.297499
10:35:10.474281 0.367413 0.366619 0.442097 2575237.911429 0.297499
10:35:10.812702 0.338273 0.363076 0.448030 2833403.383837 0.297499
10:35:11.123905 0.311050 0.356573 0.472314 3120887.937196 0.297499
10:35:11.557950 0.433901 0.366239 0.530373 2265585.555002 0.297499
10:35:11.904099 0.346002 0.363709 0.507047 2876655.027202 0.297499
10:35:12.293479 0.389240 0.366900 0.499935 2588675.191315 0.297499
10:35:12.906887 0.411149 0.372432 0.516456 2480618.797748 0.366900
10:35:13.287704 0.380662 0.373460 0.489709 2711571.148387 0.366900
10:35:13.706115 0.418243 0.379058 0.511027 2497303.184982 0.366900
10:35:14.107343 0.401082 0.381811 0.502812 2634792.629838 0.366900
10:35:14.490277 0.382789 0.381933 0.473662 2792806.541016 0.366900
10:35:14.920058 0.429634 0.387896 0.504393 2516896.621047 0.366900
10:35:15.350239 0.430021 0.393162 0.522659 2543205.748006 0.366900
10:35:15.736605 0.386215 0.392293 0.496363 2863482.986129 0.366900
10:35:16.192201 0.455452 0.400188 0.541399 2455161.213729 0.366900
10:35:16.630386 0.438013 0.404916 0.548649 2580965.444354 0.366900
10:35:17.142319 0.511778 0.418274 0.632935 2232968.734201 0.366900
10:35:17.820087 0.478108 0.425753 0.646584 2415921.915079 0.418274
10:35:18.302874 0.482624 0.432862 0.655356 2418777.080076 0.418274
10:35:18.688408 0.385385 0.426927 0.641275 3060961.423411 0.418274
10:35:19.304021 0.615476 0.450496 0.799805 1936608.750264 0.418274
10:35:19.859041 0.554885 0.463545 0.829915 2170223.008468 0.418274
10:35:20.471784 0.612589 0.482175 0.905997 1985853.865225 0.418274
10:35:20.996189 0.524247 0.487434 0.847373 2343933.606779 0.418274
10:35:21.546067 0.549677 0.495214 0.827411 2257849.061251 0.418274
10:35:22.123105 0.576886 0.505423 0.836243 2172658.260566 0.418274
10:35:22.540734 0.417476 0.494430 0.830492 3031705.261020 0.418274
10:35:23.191282 0.505242 0.495781 0.758640 2529385.370855 0.494430
10:35:23.719935 0.528245 0.499839 0.729447 2442503.133642 0.494430
10:35:24.223998 0.503912 0.500348 0.676627 2584832.415693 0.494430
10:35:24.815224 0.591083 0.511690 0.734633 2224418.379959 0.494430
10:35:25.306539 0.491164 0.509125 0.696858 2701957.154133 0.494430
10:35:25.923909 0.617230 0.522638 0.771543 2170004.914602 0.494430
10:35:26.467413 0.543354 0.525227 0.732623 2487659.820973 0.494430
10:35:27.392123 0.589557 0.533268 0.753145 2313547.555676 0.525227
10:35:27.953196 0.560899 0.536722 0.729260 2453661.956586 0.525227
10:35:28.525635 0.572302 0.541170 0.721153 2426243.049987 0.525227
10:35:29.091074 0.565292 0.544185 0.703295 2478067.445996 0.525227
10:35:29.705154 0.613932 0.552903 0.741983 2301753.684919 0.525227
10:35:30.311946 0.606570 0.559612 0.755088 2349948.047662 0.525227
10:35:30.930889 0.618775 0.567007 0.772777 2323455.623595 0.525227
10:35:31.506425 0.575387 0.568055 0.730762 2520015.219991 0.525227
10:35:32.291570 0.540029 0.564551 0.714608 2707765.448776 0.568055
10:35:32.846809 0.555073 0.563367 0.685387 2656515.339998 0.568055
10:35:33.455283 0.608314 0.568985 0.705448 2444211.227713 0.568055
10:35:34.103613 0.648155 0.578881 0.760398 2312928.327597 0.568055
