10:11:47.059100 0.007956 0.007956 0.039780 1544489.288343 0.500000
10:11:47.067533 0.008283 0.007997 0.032192 2967076.799862 0.500000
10:11:47.075206 0.007554 0.007942 0.026531 6506704.652443 0.500000
10:11:47.087100 0.011784 0.008422 0.026206 8342273.351866 0.500000
10:11:47.110177 0.022942 0.010237 0.038095 8569849.008387 0.500000
10:11:47.180138 0.031567 0.012903 0.055127 6228304.324227 0.500000
10:11:47.207405 0.027127 0.014681 0.060573 7700659.422073 0.500000
10:11:47.237310 0.029765 0.016567 0.066069 7431036.869796 0.500000
10:11:47.269688 0.032237 0.018525 0.071323 7242349.373488 0.500000
10:11:47.304629 0.034804 0.020560 0.076437 7061235.869817 0.500000
10:11:47.342136 0.037373 0.022662 0.081382 6904651.610753 0.500000
10:11:47.382232 0.039960 0.024824 0.086163 6765140.456096 0.500000
10:11:47.424888 0.042522 0.027036 0.090738 6646543.166224 0.500000
10:11:47.470037 0.045011 0.029283 0.095034 6551992.061274 0.500000
10:11:47.517814 0.047634 0.031577 0.099241 6449190.347914 0.500000
10:11:47.568121 0.050172 0.033901 0.103245 6367843.090103 0.500000
10:11:47.719619 0.052620 0.036241 0.106967 6305139.027403 0.077157
10:11:47.762351 0.042573 0.037033 0.096409 8081746.664815 0.077157
10:11:47.824419 0.061928 0.040145 0.109572 5754292.167349 0.077157
10:11:47.888352 0.063796 0.043101 0.118823 5778414.778982 0.077157
10:11:47.955780 0.067288 0.046124 0.127103 5661164.577721 0.077157
10:11:48.024857 0.068938 0.048976 0.132524 5703906.461641 0.077157
10:11:48.096237 0.071228 0.051758 0.136670 5693058.932743 0.077157
10:11:48.140369 0.043974 0.050785 0.122252 9500903.582563 0.077157
10:11:48.185650 0.045135 0.050078 0.109329 9528742.614336 0.077157
10:11:48.232411 0.046609 0.049645 0.097552 9491057.802222 0.077157
10:11:48.309254 0.076701 0.053027 0.116013 5927646.832130 0.077157
10:11:48.372304 0.062912 0.054262 0.111388 7422178.506912 0.077157
10:11:48.438020 0.065573 0.055676 0.109831 7308376.429476 0.077157
10:11:48.506224 0.068060 0.057224 0.110224 7221871.416641 0.077157
10:11:48.576996 0.070629 0.058900 0.112054 7133148.493222 0.077157
10:11:48.650344 0.073198 0.060687 0.114851 7050676.733007 0.077157
10:11:48.726279 0.075794 0.062575 0.118306 6971318.687575 0.077157
10:11:48.804720 0.078307 0.064542 0.122071 6904524.475443 0.077157
10:11:48.885735 0.080880 0.066584 0.126069 6836781.296325 0.077157
10:11:48.969339 0.083464 0.068694 0.130188 6772364.470816 0.077157
10:11:49.055447 0.085970 0.070854 0.134250 6717865.565523 0.077157
10:11:49.144140 0.088553 0.073066 0.138313 6660674.770262 0.077157
10:11:49.236726 0.092451 0.075489 0.143809 6512778.988537 0.077157
10:11:49.333228 0.096356 0.078098 0.150204 6376344.195553 0.077157
10:11:49.425575 0.092207 0.079861 0.148051 6796537.205883 0.077157
10:11:49.524530 0.098821 0.082231 0.152333 6465998.993218 0.077157
10:11:49.625957 0.101291 0.084614 0.156250 6429637.162391 0.077157
10:11:49.730735 0.104633 0.087116 0.160862 6341717.459721 0.077157
10:11:49.836560 0.105686 0.089437 0.163317 6394780.760152 0.077157
10:11:49.945863 0.109157 0.091902 0.167032 6304029.650098 0.077157
10:11:50.057675 0.111671 0.094373 0.170489 6272140.326622 0.077157
10:11:50.171822 0.114006 0.096827 0.173547 6251458.120056 0.077157
10:11:50.288626 0.116669 0.099308 0.176689 6214096.078570 0.077157
10:11:50.514383 0.123028 0.102273 0.184029 5992780.185769 0.171460
10:11:50.638912 0.124373 0.105035 0.188453 6026776.280000 0.171460
10:11:50.746765 0.107713 0.105370 0.170611 7073019.158008 0.171460
10:11:50.962363 0.044694 0.097785 0.207392 8523033.362381 0.171460
10:11:51.053629 0.091122 0.096952 0.185821 4315273.805810 0.171460
10:11:51.147468 0.093699 0.096546 0.166451 4327731.281815 0.171460
10:11:51.243851 0.096245 0.096508 0.149238 4340919.331769 0.171460
10:11:51.342740 0.098753 0.096789 0.138581 4355109.281313 0.171460
10:11:51.444211 0.101334 0.097357 0.133246 4365451.142573 0.171460
10:11:51.548272 0.103917 0.098177 0.131654 4375188.947398 0.171460
10:11:51.654961 0.106548 0.099223 0.132702 4382472.587467 0.171460
10:11:51.764038 0.108936 0.100437 0.135259 4399203.990554 0.171460
10:11:51.875729 0.111552 0.101827 0.139058 4406196.211617 0.171460
10:11:51.990014 0.114142 0.103366 0.143604 4413872.720883 0.171460
10:11:52.106871 0.116716 0.105035 0.148564 4421804.656964 0.171460
10:11:52.205140 0.098127 0.104171 0.143726 5384688.391511 0.171460
10:11:52.262060 0.056756 0.098244 0.175326 9526249.442508 0.171460
10:11:52.384833 0.122620 0.101291 0.183478 4509537.784587 0.171460
10:11:52.508522 0.123541 0.104073 0.187962 4575383.605333 0.171460
10:11:52.635574 0.126892 0.106925 0.192661 4551403.368408 0.171460
10:11:52.765269 0.129529 0.109751 0.196657 4553605.779843 0.171460
10:11:52.898472 0.133058 0.112664 0.201151 4525182.086718 0.171460
10:11:53.032094 0.133470 0.115265 0.202436 4603279.620731 0.171460
10:11:53.169445 0.137207 0.118008 0.205328 4567462.718861 0.171460
10:11:53.309281 0.139698 0.120719 0.207900 4573980.080937 0.171460
10:11:53.451757 0.142334 0.123421 0.210422 4575604.363636 0.171460
10:11:53.596824 0.144914 0.126107 0.212851 4578939.258963 0.171460
10:11:53.744224 0.147258 0.128751 0.214960 4589494.637470 0.171460
10:11:53.894351 0.149975 0.131404 0.217284 4588282.835160 0.171460
10:11:54.047152 0.152647 0.134060 0.219713 4588468.266147 0.171460
10:11:54.418805 0.150529 0.136118 0.216827 4734665.324624 0.250072
10:11:54.570925 0.151950 0.138097 0.214461 4771257.391167 0.250072
10:11:54.663051 0.091974 0.132332 0.235728 8016176.741712 0.250072
10:11:54.810554 0.147366 0.134211 0.226792 5086436.229646 0.250072
10:11:54.900154 0.089452 0.128616 0.242811 8516922.586281 0.250072
10:11:55.064679 0.164390 0.133088 0.254508 4709189.060766 0.250072
10:11:55.235181 0.170365 0.137748 0.266090 4616156.844572 0.250072
10:11:55.397561 0.162236 0.140809 0.261554 4923199.054297 0.250072
10:11:55.572114 0.174408 0.145009 0.269167 4650063.017323 0.250072
10:11:55.749504 0.177249 0.149039 0.274398 4644856.727390 0.250072
10:11:55.922741 0.173096 0.152046 0.270122 4827288.222639 0.250072
10:11:56.090739 0.167856 0.154022 0.258390 5051187.393153 0.250072
10:11:56.274079 0.183204 0.157670 0.265127 4695095.643411 0.250072
10:11:56.460037 0.185816 0.161188 0.269928 4695224.131563 0.250072
10:11:56.650139 0.189957 0.164784 0.275108 4657561.709503 0.250072
10:11:57.006684 0.232882 0.173296 0.324137 3851838.750766 0.208610
10:11:57.204402 0.197541 0.176327 0.313702 4603155.836480 0.208610
10:11:57.398208 0.193662 0.178494 0.298860 4758802.486833 0.208610
10:11:57.597777 0.199423 0.181110 0.292314 4682948.556984 0.208610
10:11:57.801400 0.203460 0.183904 0.289657 4650428.102956 0.208610
10:11:58.005472 0.203923 0.186406 0.285740 4700127.308718 0.208610
10:11:58.215606 0.209974 0.189352 0.287420 4623199.855351 0.208610
10:11:58.423285 0.207535 0.191625 0.283359 4736742.550430 0.208610
10:11:58.637705 0.214207 0.194448 0.285830 4646572.272563 0.208610
10:11:58.851419 0.213555 0.196836 0.284480 4718295.238177 0.208610
10:11:59.069718 0.218155 0.199501 0.286553 4675136.640134 0.208610
10:11:59.289743 0.219881 0.202049 0.287717 4694319.786400 0.208610
10:11:59.513261 0.223376 0.204714 0.290294 4675882.069320 0.208610
10:11:59.718171 0.204767 0.204721 0.268958 5160831.862738 0.208610
10:11:59.905006 0.186693 0.202468 0.268673 5726279.338308 0.208610
10:12:00.134408 0.229258 0.205816 0.282261 4716710.932006 0.208610
10:12:00.366394 0.231842 0.209070 0.292429 4717142.737396 0.208610
10:12:00.600926 0.234390 0.212235 0.300075 4718289.619379 0.208610
10:12:01.016023 0.275393 0.220129 0.349168 4060408.081186 0.260048
10:12:01.255408 0.239236 0.222518 0.338403 4725445.069087 0.260048
10:12:01.420006 0.164457 0.215260 0.360235 6948828.113096 0.260048
10:12:01.664774 0.244617 0.218930 0.357018 4721961.553422 0.260048
10:12:01.866881 0.201972 0.216810 0.337334 5779810.841097 0.260048
10:12:02.116793 0.249773 0.220930 0.344286 4722879.892969 0.260048
10:12:02.369310 0.252374 0.224861 0.348821 4722896.624426 0.260048
10:12:02.624181 0.254735 0.228595 0.351439 4727359.935547 0.260048
10:12:02.926936 0.302617 0.237848 0.404003 4019971.469893 0.260048
10:12:03.129445 0.202366 0.233413 0.393511 6072162.862445 0.260048
10:12:03.391974 0.262390 0.237035 0.386086 4729933.889742 0.260048
10:12:03.657178 0.265072 0.240539 0.380365 4728438.386231 0.260048
10:12:03.924959 0.267655 0.243929 0.375913 4728716.044218 0.260048
10:12:04.387572 0.277969 0.248184 0.381213 4597460.290241 0.297198
10:12:04.658680 0.270948 0.251029 0.373565 4761948.115920 0.297198
10:12:04.934988 0.276171 0.254172 0.371215 4716382.770687 0.297198
10:12:05.213596 0.278448 0.257207 0.369265 4721946.757255 0.297198
10:12:05.491903 0.278159 0.259826 0.364822 4771028.304703 0.297198
10:12:05.777557 0.285502 0.263035 0.367458 4691358.386321 0.297198
10:12:06.062475 0.284766 0.265752 0.365800 4746634.765484 0.297198
10:12:06.349775 0.287150 0.268426 0.364861 4750020.706075 0.297198
10:12:06.640614 0.290696 0.271210 0.365806 4734349.445875 0.297198
10:12:06.849389 0.208629 0.263387 0.396915 6655569.037962 0.297198
10:12:07.144484 0.294938 0.267331 0.399027 4749583.698860 0.297198
10:12:07.442852 0.298236 0.271194 0.400871 4738258.882638 0.297198
10:12:07.743885 0.300891 0.274906 0.401861 4737291.467410 0.297198
10:12:08.209332 0.300799 0.278143 0.399252 4779588.269886 0.334348
10:12:08.516391 0.306909 0.281739 0.401336 4724474.035079 0.334348
10:12:08.825053 0.308519 0.285086 0.401565 4739651.488683 0.334348
10:12:09.135393 0.310202 0.288226 0.400700 4753545.822815 0.334348
10:12:09.449223 0.313690 0.291409 0.401229 4739861.393521 0.334348
10:12:09.767991 0.318599 0.294808 0.404363 4705401.044633 0.334348
10:12:10.085416 0.317281 0.297617 0.402257 4763676.245983 0.334348
10:12:10.406939 0.321378 0.300587 0.402828 4741183.388230 0.334348
10:12:10.708443 0.301374 0.300685 0.378153 5096658.009864 0.334348
10:12:10.991648 0.283008 0.298476 0.374254 5470825.773703 0.334348
10:12:11.280367 0.288570 0.297237 0.363977 5407960.301684 0.334348
10:12:11.607261 0.326640 0.300913 0.380370 4815280.977218 0.334348
10:12:12.132273 0.291545 0.299742 0.368702 5437076.493348 0.368640
10:12:12.467379 0.334957 0.304144 0.391080 4769088.015306 0.368640
10:12:12.758223 0.290661 0.302458 0.381143 5538165.717331 0.368640
10:12:13.100140 0.341771 0.307372 0.405698 4745916.226097 0.368640
10:12:13.446296 0.346012 0.312202 0.424586 4723259.831098 0.368640
10:12:13.831880 0.385440 0.321357 0.478883 4271978.842688 0.368640
10:12:14.184039 0.352016 0.325189 0.473993 4712513.440590 0.368640
10:12:14.516578 0.332403 0.326091 0.444907 5027533.084975 0.368640
10:12:14.849506 0.332770 0.326926 0.422717 5058915.910943 0.368640
10:12:15.192022 0.342373 0.328857 0.416147 4952912.007432 0.368640
10:12:15.747678 0.368771 0.333846 0.439228 4631686.458681 0.397217
10:12:16.107896 0.360051 0.337122 0.442363 4777987.726684 0.397217
10:12:16.470171 0.362128 0.340248 0.444185 4784517.925986 0.397217
10:12:16.856710 0.386395 0.346016 0.470116 4515835.094378 0.397217
10:12:17.622309 0.294812 0.339616 0.483895 2959337.158706 0.397217
10:12:17.916534 0.294078 0.333923 0.487670 3008509.243768 0.397217
10:12:18.171510 0.254810 0.324034 0.518458 3520362.882744 0.397217
10:12:18.354483 0.182790 0.306379 0.593440 4974625.505719 0.397217
10:12:18.574106 0.219475 0.295516 0.597716 4199110.924941 0.397217
10:12:18.849633 0.275375 0.292998 0.539789 3391333.182643 0.397217
10:12:19.151465 0.301683 0.294084 0.487862 3136325.745054 0.397217
10:12:19.464339 0.312721 0.296413 0.460384 3064917.153057 0.397217
10:12:19.781789 0.317249 0.299018 0.442832 3059905.050587 0.397217
10:12:20.040469 0.258537 0.293958 0.442299 3802317.635153 0.397217
10:12:20.479851 0.317205 0.296864 0.431367 3137804.895101 0.293958
10:12:20.818367 0.338356 0.302050 0.444420 2977975.700737 0.293958
10:12:21.164999 0.346483 0.307604 0.458814 2943590.372520 0.293958
10:12:21.518500 0.353356 0.313323 0.472483 2921109.704631 0.293958
10:12:21.881294 0.362651 0.319489 0.488186 2880125.439441 0.293958
10:12:22.251693 0.370248 0.325834 0.503116 2854216.021858 0.293958
10:12:22.626277 0.374440 0.331910 0.513477 2855079.930484 0.293958
10:12:22.961642 0.335187 0.332319 0.471772 3226092.105261 0.293958
10:12:23.269467 0.307672 0.329239 0.458475 3554538.324896 0.293958
10:12:23.622548 0.352938 0.332201 0.452828 3133468.762471 0.293958
10:12:23.940862 0.318160 0.330446 0.434957 3514608.371350 0.293958
10:12:24.266771 0.325764 0.329861 0.412926 3470292.007105 0.293958
10:12:24.591248 0.324333 0.329170 0.396996 3523487.672555 0.293958
10:12:24.934210 0.342817 0.330876 0.395393 3369356.169222 0.293958
10:12:25.278635 0.344270 0.332550 0.394332 3390827.056628 0.293958
10:12:25.553146 0.274364 0.325277 0.429799 4299572.914904 0.293958
10:12:26.174066 0.336687 0.326703 0.416505 3540191.728417 0.325277
10:12:26.751944 0.161060 0.305998 0.538992 3738436.214977 0.325277
10:12:26.950016 0.197920 0.292488 0.575311 3104286.981410 0.325277
10:12:27.153033 0.202868 0.281285 0.583023 3089141.939795 0.325277
10:12:27.347697 0.194522 0.270440 0.583507 3284853.720264 0.325277
10:12:27.554786 0.206942 0.262503 0.560801 3147087.077487 0.325277
10:12:27.768110 0.213179 0.256337 0.529384 3112653.662479 0.325277
10:12:27.984749 0.216495 0.251357 0.495985 3121737.816254 0.325277
10:12:28.206487 0.221593 0.247636 0.460871 3105370.209324 0.325277
10:12:28.429792 0.223155 0.244576 0.428984 3138697.013252 0.325277
10:12:28.656662 0.226726 0.242345 0.398501 3143458.741623 0.325277
10:12:28.848479 0.191667 0.236010 0.403805 3782563.506029 0.325277
10:12:29.042086 0.193462 0.230692 0.399086 3810983.036437 0.325277
10:12:29.239999 0.197771 0.226577 0.385793 3790079.059341 0.325277
10:12:29.441199 0.201055 0.223386 0.368320 3789295.040495 0.325277
10:12:29.934842 0.263844 0.228444 0.377602 2934097.274255 0.223386
10:12:30.071921 0.136929 0.217004 0.420387 5743354.569959 0.223386
10:12:30.290840 0.218790 0.217227 0.371551 3650622.979540 0.223386
10:12:30.567984 0.277013 0.224701 0.400229 2927688.643834 0.223386
10:12:30.857156 0.289033 0.232742 0.428720 2848450.460767 0.223386
10:12:31.145337 0.288037 0.239654 0.441933 2900960.019150 0.223386
10:12:31.453730 0.308251 0.248229 0.468535 2750588.345329 0.223386
10:12:31.718971 0.265101 0.250338 0.432439 3244650.691187 0.223386
10:12:32.050002 0.330884 0.260406 0.477529 2636718.769323 0.223386
10:12:32.390122 0.339985 0.270353 0.512774 2602280.325206 0.223386
10:12:32.745960 0.355665 0.281017 0.548145 2522103.888406 0.223386
10:12:33.107336 0.361235 0.291045 0.571608 2517231.838905 0.223386
10:12:33.423054 0.315575 0.294111 0.529063 2920384.496724 0.223386
10:12:34.073619 0.306863 0.295705 0.484671 3043340.233173 0.294111
10:12:34.401661 0.327883 0.299727 0.473630 2885712.236258 0.294111
10:12:34.730069 0.328222 0.303289 0.462211 2920169.561509 0.294111
10:12:35.066262 0.336037 0.307382 0.459322 2888823.375923 0.294111
10:12:35.409784 0.343337 0.311877 0.461786 2863194.219237 0.294111
10:12:35.683689 0.273746 0.307110 0.457673 3635954.316778 0.294111
10:12:35.961685 0.277790 0.303445 0.445688 3627257.092103 0.294111
10:12:36.230893 0.269048 0.299146 0.440225 3790788.605461 0.294111
10:12:36.520246 0.289210 0.297904 0.413649 3569007.162510 0.294111
10:12:36.827651 0.307152 0.299060 0.395117 3400533.608882 0.294111
10:12:37.121320 0.293508 0.298366 0.375960 3600473.615035 0.294111
10:12:37.427177 0.305713 0.299284 0.364827 3496927.561896 0.294111
10:12:37.725890 0.298554 0.299193 0.349080 3621935.531318 0.294111
10:12:38.689513 0.460960 0.319414 0.518596 1172925.686256 0.299193
10:12:38.947709 0.258025 0.311740 0.522516 2143046.747512 0.299193
10:12:39.270279 0.322418 0.313075 0.481834 1753152.878420 0.299193
10:12:39.474134 0.203710 0.299404 0.535339 2835087.995094 0.299193
10:12:39.795719 0.321426 0.302157 0.501129 1835023.166792 0.299193
10:12:39.998247 0.202370 0.289684 0.538700 2975300.211413 0.299193
10:12:40.318394 0.319996 0.293473 0.510547 1920023.289009 0.299193
10:12:40.485563 0.167021 0.277666 0.566924 3752150.115057 0.299193
10:12:40.831081 0.345371 0.286129 0.570777 1850114.761657 0.299193
10:12:41.049042 0.217810 0.277589 0.559395 2990056.712421 0.299193
10:12:41.373518 0.323695 0.283353 0.540812 2049930.070015 0.299193
10:12:41.672161 0.298497 0.285246 0.493485 2264143.649543 0.299193
10:12:41.967277 0.294959 0.286460 0.452352 2332962.875804 0.299193
10:12:42.270859 0.303438 0.288582 0.429980 2308267.651072 0.299193
10:12:42.555609 0.284558 0.288079 0.398151 2504599.608065 0.299193
10:12:43.199656 0.280247 0.287100 0.377486 2586975.310175 0.288079
10:12:43.513558 0.313719 0.290427 0.384836 2350128.362125 0.288079
10:12:43.752575 0.238866 0.283982 0.406350 3138025.985896 0.288079
10:12:44.082216 0.329495 0.289671 0.426960 2312193.229984 0.288079
10:12:44.705916 0.195650 0.277919 0.474906 1946985.964339 0.288079
10:12:44.902682 0.196615 0.267756 0.496800 1999928.991193 0.288079
10:12:45.123163 0.220345 0.261829 0.481023 1840313.883466 0.288079
10:12:45.350648 0.227339 0.257518 0.456404 1837748.675466 0.288079
10:12:45.636293 0.285499 0.261016 0.438161 1506414.577668 0.288079
10:12:45.872554 0.236118 0.257904 0.415660 1873503.305264 0.288079
10:12:46.165362 0.292659 0.262248 0.415321 1553536.032117 0.288079
10:12:46.410334 0.244761 0.260062 0.392354 1907754.988765 0.288079
10:12:46.648936 0.238445 0.257360 0.378196 2009821.604330 0.288079
10:12:47.387757 0.287046 0.261071 0.381383 1712339.053422 0.257360
10:12:47.584991 0.197072 0.253071 0.407304 2556466.294408 0.257360
10:12:47.951910 0.366771 0.267283 0.496658 1407134.218038 0.257360
10:12:48.137299 0.185243 0.257028 0.511100 2852384.759591 0.257360
10:12:48.509971 0.372523 0.271465 0.577514 1451378.570721 0.257360
10:12:48.732044 0.221916 0.265272 0.544357 2491754.082144 0.257360
10:12:49.103671 0.371476 0.278547 0.594066 1521626.528090 0.257360
10:12:49.286861 0.183046 0.266609 0.598750 3155139.563405 0.257360
10:12:49.568761 0.281760 0.268503 0.532759 2093356.216049 0.257360
10:12:50.091626 0.258027 0.267194 0.475862 2333524.698287 0.268503
10:12:50.357888 0.266099 0.267057 0.424653 2308915.310098 0.268503
10:12:50.568523 0.210488 0.259986 0.434751 2977308.724974 0.268503
10:12:50.883261 0.314572 0.266809 0.452470 2031254.546691 0.268503
10:12:51.100961 0.217544 0.260651 0.449161 2993710.532191 0.268503
10:12:51.385518 0.284407 0.263620 0.428759 2333105.992848 0.268503
10:12:51.620078 0.234360 0.259963 0.413078 2883768.811844 0.268503
10:12:51.965409 0.345175 0.270614 0.470663 1993562.524762 0.268503
10:12:52.198843 0.233289 0.265949 0.453310 3002353.260872 0.268503
10:12:52.470974 0.271862 0.266688 0.413122 2621565.063437 0.268503
10:12:52.780651 0.309505 0.272040 0.424683 2342424.300869 0.268503
10:12:53.273584 0.243720 0.268500 0.411302 3025110.104829 0.272040
10:12:53.586540 0.312789 0.274036 0.425427 2396401.689014 0.272040
10:12:53.885197 0.298514 0.277096 0.415117 2552160.615613 0.272040
10:12:54.523121 0.222211 0.270235 0.428636 1714263.464424 0.272040
10:12:54.862528 0.339249 0.278862 0.466676 1159078.202015 0.272040
10:12:55.053779 0.191098 0.267891 0.496516 2121969.112821 0.272040
10:12:55.399966 0.346037 0.277660 0.527274 1207362.528985 0.272040
10:12:55.656722 0.256609 0.275028 0.483289 1676013.163962 0.272040
10:12:56.023743 0.366882 0.286510 0.534559 1205750.579259 0.272040
10:12:56.274939 0.251051 0.282078 0.503574 1811010.879011 0.272040
10:12:56.549979 0.274891 0.281179 0.454488 1698652.085539 0.272040
10:12:56.865882 0.315747 0.285500 0.450050 1517772.031578 0.272040
10:12:57.105815 0.239760 0.279783 0.448935 2050050.716748 0.272040
10:12:57.431647 0.325669 0.285519 0.458269 1546993.795280 0.272040
10:12:57.967673 0.274832 0.284183 0.424432 1877859.858808 0.285519
10:12:58.289414 0.321580 0.288857 0.431442 1643087.598151 0.285519
10:12:58.551310 0.261748 0.285469 0.419516 2065619.771980 0.285519
10:12:58.865922 0.314467 0.289093 0.418627 1758404.163734 0.285519
10:12:59.132760 0.266690 0.286293 0.405847 2119494.418715 0.285519
10:12:59.418403 0.285498 0.286194 0.376654 2022908.022317 0.285519
10:12:59.629542 0.210987 0.276793 0.419845 2795545.438464 0.285519
10:12:59.957353 0.327663 0.283152 0.441311 1837595.643838 0.285519
10:13:00.184663 0.227164 0.276153 0.450760 2704653.548350 0.285519
10:13:00.515096 0.330281 0.282919 0.468002 1897440.106859 0.285519
10:13:00.750834 0.235595 0.277004 0.463140 2712179.939730 0.285519
10:13:01.094747 0.343712 0.285342 0.491653 1894795.138746 0.285519
10:13:01.296783 0.201705 0.274888 0.513257 3289711.633046 0.285519
10:13:01.848870 0.232034 0.269531 0.491162 2912676.992543 0.274888
10:13:02.186727 0.337694 0.278051 0.512438 2037725.448119 0.274888
10:13:02.450234 0.263248 0.276201 0.466794 2660670.122560 0.274888
10:13:02.805349 0.354968 0.286047 0.507759 2007797.484502 0.274888
10:13:03.039123 0.233631 0.279495 0.498195 3103148.058584 0.274888
10:13:03.409958 0.370661 0.290891 0.546082 1989095.048207 0.274888
10:13:03.636838 0.226733 0.282871 0.538422 3305950.618328 0.274888
10:13:03.934447 0.297462 0.284695 0.490949 2561187.763375 0.274888
10:13:04.646385 0.218432 0.276412 0.497365 1743920.706978 0.274888
10:13:04.877458 0.230596 0.270685 0.482216 1705215.564330 0.274888
10:13:05.354290 0.271813 0.270826 0.430602 1491848.329279 0.270685
10:13:05.594957 0.240464 0.267031 0.417225 1737441.149149 0.270685
10:13:05.848848 0.253738 0.265369 0.391308 1694977.199353 0.270685
10:13:06.164440 0.315432 0.271627 0.416144 1402419.220201 0.270685
10:13:06.423821 0.259223 0.270076 0.390868 1753918.547012 0.270685
10:13:06.706763 0.282798 0.271667 0.374982 1651157.060565 0.270685
10:13:06.964629 0.257725 0.269924 0.361352 1859470.362948 0.270685
10:13:07.291038 0.326264 0.276966 0.401878 1506510.506105 0.270685
10:13:07.573313 0.282131 0.277612 0.376460 1785723.927578 0.270685
10:13:07.916400 0.342932 0.285777 0.425233 1504951.481015 0.270685
10:13:08.206102 0.289554 0.286249 0.394618 1824819.490132 0.270685
10:13:08.562456 0.356181 0.294991 0.446199 1517969.179513 0.270685
10:13:08.863778 0.301167 0.295763 0.415346 1836057.666757 0.270685
10:13:09.150883 0.286957 0.294662 0.393155 1969800.178128 0.270685
10:13:09.431885 0.280855 0.292936 0.380613 2056349.798041 0.270685
10:13:09.901097 0.299478 0.293754 0.366053 1969506.586643 0.292936
10:13:10.105496 0.204238 0.282564 0.426305 2948087.427986 0.292936
10:13:10.368658 0.263016 0.280121 0.407474 2335979.689059 0.292936
10:13:10.630105 0.261298 0.277768 0.392106 2398363.436346 0.292936
10:13:10.896132 0.265856 0.276279 0.373944 2403466.288731 0.292936
10:13:11.199491 0.303209 0.279645 0.379824 2147904.110361 0.292936
10:13:11.465466 0.265816 0.277917 0.366880 2496283.394137 0.292936
10:13:11.771977 0.306365 0.281473 0.376644 2205996.021255 0.292936
10:13:12.322397 0.326318 0.287078 0.403302 2108764.904292 0.281473
10:13:12.638111 0.315515 0.290633 0.406237 2219914.861330 0.281473
10:13:12.873867 0.235611 0.283755 0.425480 3024918.680396 0.281473
10:13:13.200472 0.326458 0.289093 0.438090 2220782.000818 0.281473
10:13:13.503931 0.303318 0.290871 0.416844 2430716.088187 0.281473
10:13:13.835819 0.331744 0.295980 0.431332 2259477.489550 0.281473
10:13:14.107044 0.271082 0.292868 0.419280 2810427.148834 0.281473
10:13:14.681523 0.146302 0.274547 0.515923 2603710.404576 0.281473
10:13:14.987560 0.305880 0.278464 0.490828 1285524.443736 0.281473
10:13:15.137602 0.149898 0.262393 0.550232 2705198.593353 0.281473
10:13:15.650969 0.218273 0.256878 0.516877 1914080.736784 0.262393
10:13:15.967482 0.316352 0.264312 0.518786 1359497.726104 0.262393
10:13:16.207714 0.240068 0.261282 0.476381 1842678.223919 0.262393
10:13:16.439934 0.232070 0.257630 0.448167 1959133.280415 0.262393
10:13:16.710660 0.270577 0.259249 0.415098 1725734.558285 0.262393
10:13:17.014793 0.303957 0.264837 0.426432 1576644.140135 0.262393
10:13:17.253857 0.238917 0.261597 0.408714 2057284.577313 0.262393
10:13:17.556584 0.302581 0.266720 0.418042 1665034.752219 0.262393
10:13:17.768105 0.211377 0.259802 0.428636 2441588.482916 0.262393
10:13:18.083303 0.315050 0.266708 0.448581 1677143.913711 0.262393
10:13:18.317790 0.234339 0.262662 0.431436 2307221.601104 0.262393
10:13:18.638902 0.320968 0.269950 0.454837 1722789.033313 0.262393
10:13:18.867793 0.228744 0.264800 0.444671 2471093.999712 0.262393
10:13:19.236752 0.368743 0.277792 0.516639 1566229.296753 0.262393
10:13:19.669194 0.151593 0.262018 0.567352 3890840.059475 0.277792
10:13:20.001931 0.332571 0.270837 0.570391 1810476.398410 0.277792
10:13:20.251039 0.248965 0.268103 0.514640 2467816.514099 0.277792
10:13:20.586909 0.335725 0.276555 0.529081 1866671.579903 0.277792
10:13:20.840188 0.253126 0.273627 0.486450 2524338.216787 0.277792
10:13:21.117053 0.276720 0.274013 0.436724 2353514.203936 0.277792
10:13:21.357045 0.239846 0.269743 0.425943 2766575.321359 0.277792
10:13:21.668624 0.311426 0.274953 0.433787 2170145.225108 0.277792
10:13:21.903187 0.234416 0.269886 0.429548 2935499.183200 0.277792
10:13:22.263898 0.360564 0.281221 0.491646 1942556.696498 0.277792
10:13:22.549837 0.285792 0.281792 0.444182 2493784.709936 0.277792
10:13:23.138883 0.308443 0.285123 0.433567 2350488.864198 0.281792
10:13:23.465059 0.326014 0.290235 0.442458 2261497.681823 0.281792
10:13:23.665520 0.200087 0.278966 0.483281 3746209.079166 0.281792
10:13:23.999678 0.334014 0.285847 0.494131 2280910.798215 0.281792
10:13:24.464145 0.463134 0.308008 0.641508 1671533.326869 0.281792
10:13:24.938501 0.474196 0.328782 0.745094 1658453.616244 0.281792
10:13:25.439689 0.501042 0.350314 0.834809 1594117.452381 0.281792
10:13:25.928305 0.488448 0.367581 0.869086 1660376.872374 0.281792
10:13:26.501123 0.572663 0.393216 0.974427 1437662.715935 0.281792
10:13:26.989052 0.487756 0.405034 0.935482 1713118.805794 0.281792
10:13:27.553473 0.564280 0.424939 0.982022 1502573.737309 0.281792
10:13:28.450601 0.572481 0.443382 1.008736 1502512.339303 0.424939
10:13:28.950878 0.499978 0.450457 0.931068 1744972.550233 0.424939
10:13:29.439577 0.488532 0.455216 0.853750 1811009.063579 0.424939
10:13:30.115633 0.675868 0.482798 1.002350 1327217.673263 0.424939
10:13:30.663464 0.547658 0.490905 0.945430 1660364.781366 0.424939
10:13:31.216151 0.550661 0.498375 0.899024 1673624.706188 0.424939
10:13:31.721027 0.504727 0.499169 0.806008 1850282.961688 0.424939
10:13:32.579889 0.590172 0.510544 0.831677 1603220.613682 0.499169
10:13:33.106580 0.526507 0.512539 0.769352 1820419.760016 0.499169
10:13:33.683997 0.577244 0.520628 0.777942 1681701.199316 0.499169
10:13:34.220792 0.536647 0.522630 0.731635 1831818.403784 0.499169
10:13:34.803809 0.582867 0.530160 0.747150 1707641.981114 0.499169
10:13:35.328196 0.524187 0.529413 0.698129 1922244.982836 0.499169
10:13:35.918768 0.590296 0.537023 0.724443 1727783.939057 0.499169
10:13:36.560033 0.640898 0.550008 0.794447 1610540.237723 0.499169
10:13:37.516637 0.659072 0.563641 0.856035 1584773.356013 0.550008
10:13:38.127104 0.610115 0.569450 0.835220 1732079.872150 0.550008
10:13:38.747317 0.620062 0.575777 0.825716 1724111.809087 0.550008
10:13:39.414641 0.663083 0.586690 0.861450 1630782.668371 0.550008
10:13:40.137974 0.723180 0.603751 0.946312 1512254.592827 0.550008
10:13:40.783382 0.645262 0.608940 0.907371 1713908.451067 0.550008
10:13:41.437692 0.654165 0.614593 0.883642 1709366.825693 0.550008
10:13:42.437409 0.591070 0.611653 0.836962 1912626.458743 0.614593
10:13:43.032708 0.595123 0.609586 0.795098 1920248.249523 0.614593
10:13:43.664837 0.631977 0.612385 0.773909 1827712.538858 0.614593
10:13:44.313051 0.648058 0.616844 0.773660 1801320.425583 0.614593
10:13:45.452158 0.754508 0.634052 0.889328 1563466.485559 0.616844
10:13:46.328734 0.876421 0.664348 1.098174 1360003.964265 0.616844
10:13:47.280150 0.951249 0.700211 1.312481 1265939.669604 0.616844
10:13:48.070651 0.790064 0.711443 1.260498 1539763.679257 0.616844
10:13:49.192554 0.815987 0.724511 1.240846 1505906.580838 0.711443
10:13:50.144974 0.952254 0.752979 1.367974 1303316.054122 0.711443
10:13:51.093656 0.948488 0.777417 1.434173 1321446.348179 0.711443
10:13:52.722290 0.957751 0.799959 1.472860 1321495.830164 0.777417
10:13:53.615651 0.893162 0.811609 1.409488 1430817.682220 0.777417
10:13:54.293295 0.677485 0.794844 1.377377 1904455.479653 0.777417
10:13:55.149431 0.855985 0.802486 1.300528 1521671.655769 0.777417
10:13:56.249372 0.883420 0.812603 1.267067 1488324.935003 0.802486
10:13:56.883527 0.633951 0.790272 1.309772 2093385.935757 0.802486
10:13:57.716530 0.832841 0.795593 1.227788 1608220.231762 0.802486
10:13:58.465289 0.748614 0.789720 1.160846 1805577.105207 0.802486
10:13:59.633825 0.799711 0.790969 1.079304 1705576.162844 0.789720
10:14:00.566722 0.932736 0.808690 1.166708 1475504.072238 0.789720
10:14:01.398327 0.831450 0.811535 1.102808 1670027.090274 0.789720
10:14:03.097268 1.043706 0.840556 1.291182 1342170.841406 0.811535
10:14:04.165823 1.068392 0.869036 1.434841 1322660.549014 0.811535
10:14:06.029251 0.815320 0.862321 1.340391 1748280.397705 1.187840
10:14:06.880899 0.851479 0.860966 1.230361 1688469.016466 1.187840
10:14:07.803818 0.922774 0.868692 1.207546 1571331.528471 1.187840
10:14:08.997170 0.899838 0.872585 1.157872 1625039.226571 1.218560
10:14:09.903381 0.906058 0.876769 1.124207 1627445.780666 1.218560
10:14:10.814228 0.910701 0.881011 1.100520 1632641.163768 1.218560
10:14:12.113049 0.975231 0.892788 1.151641 1537210.914817 1.249280
10:14:13.021525 0.908310 0.894729 1.104389 1663995.888656 1.249280
10:14:14.037551 1.015880 0.909873 1.188270 1499893.528952 1.249280
10:14:15.365571 1.070995 0.930013 1.299933 1434180.241265 1.280000
10:14:16.380747 1.015011 0.940638 1.303076 1525390.615088 1.280000
10:14:17.376484 0.995364 0.947478 1.274033 1567844.604837 1.280000
10:14:18.753012 0.990702 0.952881 1.241021 1587625.500181 1.310720
10:14:19.728855 0.975680 0.955731 1.194635 1624664.033315 1.310720
10:14:21.768917 0.571282 0.907675 1.471302 1398118.254336 0.665600
10:14:22.263066 0.493998 0.855965 1.692362 1641723.077384 0.665600
10:14:22.834966 0.571754 0.820439 1.731948 1439948.003213 0.665600
10:14:23.404118 0.569007 0.789010 1.724074 1468494.706686 0.665600
10:14:23.979836 0.575563 0.762329 1.677074 1473117.743563 0.665600
10:14:24.563363 0.583379 0.739960 1.604969 1474444.495655 0.665600
10:14:25.470019 0.619992 0.724964 1.493689 1407192.310591 0.727040
10:14:26.166825 0.696647 0.721425 1.326286 1269991.962127 0.727040
10:14:26.800213 0.633227 0.710400 1.252244 1416591.809960 0.727040
10:14:27.445015 0.644654 0.702182 1.174310 1410542.631907 0.727040
10:14:28.111322 0.666157 0.697679 1.087800 1383457.638387 0.727040
10:14:29.300325 0.439904 0.665457 1.215822 2122936.036191 0.778240
10:14:30.004466 0.703983 0.670273 1.121573 1344032.324615 0.778240
10:14:30.601427 0.596815 0.661090 1.073023 1605965.345099 0.778240
10:14:31.209611 0.608035 0.654458 1.016464 1596540.068929 0.778240
10:14:31.799906 0.590144 0.646419 0.982237 1665762.488126 0.778240
10:14:32.677314 0.548796 0.634216 0.983703 1813657.737219 0.829440
10:14:33.365115 0.687630 0.640893 0.956422 1465346.320939 0.829440
10:14:34.025599 0.660312 0.643320 0.899386 1544578.515216 0.829440
10:14:34.544481 0.518733 0.627747 0.944384 1989832.825472 0.829440
10:14:35.170563 0.625929 0.627520 0.866815 1668687.985812 0.829440
10:14:36.034019 0.592328 0.623121 0.837784 1784092.381703 0.880640
10:14:36.652022 0.617849 0.622462 0.788731 1730287.205299 0.880640
10:14:37.260969 0.608795 0.620753 0.759122 1776203.328087 0.880640
10:14:37.899826 0.638704 0.622997 0.744724 1712267.815636 0.880640
10:14:38.879128 0.666055 0.628379 0.762732 1660403.509719 0.921600
10:14:39.513351 0.634055 0.629089 0.735529 1763582.303966 0.921600
10:14:40.136160 0.622666 0.628286 0.714539 1815573.326905 0.921600
10:14:40.726644 0.590334 0.623542 0.726184 1935826.360776 0.921600
10:14:41.619651 0.650030 0.626853 0.730322 1776951.460920 0.962560
10:14:42.261661 0.641837 0.628726 0.721312 1818779.194164 0.962560
