10:13:28.015454 0.228532 0.228532 1.142660 53769.257346 0.500000
10:13:28.351956 0.336294 0.242002 1.035361 73078.875240 0.500000
10:13:28.571130 0.219035 0.239131 0.857118 224402.584751 0.500000
10:13:28.879486 0.308196 0.247764 0.780319 318966.029469 0.500000
10:13:29.117550 0.237917 0.246534 0.655797 826372.408379 0.500000
10:13:29.432656 0.314953 0.255086 0.630453 1248491.637949 0.500000
10:13:30.330694 0.262140 0.255968 0.544547 1500022.684654 0.500000
10:13:30.611076 0.280022 0.258974 0.499463 1448115.277618 0.500000
10:13:30.836488 0.225237 0.254757 0.468861 1854898.426049 0.500000
10:13:31.195694 0.359052 0.267794 0.532667 1197820.323804 0.500000
10:13:31.372480 0.176628 0.256398 0.546219 2504519.751296 0.500000
10:13:32.300998 0.284088 0.259860 0.504915 1600404.748953 0.256398
10:13:32.625450 0.324275 0.267912 0.516118 1439962.919839 0.256398
10:13:33.337248 0.388393 0.282972 0.589609 1233883.715815 0.267912
10:13:33.659662 0.322209 0.287876 0.557091 1525468.926237 0.267912
10:13:33.901604 0.241790 0.282116 0.530113 2083658.889279 0.267912
10:13:34.198365 0.296421 0.283904 0.484207 1741090.918525 0.267912
10:13:34.487240 0.288536 0.284483 0.439343 1831259.548768 0.267912
10:13:35.251908 0.232675 0.278007 0.445960 2323723.556487 0.284483
10:13:35.585879 0.333806 0.284982 0.466746 1656530.850892 0.284483
10:13:35.839418 0.253388 0.281032 0.448949 2230761.364369 0.284483
10:13:36.178931 0.339346 0.288322 0.472573 1701909.307074 0.284483
10:13:36.468302 0.289086 0.288417 0.427370 2040307.297479 0.284483
10:13:36.738874 0.270425 0.286168 0.408375 2226539.037023 0.284483
10:13:37.006436 0.267410 0.283823 0.394237 2297597.158340 0.284483
10:13:37.389323 0.382733 0.296187 0.477907 1637402.119575 0.284483
10:13:38.037393 0.371518 0.305603 0.517224 1719906.378018 0.532480
10:13:38.329214 0.291651 0.303859 0.476527 2233025.007710 0.532480
10:13:38.632973 0.303610 0.303828 0.433578 2185540.038469 0.532480
10:13:39.014125 0.380997 0.313474 0.487956 1773871.392788 0.532480
10:13:39.354327 0.340054 0.316797 0.474238 2023584.280134 0.532480
10:13:39.687708 0.333233 0.318851 0.453368 2101879.921430 0.532480
10:13:40.060411 0.372539 0.325562 0.480137 1913100.032585 0.532480
10:13:41.104635 0.302596 0.322691 0.461589 2395908.572052 0.391888
10:13:41.517729 0.412909 0.333969 0.528360 1785574.896164 0.391888
10:13:41.885246 0.367379 0.338145 0.517349 2040311.545637 0.391888
10:13:42.330034 0.444639 0.351457 0.592353 1713426.072977 0.391888
10:13:43.065062 0.142257 0.325307 0.715179 2677745.674925 0.391888
10:13:43.449604 0.384388 0.332692 0.684177 1022966.457639 0.391888
10:13:43.745218 0.295454 0.328037 0.628889 1372477.493347 0.391888
10:13:44.146378 0.401003 0.337158 0.635763 1041867.199369 0.391888
10:13:44.442899 0.293364 0.331684 0.599431 1466028.311669 0.391888
10:13:44.702691 0.259626 0.322676 0.595545 1703865.345522 0.391888
10:13:45.308512 0.261067 0.314975 0.581236 1741530.528408 0.245760
10:13:45.502527 0.193820 0.299831 0.620682 2409163.144852 0.245760
10:13:45.913789 0.411056 0.313734 0.665597 1165855.628828 0.245760
10:13:46.204604 0.290557 0.310837 0.597911 1691646.571575 0.245760
10:13:46.521358 0.316596 0.311557 0.532622 1591327.592162 0.245760
10:13:46.879299 0.357729 0.317328 0.529299 1442701.207915 0.245760
10:13:47.273717 0.394223 0.326940 0.562813 1340317.621769 0.245760
10:13:47.521560 0.247686 0.317033 0.573192 2182893.655884 0.245760
10:13:47.881892 0.360185 0.322427 0.557698 1535211.464588 0.245760
10:13:48.127388 0.245102 0.312762 0.566540 2306172.999692 0.245760
10:13:48.398327 0.270796 0.307516 0.539815 2132736.005409 0.245760
10:13:48.797233 0.398757 0.318921 0.584387 1479155.665229 0.245760
10:13:49.078672 0.281287 0.314217 0.550950 2140561.407326 0.245760
10:13:49.381544 0.302719 0.312780 0.501828 2029605.832582 0.245760
10:13:50.042447 0.308579 0.312255 0.458241 2030883.711758 0.338750
10:13:50.278907 0.236293 0.302759 0.488211 2704167.243681 0.338750
10:13:50.700158 0.421103 0.317552 0.574985 1546566.989570 0.338750
10:13:51.052519 0.352214 0.321885 0.549621 1883946.307032 0.338750
10:13:51.329542 0.276870 0.316258 0.532075 2441001.083600 0.338750
10:13:51.683599 0.353879 0.320961 0.520444 1944529.200036 0.338750
10:13:52.034958 0.351093 0.324727 0.504472 1994958.294913 0.338750
10:13:52.400746 0.365635 0.329841 0.505557 1949223.021377 0.338750
10:13:52.745317 0.344418 0.331663 0.478027 2104976.793181 0.338750
10:13:53.103048 0.357583 0.334903 0.470597 2061842.719701 0.338750
10:13:53.435187 0.331995 0.334539 0.439218 2257768.871740 0.338750
10:13:53.688416 0.253084 0.324357 0.484322 3010289.736257 0.338750
10:13:54.694580 0.473723 0.343028 0.612367 1634170.404802 0.324357
10:13:55.199739 0.505005 0.363275 0.727256 1557275.296700 0.324357
10:13:55.777807 0.577917 0.390106 0.877733 1382066.738263 0.324357
10:13:56.266223 0.488277 0.402377 0.866269 1660958.171250 0.324357
10:13:56.787987 0.521622 0.417283 0.884447 1578338.510881 0.324357
10:13:57.379430 0.591247 0.439028 0.963366 1413256.869729 0.324357
10:13:57.824280 0.444639 0.439730 0.838594 1906877.403797 0.324357
10:13:58.419211 0.594781 0.459111 0.913310 1446179.539855 0.324357
10:13:59.490338 0.656131 0.483738 1.021408 1329685.628735 0.459111
10:14:00.130747 0.640234 0.503300 1.063048 1381894.758698 0.459111
10:14:00.705168 0.574274 0.512172 1.002957 1562013.779869 0.459111
10:14:01.293245 0.587906 0.521639 0.965461 1546695.919045 0.459111
10:14:01.868063 0.574664 0.528267 0.914159 1603719.415380 0.459111
10:14:02.494947 0.626729 0.540575 0.928456 1490098.563830 0.459111
10:14:03.191602 0.696441 0.560058 1.006835 1358587.573283 0.459111
10:14:03.966122 0.774363 0.586846 1.136234 1237745.023131 0.459111
10:14:04.980087 0.679164 0.598386 1.102744 1429333.851692 0.586846
10:14:05.646674 0.666416 0.606890 1.053189 1475114.798506 0.586846
10:14:06.250462 0.603636 0.606483 0.944461 1648887.668228 0.586846
10:14:06.853081 0.602469 0.605981 0.863479 1672477.844436 0.586846
10:14:07.513634 0.660394 0.612783 0.860319 1544386.690182 0.586846
10:14:08.005075 0.491289 0.597596 0.904742 2100987.828570 0.586846
10:14:08.627670 0.622321 0.600687 0.855771 1678361.783953 0.586846
10:14:09.821602 0.618430 0.602905 0.811961 1708791.237184 0.600687
10:14:10.416800 0.595032 0.601921 0.766586 1796636.217652 0.600687
10:14:11.035532 0.618582 0.604003 0.744164 1748101.273636 0.600687
10:14:11.686880 0.651171 0.609899 0.762187 1679485.192136 0.600687
10:14:12.884968 0.703349 0.621580 0.829246 1572362.826410 0.609899
10:14:13.546845 0.661711 0.626597 0.822477 1689873.733292 0.609899
10:14:14.231130 0.684136 0.633789 0.838238 1652443.581919 0.609899
10:14:14.954472 0.723202 0.644966 0.887715 1580172.642775 0.609899
10:14:16.227717 0.742303 0.657133 0.936533 1556065.101483 0.644966
10:14:16.945404 0.717504 0.664679 0.934600 1626973.452594 0.644966
10:14:17.678723 0.733162 0.673240 0.944163 1608986.465500 0.644966
10:14:18.565133 0.886257 0.699867 1.116077 1344910.212076 0.644966
10:14:20.166926 0.921257 0.727541 1.261088 1307153.134367 0.699867
10:14:20.961144 0.794039 0.735853 1.202512 1532055.709033 0.699867
10:14:21.781083 0.819781 0.746344 1.180266 1498937.228312 0.699867
10:14:22.930886 0.785846 0.751282 1.116225 1579301.807194 0.746344
10:14:23.778518 0.847452 0.763303 1.133181 1478993.630924 0.746344
10:14:24.638993 0.860290 0.775426 1.149822 1471206.134785 0.746344
10:14:26.181423 0.860314 0.786037 1.151722 1485448.110490 1.064960
10:14:27.053570 0.871983 0.796781 1.156990 1479661.787091 1.064960
10:14:28.076868 1.023134 0.825075 1.321585 1273076.653422 1.064960
10:14:30.011347 0.914490 0.836252 1.298050 1437758.775129 1.095680
10:14:30.903304 0.891796 0.843195 1.245087 1488125.297755 1.095680
10:14:31.817409 0.913956 0.852040 1.224221 1465488.609008 1.095680
10:14:33.458792 0.990189 0.869308 1.286593 1365072.953180 1.126400
10:14:34.346344 0.887384 0.871568 1.202607 1537066.360843 1.126400
10:14:35.203817 0.857233 0.869776 1.132390 1605463.516379 1.126400
10:14:36.998386 0.853957 0.867799 1.080578 1626011.278651 1.157120
10:14:37.983978 0.985421 0.882501 1.159708 1421556.960948 1.157120
10:14:38.933537 0.949404 0.890864 1.165672 1488428.527961 1.157120
10:14:40.168679 0.831114 0.883395 1.149252 1715057.029308 1.187840
10:14:40.952198 0.783355 0.870890 1.170323 1835305.837508 1.187840
10:14:41.837985 0.885616 0.872731 1.112031 1637260.715086 1.187840
10:14:43.076656 0.809219 0.864792 1.107779 1807016.654937 1.218560
10:14:43.815981 0.739156 0.849088 1.156964 1994923.919316 1.218560
10:14:44.365305 0.549163 0.811597 1.342429 2707480.959866 1.218560
10:14:45.414470 0.735383 0.802070 1.276408 2038578.443060 1.249280
10:14:46.127115 0.712476 0.790871 1.236219 2121368.253789 1.249280
10:14:46.873154 0.745853 0.785244 1.164272 2042912.085617 1.249280
10:14:48.265770 0.869205 0.795739 1.163972 1767132.038478 1.280000
10:14:49.078373 0.812432 0.797826 1.090693 1905744.608003 1.280000
10:14:50.641633 0.766750 0.793941 1.044667 2035312.425191 1.300480
10:14:51.464190 0.822389 0.797497 1.013990 1912554.471612 1.300480
10:14:52.127327 0.662981 0.780683 1.077568 2390946.226696 1.300480
10:14:53.057166 0.724237 0.773627 1.052737 2205686.918513 1.331200
10:14:53.953441 0.896115 0.788938 1.120758 1796340.741890 1.331200
10:14:54.740490 0.786894 0.788682 1.039592 2061289.475222 1.331200
10:14:55.747235 0.620893 0.767709 1.123680 2632182.994338 0.573440
10:14:56.524976 0.777570 0.768941 1.045781 2117612.537072 0.573440
10:14:57.198181 0.673050 0.756955 1.060476 2464720.571312 0.573440
10:14:57.858057 0.659723 0.744801 1.069674 2533135.709921 0.573440
10:14:58.665704 0.807495 0.752638 1.058987 2084787.838549 0.573440
10:14:59.254433 0.588573 0.732130 1.125956 2881110.857243 0.573440
10:15:00.009555 0.754966 0.734984 1.053190 2262395.860781 0.573440
10:15:01.184551 0.727445 0.734042 0.980236 2364880.185925 0.603621
10:15:01.894869 0.710151 0.731055 0.939592 2439774.223578 0.603621
10:15:02.569867 0.674848 0.724029 0.936639 2585613.961119 0.603621
10:15:03.416647 0.846628 0.739354 1.021410 2075509.081188 0.603621
10:15:04.183068 0.766269 0.742719 0.981175 2309204.825656 0.603621
10:15:05.494731 0.851230 0.756283 1.043636 2093159.541587 0.625179
10:15:06.256914 0.762007 0.756998 0.978238 2354372.078685 0.625179
10:15:07.005425 0.748354 0.755918 0.930492 2413745.501546 0.625179
10:15:07.704538 0.698949 0.748797 0.936695 2601940.547139 0.625179
10:15:08.426790 0.722072 0.745456 0.913105 2535636.735539 0.625179
10:15:09.223670 0.796707 0.751862 0.928850 2313523.286323 0.625179
10:15:10.706002 0.824324 0.760920 0.966122 2250921.047748 0.651048
10:15:11.513189 0.807021 0.766683 0.966685 2314408.454483 0.651048
10:15:12.306883 0.793538 0.770040 0.946897 2369217.073813 0.651048
10:15:13.111796 0.804758 0.774379 0.941741 2351454.512949 0.651048
10:15:13.949487 0.837545 0.782275 0.970962 2274075.048310 0.651048
10:15:14.795503 0.845872 0.790225 0.995337 2266214.780553 0.651048
10:15:16.156454 0.602615 0.766773 1.108217 3201407.839870 0.676918
10:15:16.727233 0.570611 0.742253 1.194499 3402500.126693 0.676918
10:15:17.275391 0.548002 0.717972 1.251407 3565300.826486 0.676918
10:15:17.836409 0.560864 0.698333 1.255518 3505448.913049 0.676918
10:15:18.447698 0.611141 0.687434 1.192515 3237171.305344 0.676918
10:15:19.534360 0.603214 0.676907 1.139937 3300082.418273 0.698476
10:15:20.114544 0.580034 0.664798 1.108943 3453149.193587 0.698476
10:15:20.739089 0.624360 0.659743 1.033290 3227677.136093 0.698476
10:15:21.384386 0.645139 0.657917 0.952682 3142764.685021 0.698476
10:15:21.955959 0.571419 0.647105 0.954677 3569723.788965 0.698476
10:15:22.603480 0.647354 0.647136 0.878064 3169974.389063 0.698476
10:15:23.396838 0.613603 0.642945 0.849674 3364364.931315 0.724345
10:15:24.046339 0.649340 0.643744 0.805186 3198126.577011 0.724345
10:15:25.167601 0.315737 0.602743 1.051832 3308069.596110 0.724345
10:15:25.476166 0.308411 0.565952 1.197100 3426491.221559 0.724345
10:15:25.785023 0.308706 0.533796 1.264403 3463022.563999 0.724345
10:15:26.099500 0.314337 0.506364 1.273778 3440078.475891 0.724345
10:15:26.375975 0.276297 0.477605 1.283233 3958177.532938 0.724345
10:15:27.055873 0.312905 0.457018 1.225938 3534362.638517 0.388042
10:15:27.361938 0.305894 0.438127 1.165942 3655542.027068 0.388042
10:15:27.683387 0.321309 0.423525 1.086204 3518409.143196 0.388042
10:15:27.992438 0.308894 0.409196 1.020836 3699600.185502 0.388042
10:15:28.323026 0.330439 0.399351 0.936839 3495569.579438 0.388042
10:15:28.635116 0.311940 0.388425 0.878952 3742255.809082 0.388042
10:15:28.974402 0.339131 0.382263 0.799453 3478444.680110 0.388042
10:15:29.354073 0.379509 0.381919 0.697565 3140732.070683 0.388042
10:15:29.637338 0.283110 0.369568 0.705111 4253553.025471 0.388042
10:15:30.021252 0.383707 0.371335 0.637132 3170418.711537 0.388042
10:15:30.450569 0.429156 0.378563 0.635731 2863295.623469 0.388042
10:15:31.017954 0.416475 0.383302 0.614090 2979981.579560 0.435469
10:15:31.497218 0.479105 0.395277 0.664172 2616077.918571 0.435469
10:15:31.940633 0.443256 0.401275 0.650924 2855379.919778 0.435469
10:15:32.394369 0.453586 0.407814 0.647362 2817440.824760 0.435469
10:15:32.854127 0.459602 0.414287 0.645737 2807299.227041 0.435469
10:15:33.312750 0.458486 0.419812 0.637598 2840933.964341 0.435469
10:15:33.733045 0.420158 0.419855 0.583541 3129337.733755 0.435469
10:15:34.121961 0.388764 0.415969 0.569824 3413650.249919 0.435469
10:15:34.556843 0.434729 0.418314 0.552466 3080980.781452 0.435469
10:15:35.201826 0.307273 0.404434 0.616089 4398955.948591 0.474274
10:15:35.499369 0.297380 0.391052 0.656847 4586616.904544 0.474274
10:15:35.807238 0.307724 0.380636 0.663310 4472371.359944 0.474274
10:15:36.080180 0.272797 0.367156 0.687001 5090029.088953 0.474274
10:15:36.353053 0.272726 0.355352 0.689666 5136411.349755 0.474274
10:15:36.587583 0.234339 0.340226 0.711974 6030238.275614 0.474274
10:15:36.905701 0.317969 0.337444 0.638512 4482850.920687 0.474274
10:15:37.222112 0.316243 0.334794 0.581795 4546172.466929 0.474274
10:15:37.569570 0.143436 0.310874 0.687482 10108929.797405 0.508766
10:15:37.722078 0.152340 0.291057 0.732047 9598728.715349 0.508766
10:15:37.876996 0.154742 0.274018 0.741075 9529151.596201 0.508766
10:15:38.030789 0.153621 0.258968 0.729658 9678679.368885 0.508766
10:15:38.186845 0.155916 0.246087 0.702156 9615024.980685 0.508766
10:15:38.344644 0.157664 0.235034 0.665509 9586357.184501 0.508766
10:15:38.610914 0.151223 0.224557 0.631224 10075931.317564 0.354352
10:15:38.771185 0.160110 0.216502 0.585949 9593404.726379 0.354352
10:15:38.932486 0.161159 0.209584 0.542012 9607219.703782 0.354352
10:15:39.095301 0.162668 0.203719 0.499956 9593626.887394 0.354352
10:15:39.258986 0.163543 0.198697 0.461051 9617434.775262 0.354352
10:15:39.424442 0.165319 0.194525 0.424668 9588432.308394 0.354352
10:15:39.590715 0.166138 0.190977 0.391971 9615143.056887 0.354352
10:15:39.758849 0.167988 0.188103 0.361838 9582408.811499 0.354352
10:15:39.927596 0.168582 0.185663 0.335485 9621527.565132 0.354352
10:15:40.098150 0.170412 0.183756 0.311374 9590306.962359 0.354352
10:15:40.270264 0.171970 0.182283 0.289783 9574885.430862 0.354352
10:15:40.518402 0.165594 0.180197 0.277511 10017762.582618 0.385786
10:15:40.692337 0.173775 0.179394 0.258802 9616838.523229 0.385786
10:15:40.868047 0.175572 0.178916 0.242294 9588412.626017 0.385786
10:15:41.044567 0.176382 0.178600 0.228667 9614038.716107 0.385786
10:15:41.222804 0.178093 0.178536 0.216594 9590676.875466 0.385786
10:15:41.401869 0.178923 0.178585 0.207514 9614868.083421 0.385786
10:15:41.582657 0.180648 0.178843 0.202603 9591080.102247 0.385786
10:15:41.764307 0.181514 0.179176 0.199668 9613009.256735 0.385786
10:15:41.947732 0.183284 0.179690 0.199166 9587217.518248 0.385786
10:15:42.131869 0.184000 0.180229 0.199146 9616694.854679 0.385786
10:15:42.411620 0.178388 0.179999 0.196027 9988122.493247 0.414363
10:15:42.598264 0.186488 0.180810 0.199321 9620171.496612 0.414363
10:15:42.786722 0.188317 0.181748 0.203139 9591993.393940 0.414363
10:15:42.976083 0.189225 0.182683 0.206203 9610909.761520 0.414363
10:15:43.167066 0.190843 0.183703 0.209503 9593807.420849 0.414363
10:15:43.358961 0.191754 0.184709 0.212110 9612322.582602 0.414363
10:15:43.552562 0.193454 0.185802 0.215098 9591364.041819 0.414363
10:15:43.746964 0.194257 0.186859 0.217286 9614972.940812 0.414363
10:15:43.943123 0.196014 0.188004 0.219978 9591470.042871 0.414363
10:15:44.315654 0.189574 0.188200 0.213751 9982128.181404 0.440082
10:15:44.514194 0.198358 0.189470 0.218792 9602029.835740 0.440082
10:15:44.713748 0.199414 0.190713 0.222649 9612804.805951 0.440082
10:15:44.915033 0.201150 0.192017 0.226407 9590923.609717 0.440082
10:15:45.117146 0.201980 0.193263 0.229017 9612363.581139 0.440082
10:15:45.320981 0.203691 0.194566 0.231810 9591940.465022 0.440082
10:15:45.525641 0.204523 0.195811 0.233701 9612997.892734 0.440082
10:15:45.732015 0.206238 0.197114 0.235959 9592643.930374 0.440082
10:15:45.939240 0.207086 0.198361 0.237466 9612709.031655 0.440082
10:15:46.184641 0.201440 0.198746 0.231154 9943124.734112 0.465801
10:15:46.394320 0.209527 0.200093 0.235181 9618005.551226 0.465801
10:15:46.605859 0.211393 0.201506 0.239121 9591229.932634 0.465801
10:15:46.818161 0.212154 0.202837 0.241697 9614755.555092 0.465801
10:15:47.032256 0.213952 0.204226 0.244486 9591382.091404 0.465801
10:15:47.247122 0.214723 0.205538 0.246230 9614167.744157 0.465801
10:15:47.463802 0.216537 0.206913 0.248431 9590379.528670 0.465801
10:15:47.681206 0.217266 0.208207 0.249698 9614764.834743 0.465801
10:15:48.120014 0.211663 0.208639 0.243213 9927327.512131 0.488662
10:15:48.339945 0.219772 0.210031 0.247094 9616944.078369 0.488662
10:15:48.561663 0.221580 0.211474 0.250821 9593933.235163 0.488662
10:15:48.784268 0.222461 0.212848 0.253344 9611177.430659 0.488662
10:15:49.008511 0.224105 0.214255 0.255884 9595507.191339 0.488662
10:15:49.233690 0.225040 0.215603 0.257610 9610239.932738 0.488662
10:15:49.460536 0.226709 0.216991 0.259603 9593685.197825 0.488662
10:15:49.688364 0.227670 0.218326 0.260963 9607170.198306 0.488662
10:15:50.006451 0.221928 0.218776 0.254356 9911100.960867 0.511524
10:15:50.236660 0.230048 0.220185 0.258142 9614691.565534 0.511524
10:15:50.468598 0.231792 0.221636 0.261710 9595362.471443 0.511524
10:15:50.701423 0.232676 0.223016 0.264111 9611726.224022 0.511524
10:15:50.936013 0.234420 0.224442 0.266667 9592635.870842 0.511524
10:15:51.171354 0.235184 0.225784 0.268196 9613717.089319 0.511524
10:15:51.408438 0.236943 0.227179 0.270146 9594205.937668 0.511524
10:15:51.646299 0.237721 0.228497 0.271264 9614499.028830 0.511524
10:15:51.973147 0.232232 0.228964 0.264774 9894663.228336 0.534385
10:15:52.213551 0.240254 0.230375 0.268523 9615426.665306 0.534385
10:15:52.455727 0.242031 0.231832 0.272099 9595593.396189 0.534385
10:15:52.698767 0.242895 0.233215 0.274478 9612059.026655 0.534385
10:15:52.943521 0.244613 0.234640 0.276985 9594773.633877 0.534385
10:15:53.189281 0.245471 0.235994 0.278584 9611302.327147 0.534385
10:15:53.436484 0.247054 0.237376 0.280379 9599452.102388 0.534385
10:15:53.856004 0.240662 0.237787 0.273325 9905473.360763 0.554389
10:15:54.105787 0.249629 0.239267 0.277763 9598883.949342 0.554389
10:15:54.356546 0.250622 0.240687 0.280913 9609881.305567 0.554389
10:15:54.608971 0.252292 0.242137 0.283913 9594971.307368 0.554389
10:15:54.862221 0.253111 0.243509 0.285814 9612482.663632 0.554389
10:15:55.117208 0.254851 0.244927 0.287998 9595061.480432 0.554389
10:15:55.373077 0.255732 0.246277 0.289386 9610058.296989 0.554389
10:15:55.845572 0.250254 0.246774 0.283083 9869527.884250 0.574393
10:15:56.104086 0.258354 0.248222 0.287032 9607656.525153 0.574393
10:15:56.364051 0.259830 0.249673 0.290389 9600369.545640 0.574393
10:15:56.624970 0.260781 0.251061 0.292707 9612477.603763 0.574393
10:15:56.887668 0.262520 0.252494 0.295186 9595609.027209 0.574393
10:15:57.151156 0.263334 0.253849 0.296708 9612612.329448 0.574393
10:15:57.586586 0.257707 0.254331 0.290334 9870190.482999 0.591539
10:15:57.852750 0.265987 0.255788 0.294446 9609134.185004 0.591539
10:15:58.120454 0.267549 0.257258 0.298013 9598958.081994 0.591539
10:15:58.389181 0.268522 0.258666 0.300496 9609937.985994 0.591539
10:15:58.659347 0.269993 0.260082 0.302781 9603099.518092 0.591539
10:15:58.930526 0.271036 0.261451 0.304429 9611479.170188 0.591539
10:15:59.497184 0.265527 0.261961 0.298270 9857166.697862 0.608685
10:15:59.770933 0.273590 0.263414 0.302276 9611576.282878 0.608685
10:16:00.046306 0.275226 0.264891 0.305848 9599097.372254 0.608685
10:16:00.322608 0.276161 0.266300 0.308288 9611090.734663 0.608685
