10:12:37.751382 0.062122 0.062122 0.310609 197804.740411 0.500000
10:12:37.817183 0.065616 0.062559 0.252419 374542.047657 0.500000
10:12:37.941646 0.124309 0.070277 0.274423 395401.580790 0.500000
10:12:38.089996 0.148204 0.080018 0.311054 663301.540373 0.500000
10:12:38.288675 0.198535 0.094833 0.386626 990294.074849 0.500000
10:12:38.497418 0.208582 0.109052 0.441646 1885185.169307 0.500000
10:12:39.215442 0.275229 0.129824 0.545447 1428686.775628 0.500000
10:12:39.402437 0.186435 0.136900 0.505229 2175042.424170 0.500000
10:12:39.737938 0.335354 0.161707 0.636407 1245823.482659 0.500000
10:12:39.935757 0.197655 0.166200 0.558174 2175912.987328 0.500000
10:12:40.249039 0.313127 0.184566 0.625473 1412742.887937 0.500000
10:12:40.780163 0.305836 0.199725 0.651675 1486600.845066 0.184566
10:12:40.980670 0.200341 0.199802 0.539380 2330746.237882 0.184566
10:12:41.301229 0.320384 0.214875 0.590141 1495804.914561 0.184566
10:12:41.601548 0.300167 0.225536 0.592278 1637488.007930 0.184566
10:12:41.888756 0.287065 0.233227 0.569812 1755030.912340 0.184566
10:12:42.203668 0.314768 0.243420 0.577399 1639608.430324 0.184566
10:12:42.869694 0.100159 0.225512 0.619258 5275455.727453 0.243420
10:12:43.122280 0.252423 0.228876 0.551096 2141928.022192 0.243420
10:12:43.368239 0.245815 0.230993 0.489597 2249496.218649 0.243420
10:12:43.680512 0.312120 0.241134 0.516214 1810995.998393 0.243420
10:12:43.922942 0.242230 0.241271 0.448676 2384246.982679 0.243420
10:12:44.235391 0.312151 0.250131 0.476565 1889547.317328 0.243420
10:12:44.520036 0.284498 0.254427 0.458619 2116401.697559 0.243420
10:12:44.769895 0.249719 0.253839 0.411691 2460366.391731 0.243420
10:12:45.205635 0.248220 0.253136 0.377144 2524728.400603 0.253839
10:12:45.501940 0.296141 0.258512 0.394523 2157673.815845 0.253839
10:12:45.724697 0.222612 0.254024 0.391932 2925557.833501 0.253839
10:12:46.020905 0.296064 0.259279 0.404750 2241244.088386 0.253839
10:12:46.253102 0.232051 0.255876 0.392207 2912464.517699 0.253839
10:12:46.565175 0.311903 0.262879 0.421155 2206224.371902 0.253839
10:12:46.732265 0.166944 0.250887 0.465529 4195513.986387 0.253839
10:12:47.481345 0.307626 0.257980 0.475700 2316787.199970 0.250887
10:12:47.738149 0.256642 0.257812 0.422440 2824917.129678 0.250887
10:12:48.030302 0.292011 0.262087 0.419757 2524836.198020 0.250887
10:12:48.299650 0.269161 0.262971 0.388297 2784831.528848 0.250887
10:12:48.611697 0.311814 0.269077 0.411914 2443302.191642 0.250887
10:12:49.229803 0.203808 0.260918 0.433315 1869052.591690 0.250887
10:12:49.505685 0.275739 0.262771 0.406889 1426043.196018 0.250887
10:12:49.676714 0.170861 0.251282 0.451281 2373297.512452 0.250887
10:12:49.984834 0.307975 0.258369 0.465061 1356577.407366 0.250887
10:12:50.179372 0.194381 0.250370 0.469377 2212561.943154 0.250887
10:12:50.455194 0.275673 0.253533 0.443091 1604684.318933 0.250887
10:12:50.736487 0.281149 0.256985 0.426769 1617135.912621 0.250887
10:12:50.962492 0.225850 0.253093 0.411566 2067495.161932 0.250887
10:12:51.549444 0.219559 0.248901 0.401290 2182703.054226 0.253093
10:12:51.895617 0.345970 0.261035 0.472395 1420700.585265 0.253093
10:12:52.123243 0.227477 0.256840 0.448919 2214763.852344 0.253093
10:12:52.399654 0.276244 0.259266 0.422728 1868260.286250 0.253093
10:12:52.704639 0.304840 0.264963 0.433134 1733315.338072 0.253093
10:12:52.982745 0.277922 0.266582 0.405670 1945409.738179 0.253093
10:12:53.199777 0.216873 0.260369 0.414394 2549695.799549 0.253093
10:12:53.512260 0.312335 0.266865 0.434350 1809749.064441 0.253093
10:12:53.805886 0.293479 0.270191 0.422420 1967895.717861 0.253093
10:12:54.124887 0.318856 0.276274 0.439110 1849813.076544 0.253093
10:12:54.454020 0.328991 0.282864 0.457707 1830178.079705 0.253093
10:12:54.748995 0.294708 0.284344 0.427321 2084775.342995 0.253093
10:12:55.356548 0.330670 0.290135 0.443693 1895207.389812 0.284344
10:12:55.616103 0.259394 0.286293 0.432202 2463342.141152 0.284344
10:12:55.966527 0.350272 0.294290 0.467702 1859309.654007 0.284344
10:12:56.148479 0.181802 0.280229 0.522776 3649860.147440 0.284344
10:12:56.496822 0.348053 0.288707 0.538441 1941773.355546 0.284344
10:12:56.752756 0.255772 0.284590 0.504825 2690394.937026 0.284344
10:12:57.050358 0.297457 0.286198 0.464242 2354678.109036 0.284344
10:12:57.324786 0.274282 0.284709 0.430158 2598435.389810 0.284344
10:12:57.620134 0.295204 0.286021 0.405603 2455902.312329 0.284344
10:12:57.856025 0.235750 0.279737 0.419694 3127378.068462 0.284344
10:12:58.496001 0.290393 0.281069 0.396693 2581220.349387 0.405172
10:12:58.807069 0.310902 0.284798 0.401349 2450470.866733 0.405172
10:12:59.520738 0.308443 0.287754 0.398811 1235003.578188 0.405172
10:12:59.736095 0.215212 0.278686 0.434521 1827109.106550 0.405172
10:13:00.066887 0.330648 0.285181 0.454019 1226392.014940 0.405172
10:13:00.290825 0.223793 0.277508 0.465524 1866867.794770 0.405172
10:13:00.629611 0.338396 0.285119 0.487020 1270936.736840 0.405172
10:13:00.864807 0.235045 0.278860 0.480359 1882055.069044 0.405172
10:13:01.174162 0.309216 0.282654 0.464135 1470350.715777 0.405172
10:13:01.367343 0.193033 0.271451 0.497183 2418985.605901 0.405172
10:13:01.627093 0.259570 0.269966 0.451147 1846252.553033 0.405172
10:13:01.879508 0.252263 0.267753 0.421342 1948442.162583 0.405172
10:13:02.235795 0.356126 0.278800 0.482364 1414690.975184 0.405172
10:13:02.499945 0.264006 0.276951 0.444418 1954865.406855 0.405172
10:13:02.864680 0.364588 0.287905 0.501143 1449263.189627 0.405172
10:13:03.100138 0.235314 0.281331 0.493851 2297662.898553 0.405172
10:13:03.774169 0.316591 0.285739 0.480388 1746606.686181 0.281331
10:13:04.051297 0.276965 0.284642 0.439403 2040865.084806 0.281331
10:13:04.357421 0.305980 0.287309 0.424718 1887496.117609 0.281331
10:13:04.578754 0.217248 0.278552 0.451669 2714980.577890 0.281331
10:13:04.835851 0.256955 0.275852 0.427287 2343259.382812 0.281331
10:13:05.040446 0.204454 0.266927 0.451902 3005077.742664 0.281331
10:13:05.307297 0.266702 0.266899 0.405855 2349769.213164 0.281331
10:13:05.551717 0.244270 0.264071 0.390917 2615858.575681 0.281331
10:13:05.803885 0.252027 0.262565 0.369743 2584106.172262 0.281331
10:13:06.114206 0.310175 0.268516 0.396510 2139283.062925 0.281331
10:13:06.373220 0.258869 0.267310 0.372953 2610742.018706 0.281331
10:13:06.963232 0.253309 0.265560 0.358794 2716555.546270 0.267310
10:13:07.293765 0.330051 0.273622 0.408037 2122145.111269 0.267310
10:13:07.552880 0.258964 0.271789 0.387259 2752134.775843 0.267310
10:13:07.867688 0.314660 0.277148 0.406621 2304048.284993 0.267310
10:13:08.150662 0.282827 0.277858 0.380642 2606821.972126 0.267310
10:13:08.499455 0.348648 0.286707 0.434584 2149927.281194 0.267310
10:13:08.803006 0.303404 0.288794 0.416399 2511027.432087 0.267310
10:13:09.501866 0.281794 0.287919 0.390623 1351796.794995 0.267310
10:13:09.686113 0.184102 0.274942 0.455787 2135861.557571 0.267310
10:13:09.964615 0.278358 0.275369 0.414419 1456771.586576 0.267310
10:13:10.218255 0.253495 0.272635 0.398796 1648125.775245 0.267310
10:13:10.762449 0.301581 0.276253 0.399820 1426084.979406 0.232476
10:13:11.053077 0.290459 0.278029 0.384910 1522995.542770 0.232476
10:13:11.324273 0.271049 0.277156 0.364297 1677393.983988 0.232476
10:13:11.628099 0.299306 0.279925 0.367430 1560089.444611 0.232476
10:13:11.840516 0.212270 0.271468 0.404752 2257652.761102 0.232476
10:13:12.164783 0.324118 0.278049 0.430662 1516485.209875 0.232476
10:13:12.415384 0.250457 0.274600 0.416652 2011554.488828 0.232476
10:13:12.771108 0.355577 0.284722 0.472238 1451432.492992 0.232476
10:13:12.966831 0.195576 0.273579 0.503362 2701678.550122 0.232476
10:13:13.336249 0.369268 0.285540 0.553566 1464171.653112 0.232476
10:13:13.601676 0.265281 0.283008 0.504287 2084429.651056 0.232476
10:13:13.983690 0.381856 0.295364 0.560171 1480264.948859 0.232476
10:13:14.203840 0.220007 0.285944 0.559907 2625080.794195 0.232476
10:13:14.544297 0.340289 0.292737 0.552554 1733302.572520 0.232476
10:13:14.752629 0.208183 0.282168 0.561585 2892227.244776 0.232476
10:13:15.203898 0.181354 0.269566 0.579943 3387848.322102 0.282168
10:13:15.500189 0.296126 0.272886 0.532229 2116287.427369 0.282168
10:13:15.718161 0.217825 0.266004 0.515572 2933438.255457 0.282168
10:13:16.035719 0.317402 0.272428 0.511003 2051857.722191 0.282168
10:13:16.263453 0.227569 0.266821 0.490611 2915826.404156 0.282168
10:13:16.511666 0.248060 0.264476 0.451080 2724502.268139 0.282168
10:13:16.787320 0.275510 0.265855 0.416842 2497653.130149 0.282168
10:13:17.082986 0.295522 0.269563 0.412470 2370097.861705 0.282168
10:13:17.335027 0.251899 0.267355 0.392200 2829324.406735 0.282168
10:13:17.633396 0.298219 0.271213 0.395710 2431072.747874 0.282168
10:13:17.847697 0.212946 0.263930 0.415570 3462287.219669 0.282168
10:13:18.475424 0.334187 0.272712 0.456699 2242959.573335 0.405172
10:13:18.750725 0.275138 0.273015 0.413432 2768994.515854 0.405172
10:13:19.402138 0.237399 0.268563 0.409492 1604590.668401 0.405172
10:13:19.604553 0.202270 0.260277 0.432266 1944015.127223 0.405172
10:13:19.921771 0.317073 0.267376 0.453165 1278898.450422 0.405172
10:13:20.180138 0.258221 0.266232 0.414728 1617963.465236 0.405172
10:13:20.446680 0.266385 0.266251 0.377777 1614504.845896 0.405172
10:13:20.731779 0.284948 0.268588 0.370929 1552452.371881 0.405172
10:13:21.047461 0.315526 0.274455 0.398149 1440946.190169 0.405172
10:13:21.280624 0.233006 0.269274 0.403494 2003999.892536 0.405172
10:13:21.597035 0.316261 0.275147 0.422799 1515306.284482 0.405172
10:13:21.833873 0.236688 0.270340 0.419538 2076656.676236 0.405172
10:13:22.190658 0.356534 0.281114 0.479207 1413071.387438 0.405172
10:13:22.480209 0.289396 0.282150 0.439001 1783355.385445 0.405172
10:13:22.941905 0.152200 0.265906 0.513493 3471637.511453 0.282150
10:13:23.314105 0.372023 0.279171 0.570978 1453329.085829 0.282150
10:13:23.521704 0.207457 0.270206 0.560776 2665422.042552 0.282150
10:13:23.718927 0.197078 0.261065 0.552121 2868143.729341 0.282150
10:13:24.069321 0.350078 0.272192 0.579496 1649734.702693 0.282150
10:13:24.336342 0.266874 0.271527 0.507324 2210122.984318 0.282150
10:13:24.599982 0.263491 0.270523 0.455406 2285133.813126 0.282150
10:13:24.831605 0.231458 0.265640 0.443367 2654477.858684 0.282150
10:13:25.037467 0.205719 0.258149 0.451365 3046330.275033 0.282150
10:13:25.351424 0.313813 0.265107 0.465683 2036168.223797 0.282150
10:13:25.594096 0.242506 0.262282 0.435315 2685557.994007 0.282150
10:13:25.839904 0.245661 0.260205 0.406600 2701087.861829 0.282150
10:13:26.145620 0.305564 0.265874 0.421031 2211779.405069 0.282150
10:13:26.468797 0.323023 0.273018 0.446534 2130276.592429 0.282150
10:13:26.990015 0.348208 0.282417 0.487743 2011487.672263 0.273018
10:13:27.250889 0.260717 0.279704 0.455399 2733631.608225 0.273018
10:13:27.544209 0.293123 0.281382 0.426571 2473337.073959 0.273018
10:13:27.798632 0.254197 0.277984 0.414061 2900428.964667 0.273018
10:13:28.087605 0.288350 0.279279 0.391704 2599506.593755 0.273018
10:13:28.431256 0.343507 0.287308 0.435854 2217875.868179 0.273018
10:13:29.101075 0.233298 0.280557 0.445976 1632795.380499 0.273018
10:13:29.389587 0.288363 0.281532 0.413403 1363614.705853 0.273018
10:13:29.692541 0.302293 0.284127 0.403791 1341427.808024 0.273018
10:13:30.100290 0.407540 0.299554 0.512714 1025156.204050 0.273018
10:13:30.668642 0.298797 0.299459 0.460087 1439372.400704 0.232476
10:13:30.954495 0.285689 0.297738 0.431979 1548425.701699 0.232476
10:13:31.265623 0.310974 0.299393 0.413309 1462039.178624 0.232476
10:13:31.500403 0.234627 0.291297 0.441500 1990154.514216 0.232476
10:13:31.771355 0.270808 0.288736 0.421877 1769637.650121 0.232476
10:13:31.984160 0.212654 0.279226 0.455163 2311359.001184 0.232476
10:13:32.181528 0.197154 0.268967 0.482991 2555402.805617 0.232476
10:13:32.964076 0.299141 0.272738 0.463431 862630.198577 0.232476
10:13:33.264368 0.300143 0.276164 0.446588 900690.660386 0.232476
10:13:33.565038 0.300522 0.279209 0.431385 940444.095659 0.232476
10:13:33.803804 0.238614 0.274134 0.428861 1235937.112815 0.232476
10:13:34.095068 0.291106 0.276256 0.409273 1055284.891252 0.232476
10:13:34.385117 0.289898 0.277961 0.391366 1102069.786073 0.232476
10:13:34.629607 0.244317 0.273756 0.392453 1357973.148217 0.232476
10:13:34.948544 0.318790 0.279385 0.413443 1079281.170364 0.232476
10:13:35.163447 0.214731 0.271303 0.436500 1659527.671783 0.232476
10:13:35.364232 0.200636 0.262470 0.457035 1837355.844611 0.232476
10:13:35.765138 0.392316 0.278701 0.554470 970972.714612 0.232476
10:13:36.037613 0.272310 0.277902 0.491120 1444001.223712 0.232476
10:13:36.363447 0.325686 0.283875 0.491572 1245076.630471 0.232476
10:13:36.944268 0.254712 0.280229 0.465165 1640251.845637 0.283875
10:13:37.327960 0.383494 0.293138 0.535104 1121477.374956 0.283875
10:13:37.564404 0.236294 0.286032 0.524351 1872108.228294 0.283875
10:13:37.965132 0.400575 0.300350 0.593632 1135008.644806 0.283875
10:13:38.178842 0.213537 0.289498 0.596273 2186712.600697 0.283875
10:13:38.554387 0.375398 0.300236 0.616216 1276596.564144 0.283875
10:13:38.931465 0.376931 0.309823 0.623503 1304005.408147 0.283875
10:13:39.281768 0.350153 0.314864 0.590455 1438822.583514 0.283875
10:13:39.615104 0.333185 0.317154 0.542168 1548977.492459 0.283875
10:13:39.986180 0.370928 0.323876 0.546410 1424491.896204 0.283875
10:13:40.350349 0.364012 0.328893 0.535930 1485313.658961 0.283875
10:13:40.683750 0.333258 0.329439 0.489082 1659254.234797 0.283875
10:13:40.949460 0.265561 0.321454 0.505064 2128504.483026 0.283875
10:13:41.401089 0.451477 0.337707 0.605437 1279214.522644 0.283875
10:13:41.747303 0.346047 0.338749 0.547888 1704461.307731 0.283875
10:13:42.500547 0.354342 0.340698 0.513145 1699239.795271 0.338749
10:13:42.937691 0.436983 0.352734 0.578353 1406004.770523 0.338749
10:13:43.195479 0.257617 0.340844 0.605176 2432634.522835 0.338749
10:13:43.564968 0.369342 0.344407 0.571153 1730038.410326 0.338749
10:13:43.815802 0.250679 0.332691 0.596478 2597999.665459 0.338749
10:13:44.215044 0.399053 0.340986 0.605189 1662816.315345 0.338749
10:13:44.512018 0.296806 0.335463 0.577795 2277042.172521 0.338749
10:13:45.187141 0.398166 0.343301 0.587753 1728243.218931 0.335463
10:13:45.451186 0.263883 0.333374 0.596131 2654266.086798 0.335463
10:13:45.864502 0.413163 0.343348 0.620204 1724994.958262 0.335463
10:13:46.153037 0.288389 0.336478 0.599079 2513938.054738 0.335463
10:13:46.454918 0.301737 0.332135 0.563827 2443453.773713 0.335463
10:13:46.827620 0.372433 0.337172 0.551239 2012625.375167 0.335463
10:13:47.183685 0.355913 0.339515 0.518805 2140568.518384 0.335463
10:13:48.270088 0.323132 0.337467 0.488318 1178861.750201 0.339515
10:13:48.505522 0.235272 0.324693 0.540026 1671325.596892 0.339515
10:13:48.906421 0.400679 0.334191 0.571677 1012041.777026 0.339515
10:13:49.186509 0.279935 0.327409 0.559780 1492460.101852 0.339515
10:13:49.505682 0.319027 0.326361 0.509021 1348099.287585 0.339515
10:13:49.793564 0.287725 0.321532 0.497163 1537468.219309 0.339515
10:13:50.146616 0.352913 0.325454 0.488559 1288295.203580 0.339515
10:13:50.462663 0.315894 0.324259 0.456148 1478167.248681 0.339515
10:13:50.867290 0.404476 0.334286 0.513420 1184821.357980 0.339515
10:13:51.188278 0.320842 0.332606 0.480400 1531968.874459 0.339515
10:13:51.535720 0.347290 0.334441 0.459972 1450683.703339 0.339515
10:13:51.855462 0.319596 0.332586 0.441579 1614838.470301 0.339515
10:13:52.584972 0.287221 0.326915 0.454025 898430.269805 0.339515
10:13:52.928718 0.343584 0.328999 0.441000 786812.365697 0.339515
10:13:53.234812 0.305932 0.326115 0.433183 923812.999112 0.339515
10:13:54.036508 0.350912 0.329215 0.434312 840415.605346 0.326115
10:13:54.279173 0.242504 0.318376 0.483910 1266782.602130 0.326115
10:13:54.604104 0.324786 0.319177 0.449737 983687.878630 0.326115
10:13:54.819881 0.215632 0.306234 0.507700 1538621.627313 0.326115
10:13:55.182541 0.362515 0.313269 0.520649 949102.867255 0.326115
10:13:55.361517 0.178632 0.296440 0.586612 1994894.297810 0.326115
10:13:55.695367 0.333693 0.301096 0.555979 1104727.907460 0.326115
10:13:55.867694 0.171731 0.284926 0.605453 2218166.846379 0.326115
10:13:56.249280 0.381439 0.296990 0.633899 1030875.265358 0.326115
10:13:56.484602 0.235175 0.289263 0.603759 1724265.683845 0.326115
10:13:56.781332 0.296582 0.290178 0.533369 1408689.749041 0.326115
10:13:56.991867 0.210383 0.280203 0.542392 2044272.236625 0.326115
10:13:57.370432 0.378410 0.292479 0.587327 1169017.420266 0.326115
10:13:57.872888 0.223018 0.283797 0.574394 2038650.040115 0.292479
10:13:58.214578 0.341527 0.291013 0.566691 1367224.319828 0.292479
10:13:58.489249 0.274480 0.288946 0.512238 1745962.611631 0.292479
10:13:58.831950 0.335966 0.294824 0.509312 1463004.705041 0.292479
10:13:59.057702 0.225605 0.286171 0.516257 2233141.887219 0.292479
10:13:59.462494 0.404620 0.300978 0.591990 1275508.097750 0.292479
10:13:59.687903 0.225273 0.291514 0.585478 2345528.531370 0.292479
10:14:00.114531 0.426477 0.308385 0.663820 1267763.693059 0.292479
10:14:00.379409 0.264728 0.302928 0.613161 2088784.923529 0.292479
10:14:00.694394 0.314803 0.304412 0.548962 1795561.689024 0.292479
10:14:01.352890 0.354733 0.310702 0.544436 1628086.520988 0.304412
10:14:01.683744 0.325523 0.312555 0.502676 1811926.499419 0.304412
10:14:01.929631 0.245731 0.304202 0.513616 2450287.987193 0.304412
10:14:02.301610 0.371831 0.312655 0.537345 1652363.839310 0.304412
10:14:02.632335 0.330566 0.314894 0.501322 1895803.360961 0.304412
10:14:03.048630 0.416146 0.327551 0.568623 1535461.844452 0.304412
10:14:03.332394 0.283618 0.322059 0.546796 2296271.961748 0.304412
10:14:03.792513 0.459962 0.339297 0.645753 1442623.114619 0.304412
10:14:04.448997 0.311334 0.335802 0.593606 2170786.714473 0.339297
10:14:04.932214 0.482908 0.354190 0.694650 1424967.043541 0.339297
10:14:05.231035 0.298669 0.347250 0.658116 2345123.752175 0.339297
10:14:05.627814 0.396627 0.353422 0.635948 1796912.694005 0.339297
10:14:05.916286 0.288306 0.345282 0.622293 2514661.524249 0.339297
10:14:06.220898 0.304466 0.340180 0.588755 2421551.102149 0.339297
10:14:06.828153 0.296964 0.334778 0.564426 2524104.525664 0.340180
10:14:07.117580 0.289265 0.329089 0.546838 2633765.639184 0.340180
10:14:07.849043 0.180122 0.310468 0.622747 2114831.670316 0.340180
10:14:08.175610 0.326375 0.312457 0.562572 1204798.133460 0.340180
10:14:08.466505 0.290635 0.309729 0.519138 1395235.194117 0.340180
10:14:08.795730 0.328956 0.312132 0.488416 1270054.783302 0.340180
10:14:09.043016 0.247095 0.304003 0.501253 1740546.052909 0.340180
10:14:09.361163 0.317963 0.305748 0.467646 1391255.675749 0.340180
10:14:09.632220 0.270907 0.301393 0.457657 1678273.819180 0.340180
10:14:09.952321 0.319957 0.303713 0.439476 1459396.024712 0.340180
10:14:10.265012 0.312545 0.304817 0.415471 1533322.471545 0.340180
10:14:10.570304 0.305146 0.304858 0.388177 1610770.037762 0.340180
10:14:10.911071 0.340611 0.309327 0.407569 1479130.233967 0.340180
10:14:11.613159 0.389529 0.319353 0.473236 1324923.211173 0.309327
10:14:11.935870 0.322546 0.319752 0.438358 1638166.312406 0.309327
10:14:12.247720 0.311700 0.318745 0.415751 1734590.364809 0.309327
10:14:12.644411 0.396540 0.328470 0.479019 1394462.355507 0.309327
10:14:12.947671 0.303112 0.325300 0.463570 1864816.927762 0.309327
10:14:13.314251 0.366434 0.330442 0.475278 1576097.869361 0.309327
10:14:13.603511 0.289115 0.325276 0.475230 2040102.027728 0.309327
10:14:14.052884 0.449208 0.340767 0.577165 1340385.682428 0.309327
10:14:14.326374 0.273328 0.332337 0.577075 2247850.157534 0.309327
10:14:14.779809 0.453271 0.347454 0.651941 1382590.374042 0.309327
10:14:15.067043 0.287087 0.339908 0.628640 2225722.797957 0.309327
10:14:15.462068 0.394863 0.346778 0.618281 1649342.128855 0.309327
10:14:16.190902 0.352087 0.347441 0.556379 1884624.995130 0.346778
10:14:16.559929 0.368840 0.350116 0.528218 1832339.329152 0.346778
10:14:16.902743 0.342665 0.349185 0.490212 2008165.661091 0.346778
10:14:17.287476 0.384591 0.353610 0.494787 1821197.707051 0.346778
10:14:17.634557 0.346936 0.352776 0.465333 2054280.979013 0.346778
10:14:17.895356 0.260650 0.341260 0.517804 2781477.935475 0.346778
10:14:18.325610 0.430096 0.352365 0.573609 1714221.345511 0.346778
10:14:18.630823 0.305062 0.346452 0.559688 2457101.996427 0.346778
10:14:19.000311 0.369340 0.349313 0.532128 2062748.757023 0.346778
10:14:19.831104 0.298116 0.342913 0.531222 1277783.598807 0.346778
10:14:20.131890 0.300638 0.337629 0.521135 1307938.623028 0.346778
10:14:20.377518 0.245460 0.326108 0.555907 1652016.396949 0.346778
10:14:20.756307 0.377365 0.332515 0.556121 1107130.072011 0.346778
10:14:21.388894 0.371117 0.337340 0.543647 1158879.455010 0.332515
10:14:21.709041 0.319958 0.335167 0.507280 1382581.586655 0.332515
10:14:21.838259 0.129039 0.309401 0.644614 3523398.560358 0.332515
10:14:22.262564 0.421169 0.323372 0.686549 1108685.474914 0.332515
10:14:22.531703 0.268983 0.316574 0.643346 1781643.360626 0.332515
10:14:22.885938 0.354090 0.321263 0.603859 1388121.760590 0.332515
10:14:23.098544 0.212456 0.307662 0.628416 2371352.320582 0.332515
10:14:23.462295 0.363175 0.314601 0.610680 1421066.377191 0.332515
10:14:23.828228 0.365770 0.320997 0.594225 1444580.467840 0.332515
10:14:24.122862 0.294438 0.317678 0.549157 1836283.947202 0.332515
10:14:24.408023 0.284997 0.313592 0.519883 1940231.042461 0.332515
10:14:24.709600 0.301345 0.312062 0.479027 1875749.701441 0.332515
10:14:25.344999 0.382526 0.320870 0.516558 1509794.783910 0.312062
10:14:25.612766 0.267606 0.314212 0.514242 2204075.977281 0.312062
10:14:26.033772 0.420855 0.327542 0.584208 1430687.374899 0.312062
10:14:26.237463 0.203543 0.312042 0.628541 3018527.572357 0.312062
10:14:26.694151 0.456536 0.330104 0.711972 1372702.098049 0.312062
10:14:26.907495 0.213163 0.315486 0.718828 2997591.458289 0.312062
10:14:27.264248 0.356577 0.320623 0.664220 1826432.191282 0.312062
10:14:27.558311 0.293887 0.317281 0.601714 2257848.172604 0.312062
10:14:27.993414 0.434933 0.331987 0.662965 1553893.844874 0.312062
10:14:28.234734 0.241173 0.320635 0.659683 2853254.375116 0.312062
10:14:28.618303 0.383421 0.328484 0.645555 1826753.532998 0.312062
10:14:28.901301 0.282850 0.322779 0.606217 2519723.994184 0.312062
10:14:29.484641 0.283532 0.317874 0.569699 2557003.247987 0.322779
10:14:29.876843 0.392028 0.327143 0.590167 1880681.544331 0.322779
10:14:30.121101 0.244114 0.316764 0.597061 3070566.371197 0.322779
10:14:30.535779 0.414531 0.328985 0.636974 1837874.643319 0.322779
10:14:31.110891 0.574955 0.359731 0.836693 1346442.796531 0.322779
10:14:31.728324 0.617277 0.391925 1.007191 1274034.377641 0.322779
10:14:32.327650 0.599154 0.417828 1.086508 1333079.652277 0.322779
10:14:32.914416 0.586623 0.438928 1.109232 1382503.011992 0.322779
10:14:33.494380 0.579822 0.456539 1.100162 1419911.472680 0.322779
10:14:34.158243 0.663676 0.482431 1.172285 1259023.937033 0.322779
10:14:35.085482 0.615404 0.499053 1.149416 1377748.312054 0.482431
10:14:35.634761 0.549124 0.505312 1.043155 1566422.149008 0.482431
10:14:36.161048 0.526138 0.507915 0.932124 1658211.883273 0.482431
10:14:36.794551 0.633337 0.523593 0.967171 1396943.445338 0.482431
10:14:37.441744 0.647045 0.539024 0.995160 1386339.655948 0.482431
10:14:38.466248 0.606231 0.547425 0.956734 1499943.154841 0.539024
10:14:39.030769 0.564358 0.549542 0.873456 1633006.011350 0.539024
10:14:39.684215 0.653300 0.562512 0.909205 1429493.238829 0.539024
10:14:40.271087 0.586718 0.565537 0.849764 1612659.321104 0.539024
10:14:40.792063 0.520825 0.559948 0.817830 1840279.802855 0.539024
10:14:41.648221 0.609252 0.566111 0.808827 1593350.597486 0.559948
10:14:42.278334 0.629943 0.574090 0.819959 1560521.814491 0.559948
10:14:42.836960 0.558475 0.572138 0.772155 1782225.513482 0.559948
10:14:43.380408 0.543301 0.568534 0.747383 1854617.982185 0.559948
10:14:44.311378 0.457764 0.554687 0.799595 2228013.124376 0.568534
10:14:44.794794 0.483239 0.545756 0.800885 2135986.826051 0.568534
10:14:45.345092 0.550146 0.546305 0.742041 1898551.034233 0.568534
10:14:45.883012 0.537775 0.545239 0.700571 1965074.468021 0.568534
10:14:46.510408 0.627246 0.555490 0.753996 1704365.058203 0.568534
10:14:47.262299 0.518819 0.550906 0.736456 2084240.948573 0.555490
10:14:47.851773 0.589316 0.555707 0.733280 1855765.330968 0.555490
10:14:48.380858 0.528936 0.552361 0.712311 2090839.325928 0.555490
10:14:48.959359 0.578336 0.555608 0.701546 1933491.947837 0.555490
10:14:49.547723 0.588208 0.559683 0.701737 1921932.507939 0.555490
10:14:50.314802 0.481625 0.549925 0.734524 2372767.974322 0.952320
10:14:50.774247 0.459274 0.538594 0.767694 2514995.112422 0.952320
10:14:51.343957 0.569546 0.542463 0.745240 2049632.570933 0.952320
10:14:51.998359 0.654256 0.556437 0.820313 1803037.052650 0.952320
10:14:52.934399 0.725204 0.577533 0.944207 1643587.204286 0.644290
10:14:53.697586 0.763022 0.600719 1.061214 1578229.342036 0.644290
10:14:54.428637 0.730906 0.616993 1.092550 1664389.105984 0.644290
10:14:55.026013 0.597232 0.614522 0.990951 2057491.539909 0.644290
10:14:56.195090 0.579473 0.610141 0.927512 2141752.868666 0.670858
10:14:56.674700 0.479452 0.593805 0.962523 2614183.801186 0.670858
10:14:57.208940 0.534088 0.586341 0.922596 2369766.182047 0.670858
10:14:57.761652 0.552565 0.582119 0.868085 2312763.792852 0.670858
10:14:58.345852 0.584059 0.582361 0.798777 2209091.889632 0.670858
10:14:58.844782 0.498787 0.571914 0.817800 2611391.621151 0.670858
10:14:59.553393 0.567202 0.571325 0.760452 2318074.233208 0.710711
10:15:00.063302 0.509754 0.563629 0.767045 2603419.549469 0.710711
10:15:00.687398 0.623943 0.571168 0.784045 2146657.316227 0.710711
10:15:01.245881 0.558335 0.569564 0.742054 2420911.890895 0.710711
10:15:01.842811 0.596784 0.572967 0.729554 2285530.916459 0.710711
10:15:02.860131 0.590121 0.575111 0.709706 2332158.876149 0.743922
10:15:03.448317 0.588034 0.576726 0.690596 2361332.233770 0.743922
10:15:04.057661 0.609201 0.580786 0.698663 2299457.986395 0.743922
10:15:04.628086 0.570290 0.579474 0.678377 2477897.860917 0.743922
10:15:05.166239 0.538016 0.574291 0.689927 2649378.058982 0.743922
10:15:06.041949 0.560356 0.572549 0.673211 2565683.694223 0.777133
10:15:06.615868 0.573719 0.572696 0.649361 2527342.723957 0.777133
10:15:07.186387 0.570369 0.572405 0.632231 2563729.772586 0.777133
10:15:07.740652 0.554113 0.570118 0.633280 2661118.284975 0.777133
10:15:08.902750 0.551264 0.567762 0.633987 2697162.366139 0.803702
10:15:09.466401 0.563497 0.567228 0.621162 2660414.914522 0.803702
10:15:10.025823 0.559279 0.566235 0.614634 2702451.003159 0.803702
10:15:10.600003 0.574039 0.567210 0.611315 2654369.152425 0.803702
10:15:11.196569 0.596424 0.570862 0.633154 2575348.636704 0.803702
10:15:12.244305 0.594858 0.573862 0.644576 2602786.176256 0.836912
10:15:12.861950 0.617484 0.579314 0.675973 2527313.688592 0.836912
10:15:13.448876 0.586780 0.580248 0.660207 2680500.032366 0.836912
10:15:14.033023 0.584007 0.580717 0.644446 2714269.828809 0.836912
10:15:15.093615 0.571694 0.579590 0.636410 2794222.586058 0.863481
10:15:15.568903 0.475138 0.566533 0.713600 3387917.137375 0.863481
10:15:16.164225 0.595195 0.570116 0.709078 2725183.931473 0.863481
10:15:16.729556 0.565205 0.569502 0.678634 2891523.816931 0.863481
10:15:17.778703 0.474169 0.557585 0.734768 3472584.552849 0.890050
10:15:18.331728 0.552866 0.556995 0.694601 3000510.166735 0.890050
10:15:18.919447 0.587573 0.560818 0.694600 2844187.622064 0.890050
10:15:19.472871 0.553274 0.559875 0.667755 3042715.778085 0.890050
10:15:20.667229 0.583765 0.562861 0.667661 2904841.170150 0.594998
10:15:21.289868 0.622470 0.570312 0.708521 2743959.176831 0.594998
10:15:21.881555 0.591540 0.572966 0.697850 2908206.389784 0.594998
10:15:22.430288 0.548593 0.569919 0.687955 3158275.552456 0.594998
10:15:22.900460 0.470027 0.557433 0.745851 3712329.773857 0.594998
10:15:23.372923 0.472306 0.546792 0.773232 3720435.377139 0.594998
10:15:23.897329 0.524254 0.543974 0.736343 3375219.878978 0.594998
10:15:24.712248 0.481950 0.536221 0.742522 3696980.672262 0.414363
10:15:25.189769 0.477362 0.528864 0.742449 3758253.514177 0.414363
10:15:25.739122 0.549179 0.531403 0.711907 3289158.053099 0.414363
10:15:26.316108 0.576836 0.537082 0.717893 3152756.859559 0.414363
10:15:26.841851 0.525598 0.535647 0.682739 3483483.249059 0.414363
10:15:27.460142 0.618151 0.545960 0.738783 2981795.953814 0.414363
10:15:28.098800 0.638517 0.557530 0.794704 2905934.034799 0.414363
10:15:28.705230 0.606284 0.563624 0.790259 3080694.136670 0.414363
10:15:29.987518 0.594888 0.567532 0.768773 3160366.470454 0.437224
10:15:30.537094 0.549346 0.565259 0.734375 3444734.796510 0.437224
10:15:31.088680 0.551363 0.563522 0.704254 3454421.188835 0.437224
10:15:31.738524 0.649660 0.574289 0.765977 2950664.005053 0.437224
10:15:32.384242 0.645575 0.583200 0.798252 2988368.293263 0.437224
10:15:32.887187 0.502789 0.573148 0.814848 3861470.400781 0.437224
10:15:33.550562 0.663234 0.584409 0.855770 2945856.233909 0.437224
10:15:34.107413 0.556709 0.580947 0.812167 3531611.343486 0.437224
10:15:34.595298 0.487718 0.569293 0.835937 4056377.947736 0.437224
10:15:35.233430 0.369560 0.544326 0.944043 5386560.413964 0.462943
10:15:35.663949 0.430363 0.530081 0.943831 4654081.043246 0.462943
10:15:36.082679 0.418599 0.516146 0.937941 4814231.587030 0.462943
10:15:36.541183 0.458361 0.508923 0.883053 4423411.550383 0.462943
10:15:36.948344 0.406998 0.496182 0.878705 5011838.892439 0.462943
