10:12:37.626594 0.172151 0.172151 0.860754 71379.258243 0.500000
10:12:37.735385 0.108592 0.164206 0.744217 226314.944418 0.500000
10:12:37.820923 0.085382 0.154353 0.668186 575671.790326 0.500000
10:12:37.983747 0.162630 0.155388 0.549039 604463.819293 0.500000
10:12:38.154377 0.170484 0.157275 0.467610 1153233.874590 0.500000
10:12:38.391691 0.237149 0.167259 0.479885 1658096.807162 0.500000
10:12:38.869450 0.477620 0.206054 0.750884 1646563.783931 0.500000
10:12:39.274527 0.404948 0.230916 0.838432 1972401.413550 0.500000
10:12:39.808842 0.534169 0.268822 1.027713 1518261.192168 0.500000
10:12:40.858468 0.493106 0.296858 1.090310 1669612.189504 0.268822
10:12:41.759379 0.505613 0.322952 1.126796 1652615.446133 0.296858
10:12:42.370587 0.611033 0.358962 1.249926 1387604.354626 0.296858
10:12:42.812879 0.441896 0.369329 1.120486 1946520.471662 0.296858
10:12:43.538929 0.571828 0.394641 1.160508 1525717.820979 0.369329
10:12:44.096885 0.557775 0.415033 1.152566 1586187.920444 0.369329
10:12:44.585388 0.488346 0.424197 1.050660 1836861.193873 0.369329
10:12:45.591155 0.485714 0.431887 0.963251 1872114.201450 0.757760
10:12:46.117288 0.525969 0.443647 0.936252 1752194.426116 0.757760
10:12:46.597676 0.480245 0.448222 0.854274 1944606.980884 0.757760
10:12:47.044919 0.447082 0.448079 0.753758 2116337.526939 0.757760
10:12:47.405064 0.359996 0.437069 0.754411 2662428.987946 0.757760
10:12:48.539878 0.561827 0.452664 0.815429 1727848.779344 0.808960
10:12:49.124820 0.584782 0.469179 0.873371 1681036.338809 0.808960
10:12:49.590809 0.465843 0.468762 0.775241 2136617.016087 0.808960
10:12:50.029468 0.438517 0.464981 0.725085 2297780.439056 0.808960
10:12:50.910454 0.574943 0.478726 0.783766 1773922.469688 0.849920
10:12:51.478085 0.567452 0.489817 0.807323 1818994.529718 0.849920
10:12:52.070519 0.592284 0.502625 0.843222 1763478.438060 0.849920
10:12:52.569872 0.499208 0.502198 0.761063 2116889.264874 0.849920
10:12:53.747959 0.591255 0.513330 0.796535 1808113.404848 0.577868
10:12:54.390909 0.642746 0.529507 0.871327 1682381.605869 0.577868
10:12:54.974225 0.583169 0.536215 0.846241 1875326.073606 0.577868
10:12:55.515096 0.540718 0.536778 0.773801 2045281.138869 0.577868
10:12:56.048120 0.532876 0.536290 0.717959 2098439.353870 0.577868
10:12:56.584760 0.536492 0.536315 0.672769 2107200.614513 0.577868
10:12:57.147110 0.562195 0.539550 0.667770 2032717.958495 0.577868
10:12:58.649611 0.244062 0.502614 0.894267 2366350.049278 0.624363
10:12:58.987133 0.337357 0.481957 0.940954 1748367.227261 0.624363
10:12:59.195860 0.208554 0.447782 1.065433 2887079.197393 0.624363
10:12:59.480641 0.284631 0.427388 1.053777 2158585.975199 0.624363
10:12:59.698205 0.217418 0.401142 1.080903 2882408.270428 0.624363
10:13:00.035803 0.337449 0.393180 0.966694 1893547.944348 0.624363
10:13:00.247499 0.211548 0.370476 0.982243 3078565.890364 0.624363
10:13:00.584231 0.336562 0.366237 0.858976 1971559.953762 0.624363
10:13:00.818682 0.234301 0.349745 0.851235 2884493.620181 0.624363
10:13:01.473157 0.299531 0.343468 0.769800 2297351.656827 0.371961
10:13:01.715689 0.242362 0.330830 0.751685 2889957.729616 0.371961
10:13:02.033417 0.317583 0.329174 0.658062 2244149.753773 0.371961
10:13:02.333062 0.299436 0.325457 0.601861 2421191.093717 0.371961
10:13:02.651884 0.318674 0.324609 0.538695 2313588.021323 0.371961
10:13:02.948534 0.296500 0.321095 0.509768 2528054.239366 0.371961
10:13:03.253226 0.304542 0.319026 0.477084 2501644.562086 0.371961
10:13:04.000883 0.269589 0.312846 0.480827 1412995.613583 0.371961
10:13:04.296928 0.295887 0.310727 0.453672 1328939.793773 0.371961
10:13:04.500736 0.203661 0.297343 0.511617 1991071.413020 0.371961
10:13:04.767633 0.266743 0.293518 0.484824 1566271.979349 0.371961
10:13:05.241098 0.231062 0.285711 0.491647 1861317.206734 0.232476
10:13:05.483242 0.241985 0.280245 0.478424 1828081.429844 0.232476
10:13:05.735329 0.251939 0.276707 0.453647 1804626.892952 0.232476
10:13:06.047680 0.312199 0.281144 0.449341 1495660.866539 0.232476
10:13:06.302439 0.254610 0.277827 0.430509 1882221.172483 0.232476
10:13:06.624351 0.321772 0.283320 0.441776 1527541.904418 0.232476
10:13:06.840767 0.216269 0.274939 0.460832 2329543.125034 0.232476
10:13:07.095816 0.254886 0.272432 0.431904 2024809.897560 0.232476
10:13:07.373298 0.277331 0.273044 0.397548 1905247.654969 0.232476
10:13:07.715462 0.342011 0.281665 0.444009 1580860.448343 0.232476
10:13:07.998663 0.283045 0.281838 0.404976 1953611.247388 0.232476
10:13:08.347645 0.348695 0.290195 0.449405 1621039.366928 0.232476
10:13:08.656615 0.308815 0.292522 0.430550 1870168.208909 0.232476
10:13:08.930998 0.274215 0.290234 0.412062 2150954.676423 0.232476
10:13:09.290337 0.359193 0.298854 0.459184 1676291.727433 0.232476
10:13:09.829499 0.285812 0.297224 0.430513 2149663.765335 0.332108
10:13:10.032380 0.202722 0.285411 0.479880 3091369.030507 0.332108
10:13:10.304489 0.271964 0.283730 0.443028 2349486.799951 0.332108
10:13:10.565301 0.260661 0.280846 0.423389 2498510.643787 0.332108
10:13:10.828061 0.262602 0.278566 0.403717 2526834.412813 0.332108
10:13:11.123861 0.295651 0.280702 0.391650 2285938.805177 0.332108
10:13:11.395911 0.271900 0.279601 0.371614 2530813.370482 0.332108
10:13:11.704257 0.308195 0.283176 0.380779 2272638.234270 0.332108
10:13:11.918349 0.213941 0.274521 0.416959 3331313.166925 0.332108
10:13:12.240670 0.322173 0.280478 0.434958 2250318.099691 0.332108
10:13:12.490566 0.249748 0.276636 0.423226 2952095.812219 0.332108
10:13:13.124747 0.286205 0.277833 0.397343 2618989.396868 0.405172
10:13:13.425868 0.300932 0.280720 0.393453 2531653.570409 0.405172
10:13:14.033312 0.213216 0.272282 0.424336 1786582.064393 0.405172
10:13:14.324133 0.290672 0.274581 0.407011 1352782.220700 0.405172
10:13:14.600533 0.276249 0.274789 0.375780 1467892.191512 0.405172
10:13:14.868801 0.268118 0.273955 0.356370 1558239.836780 0.405172
10:13:15.052568 0.183618 0.262663 0.414812 2342253.151100 0.405172
10:13:15.249910 0.197155 0.254475 0.434094 2243757.463615 0.405172
10:13:15.555672 0.305614 0.260867 0.446721 1487680.564489 0.405172
10:13:15.763768 0.207947 0.254252 0.446563 2245495.076177 0.405172
10:13:16.086023 0.322106 0.262734 0.474821 1487807.793222 0.405172
10:13:16.313107 0.226936 0.258259 0.453122 2165898.295802 0.405172
10:13:16.647929 0.334666 0.267810 0.490364 1505405.327549 0.405172
10:13:16.878306 0.230222 0.263111 0.467615 2241732.022381 0.405172
10:13:17.462889 0.316681 0.269808 0.476755 1668506.014455 0.285613
10:13:17.714350 0.251298 0.267494 0.441214 2151517.743770 0.285613
10:13:18.026222 0.311723 0.273023 0.447542 1773882.616644 0.285613
10:13:18.192061 0.165642 0.259600 0.497870 3412467.376740 0.285613
10:13:18.535784 0.343567 0.270096 0.532765 1681000.146385 0.285613
10:13:18.805489 0.269570 0.270030 0.467558 2188017.043597 0.285613
10:13:19.112254 0.306620 0.274604 0.459340 1963706.745767 0.285613
10:13:19.316067 0.203667 0.265737 0.475226 3016690.111573 0.285613
10:13:19.563616 0.247377 0.263442 0.438918 2533332.547994 0.285613
10:13:19.820392 0.256624 0.262590 0.401015 2489930.954917 0.285613
10:13:20.117562 0.297014 0.266893 0.405136 2192704.735521 0.285613
10:13:20.317478 0.199767 0.258502 0.429310 3321631.788457 0.285613
10:13:20.662400 0.344739 0.269282 0.483625 1960438.507076 0.285613
10:13:20.911829 0.249272 0.266780 0.447548 2760552.167159 0.285613
10:13:21.502421 0.335744 0.275401 0.479940 2086161.480277 0.378603
10:13:21.782157 0.279327 0.275892 0.433222 2551502.742884 0.378603
10:13:22.137678 0.355374 0.285827 0.483307 2040081.155152 0.378603
10:13:22.420808 0.282982 0.285471 0.436427 2605396.569518 0.378603
10:13:22.716591 0.295636 0.286742 0.410123 2535442.759216 0.378603
10:13:22.885571 0.168832 0.272003 0.482449 4512514.147396 0.378603
10:13:23.581705 0.213101 0.264640 0.481377 1787547.503510 0.378603
10:13:23.918539 0.336690 0.273647 0.508249 1167887.550924 0.378603
10:13:24.188272 0.269583 0.273139 0.453154 1504189.877728 0.378603
10:13:24.455845 0.267425 0.272424 0.413149 1562276.921896 0.378603
10:13:24.963380 0.275863 0.272854 0.381836 1559035.121399 0.232476
10:13:25.216455 0.252741 0.270340 0.372190 1750281.227681 0.232476
10:13:25.479759 0.263146 0.269441 0.353022 1727771.396779 0.232476
10:13:25.771397 0.291480 0.272196 0.356921 1601977.078312 0.232476
10:13:26.056556 0.284996 0.273796 0.350140 1681539.197002 0.232476
10:13:26.352243 0.295532 0.276513 0.355507 1663170.214118 0.232476
10:13:26.567828 0.215433 0.268878 0.389203 2338584.502980 0.232476
10:13:26.830216 0.262227 0.268046 0.364941 1968126.413529 0.232476
10:13:27.087962 0.257593 0.266740 0.349864 2051236.529337 0.232476
10:13:27.361393 0.273279 0.267557 0.336440 1978461.922316 0.232476
10:13:27.612917 0.251361 0.265533 0.333391 2199862.788373 0.232476
10:13:27.884595 0.271532 0.266283 0.323175 2081700.772238 0.232476
10:13:28.218946 0.334200 0.274772 0.385359 1728114.157609 0.232476
10:13:28.503292 0.284199 0.275951 0.368318 2075390.839641 0.232476
10:13:29.067850 0.222188 0.269230 0.392268 2709921.377760 0.325466
10:13:29.348433 0.280423 0.270629 0.374100 2190976.354449 0.325466
10:13:29.655501 0.306913 0.275165 0.389052 2041908.313422 0.325466
10:13:30.287222 0.239359 0.270689 0.391910 1334765.481294 0.325466
10:13:30.564448 0.277071 0.271487 0.368785 1197440.370963 0.325466
10:13:30.817536 0.252932 0.269167 0.360696 1360303.270473 0.325466
10:13:31.152073 0.334379 0.277319 0.411177 1065712.993424 0.325466
10:13:31.326481 0.174253 0.264436 0.467895 2115544.798063 0.325466
10:13:31.550576 0.223941 0.259374 0.452463 1701020.609610 0.325466
10:13:31.819138 0.268397 0.260502 0.414342 1465053.126581 0.325466
10:13:32.051824 0.232534 0.257006 0.400353 1743846.935429 0.325466
10:13:32.430742 0.378768 0.272226 0.501499 1103028.862398 0.325466
10:13:32.716176 0.285284 0.273858 0.458871 1507550.147020 0.325466
10:13:33.013098 0.296759 0.276721 0.438381 1490664.693393 0.325466
10:13:33.316671 0.303419 0.280058 0.428002 1498442.188648 0.325466
10:13:33.619688 0.302860 0.282908 0.416668 1541782.785118 0.325466
10:13:34.181433 0.283789 0.283018 0.384219 1688690.306569 0.259044
10:13:34.435697 0.254082 0.279401 0.384238 1934493.859024 0.259044
10:13:34.682927 0.247078 0.275361 0.386312 2039065.066420 0.259044
10:13:35.032193 0.349114 0.284580 0.441546 1478302.465484 0.259044
10:13:35.298480 0.266134 0.282274 0.418445 1985405.671626 0.259044
10:13:35.635323 0.336690 0.289076 0.445620 1605845.382521 0.259044
10:13:35.893068 0.257533 0.285133 0.434084 2147141.695804 0.259044
10:13:36.236336 0.343058 0.292374 0.462012 1647675.357440 0.259044
10:13:36.529977 0.293479 0.292512 0.420845 1967895.717861 0.259044
10:13:36.795157 0.265024 0.289076 0.412814 2225549.831274 0.259044
10:13:37.069584 0.274278 0.287226 0.394828 2195260.429838 0.259044
10:13:37.468716 0.398991 0.301197 0.493663 1539883.941703 0.259044
10:13:37.747728 0.278850 0.298404 0.465100 2247401.195600 0.259044
10:13:38.473741 0.363547 0.306546 0.496712 1757616.667544 0.345392
10:13:38.812985 0.339075 0.310613 0.485765 1920707.306689 0.345392
10:13:39.216973 0.403839 0.322266 0.546857 1643109.796418 0.345392
10:13:39.564970 0.347842 0.325463 0.519482 1942951.232464 0.345392
10:13:39.930748 0.365632 0.330484 0.516168 1882023.160903 0.345392
10:13:40.299313 0.368412 0.335225 0.512416 1901175.765493 0.345392
10:13:40.626938 0.327438 0.334252 0.474932 2176608.293164 0.345392
10:13:40.894343 0.267227 0.325874 0.498408 2713017.513390 0.345392
10:13:41.343402 0.448815 0.341241 0.593584 1642725.451825 0.345392
10:13:41.656010 0.312450 0.337642 0.555690 2399000.130996 0.345392
10:13:42.048270 0.392112 0.344451 0.562457 1942954.991420 0.345392
10:13:43.329385 0.313461 0.340577 0.535072 1215232.263837 0.418456
10:13:43.618531 0.288982 0.334128 0.531594 1360694.148119 0.418456
10:13:43.933994 0.315315 0.331776 0.498689 1286028.224162 0.418456
10:13:44.270361 0.336218 0.332331 0.461957 1242622.788802 0.418456
10:13:44.631608 0.361079 0.335925 0.461892 1191096.759154 0.418456
10:13:44.785495 0.153737 0.313151 0.589815 2877432.263069 0.418456
10:13:45.083808 0.297392 0.311182 0.534438 1528811.016797 0.418456
10:13:45.371668 0.287602 0.308234 0.499256 1623575.975429 0.418456
10:13:45.643956 0.272138 0.303722 0.483085 1760989.684446 0.418456
10:13:46.017283 0.373171 0.312403 0.516374 1317143.829598 0.418456
10:13:46.296082 0.278631 0.308182 0.494932 1808153.506596 0.418456
10:13:46.644981 0.348730 0.313250 0.493861 1479930.673226 0.418456
10:13:46.985733 0.340598 0.316669 0.479474 1551342.652718 0.418456
10:13:47.335070 0.349186 0.320733 0.475355 1548378.478298 0.418456
10:13:47.938954 0.324914 0.321256 0.441403 1701865.836682 0.298897
10:13:48.212685 0.273566 0.315295 0.453095 2066221.622086 0.298897
10:13:48.462375 0.246898 0.306745 0.478492 2339166.750303 0.298897
10:13:48.860537 0.397895 0.318139 0.538099 1482360.560261 0.298897
10:13:49.142413 0.281720 0.313586 0.514975 2137271.633283 0.298897
10:13:49.447628 0.305051 0.312520 0.472097 2014088.864122 0.298897
10:13:49.746728 0.298941 0.310822 0.444084 2096360.873719 0.298897
10:13:50.096473 0.349594 0.315669 0.454387 1827765.315176 0.298897
10:13:50.354510 0.257892 0.308447 0.470262 2525334.896574 0.298897
10:13:50.767476 0.412819 0.321493 0.547227 1607367.305139 0.298897
10:13:51.131629 0.363979 0.326804 0.538590 1856811.120488 0.298897
10:13:51.794487 0.276896 0.320565 0.529313 2485149.659899 0.371961
10:13:52.186686 0.392034 0.329499 0.557528 1786620.303023 0.371961
10:13:52.519290 0.332456 0.329869 0.503847 2143755.177250 0.371961
10:13:52.821169 0.301732 0.326352 0.484972 2402767.515280 0.371961
10:13:53.168261 0.346944 0.328926 0.468484 2125068.601481 0.371961
10:13:53.514073 0.345661 0.331018 0.452421 2168506.608584 0.371961
10:13:53.767784 0.253557 0.321335 0.489848 3004673.899007 0.371961
10:13:54.570852 0.308440 0.319723 0.459003 1235015.033816 0.371961
10:13:54.775334 0.204328 0.305299 0.525154 1924434.655285 0.371961
10:13:55.132831 0.357341 0.311804 0.528738 1134781.460876 0.371961
10:13:55.277808 0.144824 0.290932 0.620612 2884825.161446 0.371961
10:13:55.647824 0.369869 0.300799 0.626996 1162790.088536 0.371961
10:13:56.200814 0.345503 0.306387 0.595739 1280359.019886 0.239118
10:13:56.362883 0.161904 0.288326 0.649824 2808180.951182 0.239118
10:13:56.693510 0.330459 0.293593 0.606849 1413015.936683 0.239118
10:13:56.947725 0.254065 0.288652 0.563122 1886257.180782 0.239118
10:13:57.328531 0.380649 0.300152 0.598001 1291268.837931 0.239118
10:13:57.569535 0.240852 0.292739 0.575426 2091775.251416 0.239118
10:13:57.814593 0.244909 0.286760 0.546605 2107296.582323 0.239118
10:13:58.086644 0.271904 0.284903 0.494643 1943274.156065 0.239118
10:13:58.410836 0.324025 0.289794 0.486220 1668611.196186 0.239118
10:13:58.680363 0.269379 0.287242 0.454977 2052722.016892 0.239118
10:13:58.949430 0.268918 0.284951 0.429076 2101934.126228 0.239118
10:13:59.381749 0.432155 0.303352 0.558649 1336408.981040 0.239118
10:13:59.613280 0.231373 0.294354 0.557806 2549233.563532 0.239118
10:13:59.914734 0.301304 0.295223 0.499761 1998354.727201 0.239118
10:14:00.210646 0.295762 0.295290 0.449233 2077345.538147 0.239118
10:14:00.874981 0.277499 0.293067 0.426315 2258341.654511 0.338750
10:14:01.210806 0.335647 0.298389 0.440906 1903713.716737 0.338750
10:14:01.468052 0.257097 0.293228 0.441407 2533145.019957 0.338750
10:14:01.836354 0.368156 0.302594 0.488657 1802366.602257 0.338750
10:14:02.087306 0.250804 0.296120 0.487457 2694694.429154 0.338750
10:14:02.481316 0.393860 0.308337 0.549580 1747138.126025 0.338750
10:14:02.829098 0.347617 0.313247 0.533459 2014907.727352 0.338750
10:14:03.170364 0.341122 0.316732 0.509765 2089292.645230 0.338750
10:14:03.568941 0.398432 0.326944 0.553420 1819612.807726 0.338750
10:14:03.937881 0.368793 0.332175 0.543881 1999170.208181 0.338750
10:14:04.684823 0.372158 0.337173 0.535935 2014112.012136 0.405172
10:14:05.053963 0.368979 0.341149 0.522026 2064768.041189 0.405172
10:14:05.838010 0.255209 0.330406 0.552004 1492612.118293 0.405172
10:14:06.147869 0.309705 0.327819 0.514718 1269646.844191 0.405172
10:14:06.478631 0.330610 0.328168 0.471134 1226532.636043 0.405172
10:14:06.751677 0.272894 0.321258 0.483757 1530968.597561 0.405172
10:14:07.037325 0.285501 0.316789 0.474420 1506404.513753 0.405172
10:14:07.404904 0.367432 0.323119 0.491986 1203944.834914 0.405172
10:14:07.702359 0.297319 0.319894 0.472344 1529184.930018 0.405172
10:14:07.980760 0.278063 0.314665 0.470834 1679273.765907 0.405172
10:14:08.266739 0.285830 0.311061 0.457023 1676634.239553 0.405172
10:14:08.596983 0.330089 0.313439 0.441939 1489053.611741 0.405172
10:14:08.881045 0.283807 0.309735 0.435742 1775177.956516 0.405172
10:14:09.536794 0.306433 0.309323 0.407130 1684205.236696 0.278971
10:14:09.876958 0.340008 0.313158 0.417199 1554033.929484 0.278971
10:14:10.135577 0.258457 0.306321 0.439052 2091920.959485 0.278971
10:14:10.478948 0.343223 0.310933 0.447385 1611080.396837 0.278971
10:14:10.831386 0.352169 0.316088 0.459662 1605047.408572 0.278971
10:14:11.167290 0.335755 0.318546 0.445894 1720110.828295 0.278971
10:14:11.503747 0.336311 0.320767 0.434042 1753805.969485 0.278971
10:14:11.801129 0.297230 0.317825 0.426318 2025744.337166 0.278971
10:14:12.171085 0.369811 0.324323 0.457679 1661388.935336 0.278971
10:14:12.429503 0.258263 0.316066 0.482143 2426548.635984 0.278971
10:14:12.833895 0.404171 0.327079 0.539742 1580954.635105 0.278971
10:14:13.125602 0.291552 0.322638 0.517662 2233782.826997 0.278971
10:14:13.876171 0.342432 0.325112 0.491174 1937762.700874 0.358677
10:14:14.185099 0.308761 0.323068 0.463966 2188878.321901 0.358677
10:14:14.565705 0.380458 0.330242 0.493305 1808682.664661 0.358677
10:14:14.914416 0.348552 0.332531 0.473138 2009502.234688 0.358677
10:14:15.221375 0.306813 0.329316 0.460489 2322926.330395 0.358677
10:14:15.597199 0.375674 0.335111 0.479849 1929843.380186 0.358677
10:14:15.987500 0.390151 0.341991 0.505585 1889729.758227 0.358677
10:14:16.306068 0.318344 0.339035 0.485377 2354584.117720 0.358677
10:14:16.718365 0.412139 0.348173 0.531033 1848541.664193 0.358677
10:14:17.562077 0.309167 0.343297 0.519448 1232110.216390 0.358677
10:14:17.820351 0.258124 0.332651 0.549937 1523360.197944 0.358677
10:14:18.246176 0.425675 0.344279 0.600268 952614.273033 0.358677
10:14:18.550621 0.304295 0.339281 0.571256 1372983.169215 0.358677
10:14:19.252549 0.359504 0.341809 0.536013 1196314.974524 0.339281
10:14:19.651756 0.399045 0.348963 0.551853 1108566.729285 0.339281
10:14:19.932319 0.280412 0.340394 0.561113 1621385.914198 0.339281
10:14:20.260683 0.328204 0.338870 0.516600 1422724.218848 0.339281
10:14:20.583113 0.322273 0.336796 0.486690 1487037.313840 0.339281
10:14:20.928295 0.345023 0.337824 0.458472 1424600.037923 0.339281
10:14:21.170000 0.241554 0.325790 0.512547 2085696.994159 0.339281
10:14:21.430959 0.260807 0.317667 0.522718 1978842.309000 0.339281
10:14:21.763967 0.332857 0.319566 0.488544 1587420.931504 0.339281
10:14:21.946486 0.182361 0.302416 0.566354 2964846.285466 0.339281
10:14:22.320526 0.373891 0.311350 0.580779 1478933.244298 0.339281
10:14:22.652283 0.331608 0.313882 0.536212 1704567.770387 0.339281
10:14:23.317223 0.363600 0.320097 0.536562 1588382.769960 0.313882
10:14:23.568759 0.251371 0.311506 0.542581 2346429.057517 0.313882
10:14:23.892700 0.323787 0.313041 0.498628 1859593.030098 0.313882
10:14:24.204010 0.311161 0.312806 0.453877 1974540.249359 0.313882
10:14:24.481240 0.274195 0.307980 0.452394 2285556.268213 0.313882
10:14:24.781000 0.299604 0.306933 0.423619 2132733.947121 0.313882
10:14:25.002087 0.220938 0.296184 0.469693 2947723.326858 0.313882
10:14:25.415684 0.413444 0.310841 0.558234 1604938.794394 0.313882
10:14:25.681441 0.265605 0.305187 0.535967 2544528.387825 0.313882
10:14:26.099339 0.417749 0.319257 0.604904 1647228.643240 0.313882
10:14:26.311291 0.211795 0.305824 0.627522 3307045.477838 0.313882
10:14:26.767861 0.456421 0.324649 0.716519 1561505.246907 0.313882
10:14:27.351358 0.333910 0.325806 0.628970 2171219.865170 0.324649
10:14:27.715471 0.363951 0.330574 0.596092 2025767.384215 0.324649
10:14:28.094167 0.378539 0.336570 0.583672 1980161.365209 0.324649
10:14:28.461616 0.367285 0.340409 0.556451 2074291.007315 0.324649
10:14:29.218610 0.200228 0.322887 0.625099 1902471.412358 0.324649
10:14:29.520969 0.302211 0.320302 0.567638 1301130.467995 0.324649
10:14:29.918340 0.397221 0.329917 0.592337 1020852.144643 0.324649
10:14:30.150358 0.231868 0.317661 0.612525 1801852.555737 0.324649
10:14:30.581214 0.430558 0.331773 0.665818 998889.891095 0.324649
10:14:30.860834 0.279455 0.325233 0.628085 1582965.798614 0.324649
10:14:31.154039 0.293054 0.321211 0.580529 1551440.481552 0.324649
10:14:31.477312 0.323121 0.321450 0.517848 1445105.386518 0.324649
10:14:31.776725 0.299244 0.318674 0.488179 1601476.109478 0.324649
10:14:32.044040 0.267163 0.312235 0.490875 1839775.454017 0.324649
10:14:32.649249 0.287665 0.309164 0.467714 1751371.185734 0.312235
10:14:32.970145 0.320737 0.310611 0.441096 1609093.435725 0.312235
10:14:33.333139 0.362848 0.317140 0.467242 1456212.895591 0.312235
10:14:33.597131 0.263838 0.310477 0.476356 2049257.089208 0.312235
10:14:33.997508 0.400219 0.321695 0.535846 1381643.675738 0.312235
10:14:34.216689 0.219030 0.308862 0.572140 2580685.905950 0.312235
10:14:34.515756 0.298911 0.307618 0.515028 1932134.574339 0.312235
10:14:34.783525 0.267620 0.302618 0.498174 2203962.089710 0.312235
10:14:35.137391 0.353706 0.309004 0.506759 1702294.541979 0.312235
10:14:35.365159 0.227617 0.298831 0.528534 2699270.843149 0.312235
10:14:35.701179 0.335872 0.303461 0.512779 1865854.020235 0.312235
10:14:36.003183 0.301854 0.303260 0.461856 2116838.676550 0.312235
10:14:36.619724 0.386627 0.313681 0.515995 1684475.392849 0.303260
10:14:36.865845 0.245957 0.305216 0.524675 2697835.933429 0.303260
10:14:37.229652 0.363641 0.312519 0.535539 1858536.182861 0.303260
10:14:37.514517 0.284712 0.309043 0.504115 2416925.931683 0.303260
10:14:37.863717 0.349061 0.314045 0.500367 2006571.846707 0.303260
10:14:38.117443 0.253577 0.306487 0.506696 2810601.975045 0.303260
10:14:38.467094 0.349516 0.311865 0.505052 2074274.644038 0.303260
10:14:38.839253 0.372002 0.319382 0.524409 1981925.433763 0.303260
10:14:39.111991 0.272457 0.313517 0.514212 2751143.549535 0.303260
10:14:39.470135 0.357988 0.319076 0.514068 2128161.429643 0.303260
10:14:40.642813 0.341111 0.321830 0.490110 1116727.580469 0.319076
10:14:40.831162 0.188182 0.305124 0.564982 2089552.968564 0.319076
10:14:41.063017 0.231703 0.295946 0.564261 1750102.177242 0.319076
10:14:41.441269 0.378102 0.306216 0.589607 1104972.183646 0.319076
10:14:41.686919 0.245502 0.298627 0.571884 1751839.123948 0.319076
10:14:42.045410 0.358342 0.306091 0.570749 1234485.724751 0.319076
10:14:42.327828 0.282270 0.303113 0.525428 1610713.405588 0.319076
10:14:42.732957 0.404979 0.315847 0.584448 1153007.960636 0.319076
10:14:42.887266 0.154152 0.295635 0.658781 3108829.334521 0.319076
10:14:43.207034 0.319614 0.298632 0.594971 1537854.210132 0.319076
10:14:43.431407 0.224223 0.289331 0.585994 2246904.610118 0.319076
10:14:43.685467 0.253915 0.284904 0.542817 2032553.628962 0.319076
10:14:43.885928 0.200310 0.274330 0.552359 2637831.468892 0.319076
10:14:44.162611 0.276540 0.274606 0.485338 1955132.660875 0.319076
10:14:44.398569 0.235810 0.269757 0.466601 2344938.309888 0.319076
10:14:44.978512 0.256413 0.268089 0.429066 2204443.759116 0.269757
10:14:45.186499 0.207825 0.260556 0.441552 2778954.175833 0.269757
10:14:45.469645 0.282996 0.263361 0.421548 2084213.651804 0.269757
10:14:45.762343 0.292552 0.267010 0.414842 2058136.713072 0.269757
10:14:45.982146 0.219652 0.261090 0.419322 2797152.654493 0.269757
10:14:46.266999 0.284702 0.264041 0.406327 2201206.391910 0.269757
10:14:46.579612 0.312440 0.270091 0.425204 2045114.834997 0.269757
10:14:46.842273 0.262503 0.269143 0.393066 2480975.969744 0.269757
10:14:47.061830 0.219397 0.262925 0.405612 3024434.218639 0.269757
10:14:47.333025 0.271045 0.263940 0.379076 2493460.775532 0.269757
10:14:47.608689 0.275513 0.265386 0.363312 2497622.870917 0.269757
10:14:47.927503 0.318652 0.272044 0.398755 2198059.914019 0.269757
10:14:48.231283 0.303611 0.275990 0.402589 2347424.519639 0.269757
10:14:48.755755 0.318707 0.281330 0.418996 2274791.656182 0.275990
10:14:49.058245 0.302268 0.283947 0.408135 2439159.722733 0.275990
10:14:49.279289 0.220892 0.276065 0.432261 3393369.434544 0.275990
10:14:49.625859 0.346419 0.284859 0.472360 2199232.111660 0.275990
10:14:50.036645 0.410636 0.300582 0.566984 1885231.927280 0.275990
10:14:50.597945 0.561140 0.333151 0.793511 1401489.673371 0.275990
10:14:51.128214 0.530120 0.357772 0.900011 1506678.029111 0.275990
10:14:51.593889 0.465514 0.371240 0.885661 1742176.779010 0.275990
10:14:52.084425 0.490389 0.386134 0.891098 1678862.734642 0.275990
10:14:52.529405 0.444832 0.393471 0.830893 1878425.646981 0.275990
10:14:53.442691 0.552314 0.413326 0.900236 1535126.637964 0.393471
10:14:53.848564 0.405720 0.412376 0.785164 2120082.839257 0.393471
10:14:54.426033 0.577323 0.432994 0.877533 1511195.120066 0.393471
10:14:54.950349 0.524167 0.444391 0.868968 1687889.350700 0.393471
10:14:55.202413 0.251915 0.420331 0.931240 3560820.428481 0.393471
10:14:55.592897 0.390336 0.416582 0.829758 2329562.004393 0.393471
10:14:55.895590 0.302545 0.402327 0.826246 3046157.711397 0.393471
10:14:56.292250 0.396484 0.401597 0.725380 2355424.783522 0.393471
10:14:56.974853 0.393568 0.400593 0.651459 2404097.656271 0.401597
10:14:57.228964 0.253964 0.382265 0.717043 3774015.997957 0.401597
10:14:57.668747 0.439635 0.389436 0.697890 2208086.060625 0.401597
10:14:57.960396 0.291503 0.377194 0.706468 3372312.998177 0.401597
10:14:58.371078 0.410529 0.381361 0.661651 2424501.671549 0.401597
10:14:58.733895 0.362669 0.379025 0.607934 2778335.134125 0.401597
10:14:59.326495 0.414872 0.383506 0.591035 2458357.236260 0.379025
10:14:59.704303 0.377625 0.382770 0.544298 2733378.434375 0.379025
10:15:00.048772 0.344320 0.377964 0.537560 3033456.730844 0.379025
10:15:00.502394 0.453475 0.387403 0.582611 2330377.647182 0.379025
10:15:00.920330 0.417780 0.391200 0.567983 2558896.041609 0.379025
10:15:01.279143 0.358662 0.387133 0.552258 3014937.776335 0.379025
10:15:01.734551 0.455264 0.395649 0.587624 2402193.788542 0.379025
10:15:02.370429 0.444699 0.401781 0.594812 2486895.356527 0.597795
10:15:02.759190 0.388576 0.400130 0.558108 2877707.093502 0.597795
10:15:03.163480 0.404138 0.400631 0.523122 2797301.301052 0.597795
10:15:03.535243 0.371618 0.397004 0.517886 3075157.554786 0.597795
10:15:03.990606 0.455208 0.404280 0.553145 2537459.446717 0.597795
10:15:04.323666 0.332882 0.395355 0.578402 3506829.009317 0.597795
10:15:05.097239 0.458966 0.403306 0.604202 2570229.509155 0.637648
10:15:05.577142 0.479749 0.412862 0.639976 2484499.370864 0.637648
10:15:06.124718 0.547434 0.429683 0.734591 2199760.699139 0.637648
10:15:06.656992 0.532078 0.442483 0.773558 2286341.357114 0.637648
10:15:07.232594 0.575406 0.459098 0.840328 2135535.327841 0.637648
10:15:07.819410 0.586643 0.475041 0.888509 2115576.323409 0.637648
10:15:08.679285 0.577710 0.487875 0.900644 2169559.447129 0.677501
10:15:09.233608 0.554172 0.496162 0.872036 2283882.821318 0.677501
10:15:09.843383 0.609632 0.510346 0.905721 2096268.679903 0.677501
10:15:10.397874 0.554342 0.515845 0.856373 2327516.094275 0.677501
10:15:10.930901 0.532882 0.517975 0.790408 2444307.516325 0.677501
10:15:11.745668 0.562355 0.523522 0.772227 2338053.192310 0.710711
10:15:12.321387 0.575547 0.530025 0.768579 2305813.506694 0.710711
10:15:12.950591 0.629056 0.542404 0.820350 2129209.560442 0.710711
10:15:13.589517 0.638762 0.554449 0.859266 2116093.327212 0.710711
10:15:14.191823 0.602153 0.560412 0.836729 2265151.643689 0.710711
10:15:14.832766 0.640801 0.570461 0.858087 2147712.162017 0.710711
10:15:15.568092 0.454498 0.555965 0.887648 3055115.400530 0.750564
10:15:15.965501 0.397250 0.536126 0.943603 3526324.032613 0.750564
10:15:16.380804 0.415166 0.521006 0.947574 3403747.745105 0.750564
10:15:16.754109 0.373131 0.502522 0.970322 3820127.139204 0.750564
10:15:17.238995 0.484733 0.500298 0.868937 2965953.812609 0.750564
10:15:17.804099 0.469714 0.496475 0.803538 3086951.267071 0.783775
10:15:18.283964 0.479695 0.494377 0.741455 3048337.959950 0.783775
10:15:18.727406 0.443307 0.487994 0.724372 3326273.341981 0.783775
10:15:19.045655 0.318107 0.466758 0.813928 4674048.043746 0.783775
10:15:19.504521 0.458714 0.465752 0.734174 3268127.793728 0.783775
10:15:20.072998 0.354532 0.451850 0.764386 4263152.509488 0.816986
10:15:20.526437 0.453279 0.452028 0.687860 3361532.164827 0.816986
10:15:20.970619 0.443981 0.451023 0.635944 3459608.033762 0.816986
10:15:21.367302 0.396510 0.444208 0.637412 3904790.411274 0.816986
10:15:21.826967 0.459522 0.446123 0.606339 3396085.431794 0.816986
10:15:22.472039 0.424014 0.443359 0.585630 3709463.708792 0.551882
10:15:23.318251 0.260247 0.420470 0.710285 3021867.778837 0.551882
10:15:23.618468 0.300074 0.405421 0.743178 2661742.545205 0.551882
10:15:23.878619 0.260008 0.387244 0.785975 3119167.264314 0.551882
10:15:24.053407 0.174632 0.360667 0.872327 4714460.456522 0.551882
10:15:24.264492 0.210940 0.341952 0.875424 3961237.860695 0.551882
10:15:24.571606 0.306866 0.337566 0.772756 2763004.672628 0.551882
10:15:24.727832 0.156066 0.314878 0.822771 5511516.447964 0.551882
10:15:24.935726 0.207753 0.301488 0.789532 4199449.534809 0.551882
10:15:25.201729 0.265861 0.297034 0.698694 3327813.728021 0.551882
10:15:25.527580 0.325676 0.300615 0.630501 2754345.110408 0.551882
10:15:25.800359 0.272642 0.297118 0.572506 3335188.059258 0.551882
10:15:26.340958 0.284892 0.295590 0.514356 3234909.137652 0.323368
10:15:26.676862 0.335749 0.300610 0.504844 2781505.185894 0.323368
10:15:26.940574 0.263565 0.295979 0.486199 3589914.336595 0.323368
10:15:27.277504 0.336782 0.301079 0.484548 2845948.004593 0.323368
10:15:27.565821 0.288175 0.299466 0.449972 3368618.522643 0.323368
10:15:27.907708 0.341743 0.304751 0.459907 2876547.645039 0.323368
10:15:28.209726 0.301874 0.304391 0.423635 3297161.961370 0.323368
10:15:28.549846 0.339973 0.308839 0.433853 2963812.068631 0.323368
10:15:28.850914 0.300924 0.307850 0.409525 3389240.430796 0.323368
10:15:29.203115 0.352037 0.313373 0.433817 2932055.829039 0.323368
10:15:29.666919 0.276046 0.308707 0.436367 3783716.690162 0.366484
10:15:30.018226 0.351149 0.314012 0.452199 3009458.862711 0.366484
10:15:30.335448 0.317077 0.314396 0.421100 3371595.735244 0.366484
10:15:30.609314 0.273714 0.309310 0.430021 3950637.099067 0.366484
10:15:30.973270 0.363799 0.316121 0.461143 3006144.686144 0.366484
10:15:31.255516 0.282073 0.311865 0.454680 3920686.907007 0.366484
10:15:31.534699 0.279037 0.307762 0.447701 4007382.551469 0.366484
10:15:31.852808 0.317957 0.309036 0.424186 3555497.821913 0.366484
10:15:32.182002 0.329051 0.311538 0.417915 3472969.048311 0.366484
10:15:32.435235 0.253096 0.304233 0.442458 4563768.399668 0.366484
10:15:32.929795 0.267781 0.299676 0.439797 4359382.914593 0.409600
10:15:33.303529 0.373556 0.308911 0.487881 3157886.815099 0.409600
10:15:33.681037 0.377332 0.317464 0.520112 3158852.384801 0.409600
10:15:34.108359 0.427186 0.331179 0.592887 2818968.705474 0.409600
10:15:34.540676 0.432173 0.343803 0.641078 2814872.658571 0.409600
10:15:34.864090 0.323268 0.341236 0.584728 3801178.385483 0.409600
