10:12:16.489049 0.062786 0.062786 0.313931 195712.101100 0.500000
10:12:16.598106 0.108878 0.068548 0.302998 225720.744227 0.500000
10:12:16.700070 0.101819 0.072706 0.281815 482739.926352 0.500000
10:12:16.798472 0.098257 0.075900 0.258282 1000477.677414 0.500000
10:12:16.883796 0.085133 0.077054 0.223074 2309419.674443 0.500000
10:12:17.015085 0.131138 0.083815 0.247413 2998488.166463 0.500000
10:12:17.409209 0.146200 0.091613 0.276697 2689576.997105 0.500000
10:12:17.596892 0.187536 0.103603 0.338339 2162272.829715 0.500000
10:12:17.700822 0.103783 0.103626 0.279857 4025625.334295 0.500000
10:12:17.903724 0.202752 0.116017 0.347316 2121213.429774 0.500000
10:12:17.977970 0.074067 0.110773 0.326197 5972529.040984 0.500000
10:12:18.557217 0.187418 0.120354 0.358567 2425893.130825 0.110773
10:12:18.622796 0.065424 0.113487 0.347077 7137201.127431 0.110773
10:12:18.832591 0.209654 0.125508 0.396867 2285822.297221 0.110773
10:12:18.920402 0.087668 0.120778 0.362138 5606610.449870 0.110773
10:12:19.134819 0.214277 0.132466 0.406984 2351199.296831 0.110773
10:12:19.225719 0.090754 0.127252 0.374852 5686755.594861 0.110773
10:12:19.439991 0.214133 0.138112 0.410693 2467550.261971 0.110773
10:12:19.538724 0.098589 0.133171 0.377130 5484103.804214 0.110773
10:12:19.755232 0.216357 0.143570 0.409725 2555775.956415 0.110773
10:12:20.149310 0.111776 0.139595 0.371005 5056965.949606 0.143570
10:12:20.288769 0.137885 0.139382 0.314649 4188531.077208 0.143570
10:12:20.455060 0.166149 0.142728 0.300946 3549967.228929 0.143570
10:12:20.622214 0.167014 0.145763 0.288713 3605161.361768 0.143570
10:12:20.792735 0.170380 0.148840 0.280669 3606059.650306 0.143570
10:12:20.966804 0.173917 0.151975 0.275923 3603377.820788 0.143570
10:12:21.137264 0.170313 0.154267 0.265566 3751772.032707 0.143570
10:12:21.312549 0.175140 0.156876 0.261223 3718535.782213 0.143570
10:12:21.490368 0.177676 0.159476 0.258536 3734618.858157 0.143570
10:12:21.668598 0.178091 0.161803 0.254713 3794912.787911 0.143570
10:12:21.850194 0.181456 0.164260 0.253595 3792256.317863 0.143570
10:12:22.033121 0.182782 0.166575 0.252099 3831976.070301 0.143570
10:12:22.218646 0.185383 0.168926 0.251877 3844493.221705 0.143570
10:12:22.404570 0.185777 0.171032 0.250096 3902486.310493 0.143570
10:12:22.596388 0.191670 0.173612 0.253548 3846612.548382 0.143570
10:12:22.784082 0.187549 0.175354 0.249243 3996654.188237 0.143570
10:12:23.173152 0.215671 0.180394 0.276127 3532490.595987 0.175354
10:12:23.586910 0.137310 0.175008 0.289892 2774218.353438 0.175354
10:12:23.742758 0.155705 0.172595 0.278062 2525391.367079 0.175354
10:12:23.903037 0.160136 0.171038 0.262597 2532247.835905 0.175354
10:12:24.063875 0.160691 0.169745 0.248761 2599971.003548 0.175354
10:12:24.229068 0.165058 0.169159 0.233108 2605631.153296 0.175354
10:12:24.345231 0.116001 0.162514 0.263634 3813487.958663 0.175354
10:12:24.471015 0.125641 0.157905 0.270618 3618695.119747 0.175354
10:12:24.639003 0.167847 0.159148 0.253625 2781959.549797 0.175354
10:12:24.809585 0.170440 0.160559 0.242709 2811735.018091 0.175354
10:12:24.981374 0.171641 0.161944 0.234639 2863653.578177 0.175354
10:12:25.155814 0.174288 0.163487 0.230351 2890667.112118 0.175354
10:12:25.331516 0.175552 0.164995 0.227208 2939844.710219 0.175354
10:12:25.509714 0.178054 0.166628 0.226346 2967551.572198 0.175354
10:12:25.670960 0.157495 0.165486 0.219407 3432946.602069 0.175354
10:12:25.862305 0.191120 0.168690 0.234765 2893258.542544 0.175354
10:12:26.063136 0.200654 0.172686 0.254206 2817027.898385 0.175354
10:12:26.234570 0.171284 0.172511 0.235052 3371804.335009 0.175354
10:12:26.441813 0.207105 0.176835 0.258336 2847947.775365 0.175354
10:12:26.620547 0.178590 0.177054 0.239935 3371475.447324 0.175354
10:12:26.817658 0.196963 0.179543 0.246612 3119370.235389 0.175354
10:12:27.017477 0.199675 0.182059 0.252493 3138538.820573 0.175354
10:12:27.486618 0.200302 0.184340 0.255408 3190064.826751 0.182059
10:12:27.698918 0.212138 0.187815 0.268914 3069999.056226 0.182059
10:12:27.913813 0.214672 0.191172 0.278854 3091002.674154 0.182059
10:12:28.134755 0.220794 0.194874 0.290258 3060953.263454 0.182059
10:12:28.356519 0.221611 0.198217 0.296491 3105116.301718 0.182059
10:12:28.582703 0.226037 0.201694 0.303220 3098678.186020 0.182059
10:12:28.735580 0.152718 0.195572 0.320693 4666795.574426 0.182059
10:12:28.924402 0.188675 0.194710 0.295448 3842540.693271 0.182059
10:12:29.118848 0.194300 0.194659 0.270622 3794545.762909 0.182059
10:12:29.318402 0.199409 0.195253 0.256975 3758947.539129 0.182059
10:12:29.520555 0.202008 0.196097 0.249144 3771414.826243 0.182059
10:12:29.938765 0.168797 0.192684 0.259770 2256722.356250 0.182059
10:12:30.069337 0.130428 0.184902 0.297473 3014811.018388 0.182059
10:12:30.122046 0.052571 0.168361 0.385120 7713480.617584 0.182059
10:12:30.286566 0.164379 0.167863 0.334415 2541636.676986 0.182059
10:12:30.386402 0.099694 0.159342 0.352425 4314000.254265 0.182059
10:12:30.564935 0.178384 0.161722 0.325576 2479866.067009 0.182059
10:12:30.678480 0.113386 0.155680 0.326907 4009801.754975 0.182059
10:12:30.850283 0.171649 0.157676 0.302065 2720342.423308 0.182059
10:12:31.137603 0.152190 0.156991 0.270768 3148906.593175 0.157676
10:12:31.254019 0.116250 0.151898 0.277972 4228127.644815 0.157676
10:12:31.453913 0.199759 0.157881 0.300297 2522079.023252 0.157676
10:12:31.621764 0.167708 0.159109 0.275749 3077350.191755 0.157676
10:12:31.774439 0.152530 0.158287 0.252345 3464132.670273 0.157676
10:12:31.973114 0.198535 0.163318 0.274110 2723308.705835 0.157676
10:12:32.107015 0.133754 0.159622 0.272280 4134156.272832 0.157676
10:12:32.311281 0.204124 0.165185 0.294180 2769140.681267 0.157676
10:12:32.450649 0.139222 0.161940 0.284649 4148312.674687 0.157676
10:12:32.665888 0.215089 0.168583 0.313765 2742231.230646 0.157676
10:12:32.806332 0.140300 0.165048 0.302217 4291602.621156 0.157676
10:12:33.020321 0.213849 0.171148 0.322826 2873057.580437 0.157676
10:12:33.172985 0.152522 0.168820 0.301204 4108840.834474 0.157676
10:12:33.392132 0.219006 0.175093 0.324568 2917617.875351 0.157676
10:12:33.491234 0.098961 0.165576 0.353815 6581024.979416 0.157676
10:12:33.716597 0.225217 0.173032 0.373851 2946280.237097 0.157676
10:12:33.865191 0.148445 0.169958 0.345159 4552800.676107 0.157676
10:12:34.302838 0.182801 0.171564 0.315807 3764355.605495 0.169958
10:12:34.474989 0.171997 0.171618 0.280234 4072255.409510 0.169958
10:12:34.707813 0.232683 0.179251 0.321778 3062980.291918 0.169958
10:12:34.888189 0.180228 0.179373 0.287246 4022638.105287 0.169958
10:12:35.053303 0.164971 0.177573 0.272880 4469152.515283 0.169958
10:12:35.224306 0.170852 0.176733 0.254934 4387237.125993 0.169958
10:12:35.386684 0.162231 0.174920 0.248072 4696112.508724 0.169958
10:12:35.720184 0.084314 0.163594 0.309064 4517962.764605 0.169958
10:12:35.920141 0.199808 0.168121 0.313437 1967970.409656 0.169958
10:12:36.002444 0.082146 0.157374 0.352336 4936371.483680 0.169958
10:12:36.197722 0.195120 0.162092 0.346060 2141204.356303 0.169958
10:12:36.276687 0.078807 0.151682 0.372942 5457375.225222 0.169958
10:12:36.480780 0.203941 0.158214 0.376419 2169099.325304 0.169958
10:12:36.566045 0.085115 0.149077 0.385829 5341669.923708 0.169958
10:12:36.783712 0.217500 0.157630 0.403617 2146869.247919 0.169958
10:12:36.899833 0.115961 0.152421 0.378581 4132705.617123 0.169958
10:12:37.077649 0.177664 0.155576 0.350439 2766573.671294 0.169958
10:12:37.170120 0.092320 0.147669 0.357073 5457194.421830 0.169958
10:12:37.384142 0.213872 0.155945 0.379200 2413107.402964 0.169958
10:12:37.691783 0.179066 0.158835 0.349397 2950778.868629 0.155945
10:12:37.807565 0.115604 0.153431 0.339584 4676925.031375 0.155945
10:12:37.953687 0.145974 0.152499 0.299570 3788067.716068 0.155945
10:12:38.136115 0.182267 0.156220 0.296291 3101209.506807 0.155945
10:12:38.350413 0.214144 0.163460 0.326438 2696951.691404 0.155945
10:12:38.553925 0.203360 0.168448 0.330581 2900395.640201 0.155945
10:12:38.869212 0.315136 0.186784 0.455072 1910642.022588 0.155945
10:12:39.075259 0.205895 0.189173 0.409500 2984046.033169 0.155945
10:12:39.345231 0.269660 0.199234 0.444966 2323993.210784 0.155945
10:12:39.608790 0.263376 0.207251 0.455693 2426098.072566 0.155945
10:12:39.889506 0.280576 0.216417 0.476073 2321167.960341 0.155945
10:12:40.199638 0.309949 0.228109 0.516383 2140841.423183 0.155945
10:12:40.406672 0.206887 0.225456 0.462883 3266710.706416 0.155945
10:12:40.714240 0.307422 0.235702 0.495738 2238382.981906 0.155945
10:12:40.934604 0.220164 0.233759 0.444324 3181336.672818 0.155945
10:12:41.255720 0.320963 0.244660 0.489787 2220518.280882 0.155945
10:12:41.550205 0.294340 0.250870 0.484395 2463111.564907 0.155945
10:12:41.835886 0.285534 0.255203 0.465011 2582108.013764 0.155945
10:12:42.151679 0.315644 0.262758 0.480555 2374725.762967 0.155945
10:12:42.438837 0.287015 0.265790 0.453395 2654412.148765 0.155945
10:12:43.199953 0.346365 0.275862 0.497141 2235052.779383 0.265790
10:12:43.691512 0.491403 0.302805 0.684305 1600380.615017 0.265790
10:12:44.238639 0.546967 0.333325 0.863612 1460271.469711 0.265790
10:12:44.775012 0.536245 0.358690 0.959326 1512383.028636 0.265790
10:12:45.165792 0.390623 0.362682 0.845091 2107648.051250 0.265790
10:12:45.650975 0.485033 0.377976 0.862134 1722736.265831 0.265790
10:12:46.174400 0.523288 0.396140 0.904571 1620277.899138 0.265790
10:12:46.658269 0.483730 0.407088 0.876003 1778181.757918 0.265790
10:12:47.096678 0.438087 0.410963 0.793647 1991494.901246 0.265790
10:12:47.531757 0.434928 0.413959 0.724937 2034212.838223 0.265790
10:12:48.083234 0.551330 0.431130 0.801735 1627018.740466 0.265790
10:12:48.668227 0.584839 0.450344 0.882006 1554807.110680 0.265790
10:12:49.186245 0.517873 0.458785 0.850061 1779586.719500 0.265790
10:12:50.002798 0.469849 0.460168 0.764689 1987634.869811 0.458785
10:12:50.502830 0.499867 0.465130 0.733220 1892855.641819 0.458785
10:12:50.982953 0.479965 0.466985 0.682887 1996945.729019 0.458785
10:12:51.500541 0.516341 0.473154 0.684437 1880059.988525 0.458785
10:12:52.929863 0.599708 0.488973 0.773989 1639198.175114 0.473154
10:12:53.369917 0.439891 0.482838 0.745682 2262669.101873 0.473154
10:12:53.915737 0.545649 0.490689 0.750633 1846638.305695 0.473154
10:12:54.483139 0.567246 0.500259 0.771773 1797992.531452 0.473154
10:12:55.016841 0.533550 0.504420 0.741347 1934573.992142 0.473154
10:12:55.546373 0.529366 0.507539 0.710179 1973077.167150 0.473154
10:12:56.079998 0.533475 0.510781 0.688697 1980914.108729 0.473154
10:12:56.979382 0.496448 0.508989 0.656760 2153410.684016 0.510781
10:12:57.549639 0.570090 0.516627 0.688556 1896795.058312 0.510781
10:12:58.002627 0.452842 0.508654 0.701385 2415041.022898 0.510781
10:12:58.587039 0.584264 0.518105 0.738264 1892843.604241 0.510781
10:12:59.570961 0.563425 0.523770 0.734209 1984661.441734 0.518105
10:13:00.115392 0.544264 0.526332 0.704655 2077109.339758 0.518105
10:13:00.681458 0.565915 0.531280 0.704606 2019355.879347 0.518105
10:13:01.230374 0.548755 0.533464 0.680934 2104894.979457 0.518105
10:13:01.756496 0.525981 0.532529 0.650614 2219395.971142 0.518105
10:13:02.370497 0.613852 0.542694 0.712581 1921714.699799 0.518105
10:13:03.565241 0.557583 0.544555 0.686860 2137683.178685 0.542694
10:13:04.097432 0.532023 0.542989 0.662249 2263480.275575 0.542694
10:13:04.988263 0.222954 0.502984 0.912464 2700610.466753 0.542694
10:13:05.196712 0.208297 0.466148 1.067946 2949634.214644 0.542694
10:13:05.437528 0.240672 0.437964 1.114788 2603907.848171 0.542694
10:13:05.687578 0.249884 0.414454 1.110152 2557091.614075 0.542694
10:13:06.003338 0.315607 0.402098 1.022719 2063527.911766 0.542694
10:13:06.252140 0.248651 0.382917 1.001830 2668607.510665 0.542694
10:13:06.571064 0.318776 0.374900 0.903225 2120110.135097 0.542694
10:13:07.167472 0.305995 0.366286 0.831435 2248821.151122 0.374900
10:13:07.452210 0.284571 0.356072 0.786649 2461303.434266 0.374900
10:13:07.784892 0.332529 0.353129 0.699605 2143284.842135 0.374900
10:13:08.073917 0.288875 0.345097 0.669208 2509707.456540 0.374900
10:13:08.429500 0.355411 0.346387 0.599783 2074444.474861 0.374900
10:13:08.722898 0.293199 0.339738 0.582973 2556515.679139 0.374900
10:13:09.015517 0.292465 0.333829 0.563528 2604947.854036 0.374900
10:13:09.508924 0.493232 0.353754 0.685432 1569533.163881 0.374900
10:13:09.972164 0.463095 0.367422 0.725521 1698208.975226 0.374900
10:13:10.717279 0.427418 0.374921 0.703492 1868709.347902 0.367422
10:13:11.277848 0.560406 0.398107 0.830019 1447179.444841 0.367422
10:13:11.790151 0.512156 0.412363 0.850346 1607510.181368 0.367422
10:13:12.249541 0.459230 0.418221 0.793576 1819532.909449 0.367422
10:13:12.806501 0.556817 0.435546 0.855657 1522711.980119 0.367422
10:13:13.347193 0.540337 0.448645 0.868519 1591895.878080 0.367422
10:13:13.989435 0.642089 0.472825 0.981175 1358765.139040 0.367422
10:13:14.556868 0.567291 0.484634 0.960362 1559580.474056 0.367422
10:13:15.012193 0.455038 0.480934 0.867326 1971317.407928 0.367422
10:13:15.605112 0.415486 0.472753 0.827995 2188549.763351 0.480934
10:13:16.145852 0.540449 0.481215 0.815342 1705248.334398 0.480934
10:13:16.666726 0.520715 0.486153 0.776248 1793472.442982 0.480934
10:13:17.123356 0.456453 0.482440 0.729711 2072887.731962 0.480934
10:13:17.655725 0.532224 0.488663 0.723900 1800866.004239 0.480934
10:13:18.123049 0.467110 0.485969 0.683950 2078208.921192 0.480934
10:13:18.668728 0.545530 0.493414 0.701461 1801990.457734 0.480934
10:13:19.250382 0.581507 0.504426 0.748554 1711634.851285 0.480934
10:13:20.135261 0.561154 0.511517 0.751341 1795613.631445 0.504426
10:13:20.684986 0.549567 0.516273 0.734192 1855832.008409 0.504426
10:13:21.153299 0.468174 0.510261 0.721799 2204718.849237 0.504426
10:13:21.697643 0.544165 0.514499 0.707056 1919418.190434 0.504426
10:13:22.295495 0.597486 0.524872 0.752278 1768690.757870 0.504426
10:13:22.801294 0.505628 0.522467 0.712265 2114312.833913 0.504426
10:13:23.344372 0.542922 0.525024 0.687828 1991711.443354 0.504426
10:13:24.136876 0.570845 0.530751 0.698676 1915812.897117 0.525024
10:13:24.635748 0.498703 0.526745 0.684737 2217592.421748 0.525024
10:13:25.080429 0.444515 0.516466 0.717190 2515568.710900 0.525024
10:13:25.631805 0.551223 0.520811 0.706110 2050887.585785 0.525024
10:13:26.165784 0.533836 0.522439 0.674439 2140701.881421 0.525024
10:13:26.610690 0.444723 0.512725 0.704441 2597284.789596 0.525024
10:13:27.131361 0.520511 0.513698 0.665271 2242719.553459 0.525024
10:13:27.928557 0.458939 0.506853 0.675292 2570381.725763 0.513698
10:13:28.937221 0.333057 0.485128 0.785254 1770940.498958 0.513698
10:13:29.281475 0.344103 0.467500 0.833620 1749801.160313 0.513698
10:13:29.588507 0.306877 0.447422 0.882635 2002105.744619 0.513698
10:13:29.982216 0.393548 0.440688 0.820972 1592405.453062 0.513698
10:13:30.254250 0.271886 0.419588 0.873603 2350162.572129 0.513698
10:13:30.539694 0.285290 0.402801 0.877610 2282813.956171 0.513698
10:13:30.766666 0.226819 0.380803 0.912891 2925468.711563 0.513698
10:13:31.115743 0.348922 0.376818 0.807765 1936937.116103 0.513698
10:13:31.701103 0.367173 0.375612 0.708467 1874124.953597 0.376818
10:13:31.929824 0.228547 0.357229 0.753936 3064649.440550 0.376818
10:13:32.126847 0.196837 0.337180 0.795102 3620783.627323 0.376818
10:13:32.504455 0.377454 0.342214 0.725930 1920743.657333 0.376818
10:13:32.792566 0.287960 0.335432 0.677473 2560355.138236 0.376818
10:13:33.086099 0.293384 0.330176 0.628755 2554903.498354 0.376818
10:13:33.489519 0.397870 0.338638 0.630266 1914837.344864 0.376818
10:13:34.065862 0.576168 0.368329 0.824580 1343607.973676 0.376818
10:13:34.596125 0.530104 0.388551 0.892514 1483542.403330 0.376818
10:13:35.773300 0.569619 0.411185 0.970225 1402200.565003 0.388551
10:13:36.320737 0.547279 0.428196 0.983571 1481891.642539 0.388551
10:13:36.831781 0.510632 0.438501 0.937467 1612307.764779 0.388551
10:13:37.465176 0.633241 0.462843 1.031808 1319535.164279 0.388551
10:13:37.977384 0.512034 0.468992 0.944906 1655890.234654 0.388551
10:13:38.563764 0.586229 0.483647 0.957819 1467276.224698 0.388551
10:13:39.233679 0.669761 0.506911 1.048655 1302625.973973 0.388551
10:13:39.859978 0.625957 0.521792 1.047145 1413413.353936 0.388551
10:13:40.551575 0.691428 0.542996 1.106648 1297349.486320 0.388551
10:13:41.583738 0.723009 0.565498 1.168249 1257677.099854 0.542996
10:13:42.347855 0.763946 0.590304 1.240816 1206367.900351 0.542996
10:13:42.983129 0.635118 0.595906 1.128603 1470416.503290 0.542996
10:13:43.595175 0.611848 0.597899 1.013364 1546423.001688 0.542996
10:13:44.244898 0.649561 0.604356 0.967618 1475556.730979 0.542996
10:13:45.379677 0.593054 0.602944 0.886692 1636869.995517 0.604356
10:13:46.035348 0.655505 0.609514 0.874887 1499668.327580 0.604356
10:13:46.747410 0.711917 0.622314 0.923747 1398095.246483 0.604356
10:13:47.365498 0.617936 0.621767 0.852220 1630615.742916 0.604356
10:13:48.296377 0.634683 0.623381 0.809137 1606950.510308 0.621767
10:13:48.935843 0.639304 0.625372 0.780611 1614556.024803 0.621767
10:13:49.601671 0.665683 0.630411 0.787152 1569035.038045 0.621767
10:13:50.196423 0.594595 0.625934 0.779305 1777290.557755 0.621767
10:13:51.215230 0.629717 0.626407 0.745219 1697676.592121 0.625934
10:13:51.881401 0.666003 0.631356 0.760062 1623632.353247 0.625934
10:13:52.554300 0.672694 0.636523 0.774390 1625749.675659 0.625934
10:13:53.204082 0.649635 0.638162 0.754674 1702371.131066 0.625934
10:13:54.251763 0.604714 0.633981 0.754813 1849151.355876 0.638162
10:13:54.732984 0.481058 0.614866 0.858413 2350019.574122 0.638162
10:13:55.235520 0.502388 0.600806 0.895945 2274704.011420 0.638162
10:13:55.818683 0.582982 0.598578 0.837756 1981316.532235 0.638162
10:13:56.319117 0.500287 0.586292 0.863966 2333381.490472 0.638162
10:13:57.277672 0.590464 0.586813 0.799241 1997832.630413 0.586292
10:13:57.918913 0.641080 0.593597 0.807185 1859262.085416 0.586292
10:13:58.535268 0.616207 0.596423 0.779224 1954251.996508 0.586292
10:14:00.070836 0.386136 0.570137 0.917525 1559326.025671 1.013760
10:14:00.320144 0.249142 0.530013 1.111549 2466064.207729 1.013760
10:14:00.631831 0.311539 0.502703 1.157329 2011588.055882 1.013760
10:14:00.938871 0.306890 0.478227 1.165010 2082101.005061 1.013760
10:14:01.280790 0.341775 0.461170 1.112709 1905534.674558 1.013760
10:14:01.535229 0.254291 0.435310 1.130844 2609419.325624 1.013760
10:14:02.237460 0.323636 0.421351 1.054676 2088273.192857 0.365319
10:14:02.566628 0.329006 0.409808 0.977147 2091536.600149 0.365319
10:14:02.983682 0.416710 0.410671 0.843077 1680823.036421 0.365319
10:14:03.268123 0.284288 0.394873 0.845560 2506977.357273 0.365319
10:14:03.722144 0.453874 0.402248 0.799264 1597342.441406 0.365319
10:14:04.035171 0.312878 0.391077 0.778209 2356446.445849 0.365319
10:14:04.347051 0.311717 0.381157 0.750866 2404642.415133 0.365319
10:14:04.765692 0.418492 0.385824 0.700441 1820478.901820 0.365319
10:14:05.391528 0.625676 0.415805 0.891620 1237292.309600 0.365319
10:14:05.995764 0.604050 0.439336 0.984442 1301932.129470 0.365319
10:14:07.279613 0.639398 0.464344 1.073235 1249175.279587 0.431741
10:14:07.811818 0.532034 0.472805 0.997164 1524353.935104 0.431741
10:14:08.348103 0.536135 0.480721 0.937320 1535613.351274 0.431741
10:14:08.967469 0.619215 0.498033 0.978976 1349424.649518 0.431741
10:14:09.403687 0.436050 0.490285 0.912975 1944437.840070 0.431741
10:14:09.999817 0.595990 0.503498 0.926221 1443245.831161 0.431741
10:14:10.582251 0.582287 0.513347 0.909178 1498312.499541 0.431741
10:14:11.204424 0.622026 0.526932 0.932484 1422345.766002 0.431741
10:14:12.187755 0.590653 0.534897 0.902783 1518698.943519 0.484878
10:14:12.849096 0.661179 0.550682 0.952879 1375288.552174 0.484878
10:14:13.505961 0.656680 0.563932 0.971577 1403423.561357 0.484878
10:14:14.114297 0.608183 0.569463 0.919448 1535537.455904 0.484878
10:14:14.851592 0.737116 0.590420 1.020562 1283618.689171 0.484878
10:14:15.480351 0.628562 0.595188 0.955936 1524852.027802 0.484878
10:14:16.135678 0.655171 0.602686 0.933230 1481676.949930 0.484878
10:14:16.831240 0.695413 0.614276 0.954912 1413606.271095 0.484878
10:14:17.709914 0.509562 0.601187 0.961379 1953301.010787 0.614276
10:14:18.394194 0.684103 0.611552 0.964611 1472900.984501 0.614276
10:14:19.027597 0.633222 0.614260 0.900725 1610658.217689 0.614276
10:14:19.683322 0.655570 0.619424 0.875582 1574495.977271 0.614276
10:14:20.289714 0.606208 0.617772 0.823107 1722972.728503 0.614276
10:14:20.954025 0.664164 0.623571 0.823964 1591125.495870 0.614276
10:14:21.546365 0.592167 0.619646 0.801344 1805328.140479 0.614276
10:14:22.437464 0.612080 0.618700 0.762539 1766670.742848 0.619646
10:14:22.968055 0.530431 0.607666 0.803815 2061779.823672 0.619646
10:14:23.604625 0.636424 0.611261 0.787130 1737709.275076 0.619646
10:14:24.224292 0.619504 0.612291 0.752436 1805005.367648 0.619646
10:14:24.811953 0.587509 0.609194 0.739084 1924218.524686 0.619646
10:14:25.448728 0.635627 0.612498 0.736349 1797884.519819 0.619646
10:14:26.142465 0.693582 0.622633 0.796606 1665371.799566 0.619646
10:14:27.487829 0.675643 0.629260 0.812749 1727776.439080 0.622633
10:14:28.693711 0.392323 0.599642 0.974196 1503414.212934 0.622633
10:14:29.040941 0.347061 0.568070 1.101566 1734888.509107 0.622633
10:14:29.282348 0.241252 0.527218 1.254158 2546715.213997 0.622633
10:14:29.587314 0.304813 0.499417 1.267027 2055975.922270 0.622633
10:14:29.984858 0.397395 0.486664 1.164394 1607911.946403 0.622633
10:14:30.343923 0.358906 0.470694 1.106750 1814580.821647 0.622633
10:14:30.715790 0.371715 0.458322 1.034343 1785109.229259 0.622633
10:14:31.025287 0.309348 0.439700 1.020690 2184724.932628 0.622633
10:14:31.332113 0.306677 0.423072 0.991838 2243819.291277 0.622633
10:14:31.915522 0.233865 0.399421 1.015203 2994958.339796 0.423072
10:14:32.334161 0.418456 0.401801 0.882671 1703176.137859 0.423072
10:14:32.534179 0.199867 0.376559 0.939146 3627372.018910 0.423072
10:14:32.911024 0.376677 0.376574 0.798632 1957326.645847 0.423072
10:14:33.235298 0.324127 0.370018 0.739008 2312575.302796 0.423072
10:14:33.549931 0.313489 0.362952 0.696223 2430248.259311 0.423072
10:14:34.158353 0.608273 0.393617 0.888892 1272691.641213 0.423072
10:14:34.642881 0.484383 0.404963 0.867185 1623575.176287 0.423072
10:14:35.228763 0.585636 0.427547 0.954887 1363850.814681 0.423072
10:14:35.817083 0.588181 0.447626 1.003765 1378840.822871 0.423072
10:14:36.781743 0.622212 0.469449 1.061139 1323176.165797 0.447626
10:14:37.432282 0.650381 0.492066 1.116765 1284760.604340 0.447626
10:14:38.009503 0.577076 0.502692 1.056227 1469255.455674 0.447626
10:14:38.681943 0.672291 0.523892 1.108642 1279446.331020 0.447626
10:14:39.315018 0.632743 0.537498 1.084912 1378834.950387 0.447626
10:14:39.934913 0.619743 0.547779 1.040583 1427585.604216 0.447626
10:14:40.533945 0.598881 0.554167 0.974872 1497833.443793 0.447626
10:14:41.465262 0.632305 0.563934 0.957601 1438091.006659 0.554167
10:14:42.061828 0.596392 0.567991 0.895700 1545292.574984 0.554167
10:14:42.750852 0.688876 0.583102 0.949768 1355669.405093 0.554167
10:14:43.229894 0.478892 0.570076 0.949285 1975760.351517 0.554167
10:14:43.785264 0.555220 0.568219 0.867481 1726277.476640 0.554167
10:14:44.421971 0.439288 0.552102 0.905480 2209829.751951 0.568219
10:14:44.998895 0.576746 0.555183 0.844859 1704459.193931 0.568219
10:14:45.495192 0.496071 0.547794 0.824163 2006422.062338 0.568219
10:14:46.087052 0.591706 0.553283 0.804472 1702899.642905 0.568219
10:14:46.602157 0.514957 0.548492 0.775210 1980561.671688 0.568219
10:14:47.461396 0.579426 0.552359 0.753331 1781404.201051 0.548492
10:14:48.001006 0.539448 0.550745 0.714385 1936202.224124 0.548492
10:14:48.600244 0.599090 0.556788 0.727863 1763955.741771 0.548492
10:14:49.117082 0.516691 0.551776 0.720179 2069043.322167 0.548492
10:14:49.955891 0.410201 0.534079 0.801957 2636131.575428 0.551776
10:14:50.519666 0.562674 0.537653 0.767156 1943633.278671 0.551776
10:14:51.044753 0.524938 0.536064 0.720907 2106763.613691 0.551776
10:14:51.509465 0.464566 0.527127 0.737257 2406994.955293 0.551776
10:14:52.214906 0.400985 0.511359 0.795098 2819297.462254 0.942080
10:14:52.770778 0.555708 0.516903 0.774056 2056447.164389 0.942080
10:14:53.275049 0.504111 0.515304 0.720960 2291304.656835 0.942080
10:14:53.778331 0.503132 0.513782 0.680197 2320186.968528 0.942080
10:14:54.512866 0.479476 0.509494 0.668611 2460284.716731 0.637648
10:14:55.107842 0.594808 0.520158 0.724810 2003900.075815 0.637648
10:14:55.594559 0.486570 0.515960 0.703037 2474923.861646 0.637648
10:14:56.090868 0.496154 0.513484 0.673598 2451884.723668 0.637648
10:14:56.586715 0.495696 0.511260 0.649134 2478938.365254 0.637648
10:14:57.160629 0.573763 0.519073 0.684981 2163067.730029 0.637648
10:14:57.833261 0.567612 0.525141 0.698110 2208155.609859 0.677501
10:14:58.376591 0.543172 0.527395 0.675153 2330135.341088 0.677501
10:14:58.901064 0.524344 0.527013 0.640882 2437239.826072 0.677501
10:14:59.449240 0.548033 0.529641 0.636062 2354310.784685 0.677501
10:15:00.019787 0.570419 0.534738 0.655333 2283458.007304 0.677501
10:15:00.555708 0.535760 0.534866 0.626334 2454113.029874 0.677501
10:15:01.348311 0.549364 0.536678 0.619777 2415709.407003 0.717354
10:15:01.914930 0.566462 0.540401 0.632509 2364487.766668 0.717354
10:15:02.509279 0.594193 0.547125 0.669998 2274816.501682 0.717354
10:15:03.108101 0.598663 0.553567 0.697260 2278356.589879 0.717354
10:15:03.710915 0.602670 0.559705 0.716578 2283598.162113 0.717354
10:15:04.762205 0.466878 0.548102 0.758583 2974103.464598 0.750564
10:15:05.410417 0.648055 0.560596 0.818410 2161594.053628 0.750564
10:15:05.974236 0.563662 0.560979 0.757406 2507034.125499 0.750564
10:15:06.582216 0.607833 0.566836 0.761010 2345065.526662 0.750564
10:15:07.115608 0.533228 0.562635 0.741873 2696211.698251 0.750564
10:15:08.189365 0.594008 0.566557 0.732358 2441017.757184 0.783775
10:15:08.752644 0.563113 0.566126 0.693921 2596764.889254 0.783775
10:15:09.308486 0.555697 0.564822 0.671098 2653532.581293 0.783775
10:15:09.916614 0.607983 0.570218 0.693085 2445541.610998 0.783775
10:15:11.040041 0.620373 0.576487 0.718793 2416507.446809 0.810344
10:15:11.650911 0.610711 0.580765 0.721718 2474860.201005 0.810344
10:15:12.278184 0.627129 0.586560 0.738639 2429663.418497 0.810344
10:15:12.890939 0.612596 0.589815 0.729910 2507361.968137 0.810344
10:15:13.922645 0.609979 0.592335 0.717570 2538264.788835 0.836912
10:15:14.532572 0.609768 0.594514 0.705873 2559295.044286 0.836912
10:15:15.130181 0.597474 0.594884 0.681363 2632522.488797 0.836912
