10:11:47.031721 0.000887 0.000887 0.004435 13854733.212903 0.500000
10:11:47.032287 0.000420 0.000829 0.003956 58534477.628620 0.500000
10:11:47.034280 0.001858 0.000957 0.004333 26454309.021943 0.500000
10:11:47.042830 0.003794 0.001312 0.006680 12954532.500189 0.500000
10:11:47.053011 0.001800 0.001373 0.005887 13652876.172715 0.500000
10:11:47.062494 0.003389 0.001625 0.007027 3625974.922752 0.500000
10:11:47.076912 0.007195 0.002321 0.011943 1707853.653390 0.500000
10:11:47.111915 0.022844 0.004886 0.032625 537913.118667 0.500000
10:11:47.137489 0.025436 0.007455 0.048809 966192.519206 0.500000
10:11:47.159659 0.022039 0.009278 0.054877 1672657.889592 0.500000
10:11:47.185226 0.025435 0.011298 0.061654 1932457.492435 0.500000
10:11:47.214304 0.028930 0.013502 0.068901 2123750.733553 0.500000
10:11:47.244943 0.030510 0.015628 0.074185 2416523.234809 0.500000
10:11:47.279006 0.033916 0.017914 0.080120 2536148.388544 0.500000
10:11:47.314854 0.035696 0.020137 0.084574 2753919.719583 0.500000
10:11:47.354092 0.039098 0.022507 0.089796 2828582.819384 0.500000
10:11:47.394993 0.040772 0.024790 0.093522 3013835.889831 0.500000
10:11:47.439377 0.044249 0.027222 0.098231 3054709.112751 0.500000
10:11:47.485413 0.045896 0.029557 0.101486 3212825.272589 0.500000
10:11:47.534869 0.049319 0.032027 0.105737 3238993.218453 0.500000
10:11:47.586063 0.051060 0.034406 0.108722 3369215.243336 0.500000
10:11:47.624975 0.038786 0.034953 0.095070 4752238.217851 0.500000
10:11:47.645826 0.020706 0.033173 0.092507 9495137.721444 0.500000
10:11:47.668353 0.022367 0.031822 0.087129 9339473.089134 0.500000
10:11:47.726323 0.057839 0.035074 0.102571 3824122.244630 0.500000
10:11:47.786900 0.060442 0.038245 0.114236 3862746.313737 0.500000
10:11:47.849994 0.062950 0.041333 0.123031 3904057.292666 0.500000
10:11:47.915892 0.065753 0.044386 0.130079 3924506.354852 0.500000
10:11:47.983908 0.067871 0.047321 0.135077 3983080.057554 0.500000
10:11:48.323810 0.046989 0.047280 0.113429 2876590.336564 0.047321
10:11:48.387701 0.063723 0.049335 0.115390 2314020.834966 0.047321
10:11:48.455085 0.067240 0.051573 0.119019 2375728.740984 0.047321
10:11:48.527057 0.071833 0.054106 0.124950 2394891.634703 0.047321
10:11:48.596658 0.069403 0.056018 0.124448 2655795.536471 0.047321
10:11:48.670816 0.074015 0.058268 0.127588 2656321.376721 0.047321
10:11:48.748467 0.077509 0.060673 0.131904 2695121.835962 0.047321
10:11:48.827916 0.079307 0.063002 0.135060 2788956.571216 0.047321
10:11:48.910490 0.082428 0.065430 0.138900 2832436.318401 0.047321
10:11:48.995026 0.084396 0.067801 0.141869 2911990.301880 0.047321
10:11:49.082994 0.087815 0.070303 0.145868 2938539.701816 0.047321
10:11:49.172370 0.089231 0.072669 0.148271 3029619.267102 0.047321
10:11:49.265234 0.092724 0.075176 0.151932 3048010.669985 0.047321
10:11:49.359907 0.094534 0.077595 0.154522 3119634.257444 0.047321
10:11:49.457969 0.097923 0.080136 0.158159 3137157.494053 0.047321
10:11:49.557879 0.099772 0.082591 0.160743 3202181.727782 0.047321
10:11:49.660919 0.102901 0.085130 0.164054 3224225.793224 0.047321
10:11:49.765807 0.104743 0.087581 0.166388 3284839.916453 0.047321
10:11:49.874108 0.108159 0.090154 0.169836 3294703.030094 0.047321
10:11:49.984161 0.109908 0.092623 0.172139 3354082.059928 0.047321
10:11:50.097613 0.113252 0.095201 0.175468 3363545.490570 0.047321
10:11:50.213473 0.115711 0.097765 0.178474 3398260.227978 0.047321
10:11:50.331186 0.117569 0.100241 0.180576 3449073.347696 0.047321
10:11:50.392363 0.061040 0.095341 0.194793 6844569.396016 0.047321
10:11:50.498939 0.106420 0.096725 0.182394 4041353.141812 0.047321
10:11:50.560365 0.061282 0.092295 0.191990 7218544.763660 0.047321
10:11:50.792744 0.103908 0.093747 0.180131 4375570.427822 0.092295
10:11:50.920636 0.127754 0.097998 0.196793 3655025.272472 0.092295
10:11:51.013217 0.092428 0.097301 0.176967 5184924.058101 0.092295
10:11:51.104823 0.091462 0.096571 0.162160 5374027.167718 0.092295
10:11:51.200331 0.095367 0.096421 0.146817 5282836.188261 0.092295
10:11:51.298239 0.097765 0.096589 0.135730 5278946.088300 0.092295
10:11:51.398155 0.099767 0.096986 0.129520 5296181.709143 0.092295
10:11:51.501959 0.103644 0.097818 0.128877 5216631.468708 0.092295
10:11:51.610701 0.108601 0.099166 0.133242 5091672.626733 0.092295
10:11:51.713720 0.102876 0.099630 0.128897 5494462.128915 0.092295
10:11:51.824575 0.110718 0.101016 0.134054 5216278.637217 0.092295
10:11:51.937097 0.112372 0.102435 0.138570 5248844.555636 0.092295
10:11:52.053130 0.115888 0.104117 0.144671 5195642.532332 0.092295
10:11:52.326071 0.100445 0.103658 0.137745 6116778.371553 0.142884
10:11:52.449654 0.123432 0.106130 0.151469 5077185.742560 0.142884
10:11:52.575020 0.125224 0.108517 0.161615 5102669.117741 0.142884
10:11:52.703923 0.128758 0.111047 0.171112 5058048.699669 0.142884
10:11:52.834278 0.130209 0.113442 0.177653 5096054.476921 0.142884
10:11:52.968124 0.133700 0.115974 0.184391 5054903.037138 0.142884
10:11:53.103816 0.135546 0.118421 0.189305 5076704.195989 0.142884
10:11:53.242786 0.138832 0.120972 0.194547 5045058.303676 0.142884
10:11:53.383457 0.140522 0.123416 0.198147 5071832.054076 0.142884
10:11:53.527679 0.144071 0.125998 0.202701 5032181.951963 0.142884
10:11:53.673431 0.145606 0.128449 0.205585 5063526.177667 0.142884
10:11:53.822643 0.149068 0.131026 0.209497 5028358.943364 0.142884
10:11:53.973625 0.150838 0.133503 0.212168 5050826.143938 0.142884
10:11:54.175434 0.201640 0.142020 0.269156 3839235.788512 0.142884
10:11:54.257251 0.081676 0.134477 0.290173 9628678.426641 0.142884
10:11:54.341575 0.084180 0.128190 0.295259 9488226.338391 0.142884
10:11:54.576049 0.234336 0.141458 0.372906 3460878.176323 0.142884
10:11:54.817661 0.241470 0.153960 0.427557 3409515.319411 0.142884
10:11:55.063137 0.245318 0.165379 0.461936 3406126.815742 0.142884
10:11:55.235962 0.172689 0.166293 0.396020 4909821.652453 0.142884
10:11:55.408355 0.172253 0.167038 0.345294 4993581.194604 0.142884
10:11:55.584008 0.175509 0.168097 0.310259 4970959.434497 0.142884
10:11:55.762384 0.178220 0.169362 0.286107 4964290.388134 0.142884
10:11:56.105404 0.151846 0.167173 0.272248 5907452.242535 0.208610
10:11:56.289482 0.183926 0.169267 0.264826 4943904.924483 0.208610
10:11:56.477080 0.187463 0.171541 0.261407 4916168.940971 0.208610
10:11:56.666426 0.189204 0.173749 0.258811 4935879.318823 0.208610
10:11:56.851618 0.185004 0.175156 0.250207 5114354.397702 0.208610
10:11:57.026441 0.174679 0.175096 0.231862 5487000.586981 0.208610
10:11:57.222522 0.195940 0.177702 0.241119 4954332.511521 0.208610
10:11:57.421264 0.198605 0.180315 0.248781 4949722.817445 0.208610
10:11:57.622496 0.201097 0.182913 0.255045 4949491.751510 0.208610
10:11:57.826396 0.203760 0.185518 0.260465 4945114.112715 0.208610
10:11:58.032704 0.206166 0.188099 0.264957 4947003.175371 0.208610
10:11:58.241608 0.208765 0.190683 0.268991 4944276.349630 0.208610
10:11:58.453148 0.211398 0.193272 0.272719 4940819.609955 0.208610
10:11:58.667250 0.213957 0.195858 0.276128 4939164.530279 0.208610
10:11:58.883819 0.216408 0.198426 0.279179 4940001.891660 0.208610
10:11:59.102979 0.219014 0.201000 0.282152 4937329.799639 0.208610
10:11:59.324693 0.221575 0.203572 0.285011 4935718.798054 0.208610
10:11:59.549082 0.224247 0.206156 0.287911 4931705.239092 0.208610
10:11:59.942619 0.210556 0.206706 0.272422 5310738.422205 0.260048
10:12:00.172817 0.230049 0.209624 0.282254 4914155.317194 0.260048
10:12:00.406490 0.233538 0.212613 0.291000 4893350.384711 0.260048
10:12:00.641887 0.235266 0.215445 0.296887 4909643.323555 0.260048
10:12:00.818786 0.176762 0.210610 0.310374 6604130.485869 0.260048
10:12:01.085768 0.266846 0.217639 0.348699 4420704.093149 0.260048
10:12:01.346833 0.260915 0.223049 0.364620 4568291.638418 0.260048
10:12:01.665679 0.318706 0.235006 0.436841 3778478.803139 0.260048
10:12:01.952207 0.286397 0.241430 0.444198 4247642.551212 0.260048
10:12:02.202877 0.250528 0.242567 0.403741 4904839.073802 0.260048
10:12:02.457914 0.254894 0.244108 0.377316 4869035.408891 0.260048
10:12:02.705249 0.247203 0.244495 0.347496 5070227.440267 0.260048
10:12:02.934555 0.229168 0.242579 0.335157 5522866.810087 0.260048
10:12:03.386932 0.264191 0.245280 0.336326 4837224.853224 0.297198
10:12:03.651211 0.264114 0.247635 0.334752 4885160.608391 0.297198
10:12:03.917326 0.265972 0.249927 0.333602 4897239.162248 0.297198
10:12:04.133750 0.216271 0.245720 0.342132 6079485.758075 0.297198
10:12:04.400302 0.266409 0.248306 0.341305 4981450.361702 0.297198
10:12:04.674891 0.274455 0.251575 0.347473 4880186.755455 0.297198
10:12:04.951211 0.276182 0.254651 0.351181 4894165.122761 0.297198
10:12:05.230888 0.279541 0.257762 0.355051 4879312.600873 0.297198
10:12:05.512399 0.281358 0.260711 0.357274 4891476.276881 0.297198
10:12:05.799710 0.287165 0.264018 0.362894 4835349.720269 0.297198
10:12:06.083802 0.283945 0.266509 0.360593 4933461.013482 0.297198
10:12:06.373680 0.289745 0.269413 0.363212 4877114.529651 0.297198
10:12:06.665358 0.291530 0.272178 0.364644 4889405.957835 0.297198
10:12:07.123098 0.294981 0.275028 0.367181 4873859.625929 0.334348
10:12:07.420680 0.297431 0.277829 0.369345 4875026.605780 0.334348
10:12:07.720104 0.299283 0.280511 0.370602 4885916.891068 0.334348
10:12:07.935535 0.215290 0.272358 0.405147 6849177.961975 0.334348
10:12:08.240857 0.305174 0.276460 0.408868 4872130.170862 0.334348
10:12:08.547942 0.306942 0.280270 0.410059 4884098.310128 0.334348
10:12:08.858263 0.310180 0.284009 0.411260 4872732.766300 0.334348
10:12:09.170376 0.311977 0.287505 0.410911 4884053.764654 0.334348
10:12:09.485927 0.315414 0.290994 0.411457 4869790.923563 0.334348
10:12:09.803157 0.317090 0.294256 0.410700 4882806.130022 0.334348
10:12:10.123929 0.320635 0.297553 0.411265 4867144.165182 0.334348
10:12:10.448273 0.324199 0.300884 0.412814 4851539.295182 0.334348
10:12:11.075264 0.364190 0.308797 0.456051 4352542.890816 0.368640
10:12:11.443591 0.368159 0.316217 0.486020 4338994.179893 0.368640
10:12:11.775261 0.331527 0.318131 0.460792 4855496.010005 0.368640
10:12:12.091324 0.315921 0.317855 0.427061 5134244.478487 0.368640
10:12:12.469070 0.377617 0.325325 0.466992 4327942.092898 0.368640
10:12:12.856349 0.387143 0.333052 0.501120 4253189.233843 0.368640
10:12:13.223007 0.366518 0.337235 0.496752 4526053.035944 0.368640
10:12:13.511192 0.288039 0.331086 0.499920 5801881.618901 0.368640
10:12:13.842085 0.330762 0.331045 0.457995 5089630.794011 0.368640
10:12:14.191742 0.349533 0.333356 0.447056 4851454.960667 0.368640
10:12:14.737640 0.355496 0.336124 0.443538 4804645.727884 0.397217
10:12:15.093205 0.355408 0.338534 0.438379 4840409.406174 0.397217
10:12:15.399229 0.305746 0.334436 0.442108 5666824.443428 0.397217
10:12:15.759110 0.359739 0.337599 0.443656 4850449.030811 0.397217
10:12:16.121579 0.362326 0.340690 0.444960 4849730.066168 0.397217
10:12:16.487272 0.365551 0.343797 0.446862 4840561.302848 0.397217
10:12:16.895196 0.407734 0.351789 0.493024 4369908.719091 0.397217
10:12:17.656414 0.267864 0.341299 0.531150 3348804.009688 0.397217
10:12:17.932047 0.275489 0.333072 0.541271 3300718.710194 0.397217
10:12:18.182891 0.250703 0.322776 0.561294 3676061.497729 0.397217
10:12:18.372409 0.189373 0.306101 0.618393 4931473.437786 0.397217
10:12:18.869285 0.270944 0.301706 0.571082 3492144.451185 0.220041
10:12:19.172233 0.302793 0.301842 0.504961 3165409.761100 0.220041
10:12:19.483290 0.310907 0.302975 0.464379 3122323.886733 0.220041
10:12:19.800572 0.317134 0.304745 0.439957 3099760.858425 0.220041
10:12:20.063071 0.262348 0.299445 0.443251 3793920.044669 0.220041
10:12:20.395615 0.332371 0.303561 0.444341 3031600.262014 0.220041
10:12:20.728826 0.333048 0.307247 0.442319 3062334.581915 0.220041
10:12:21.073501 0.344486 0.311902 0.450444 2996324.975564 0.220041
10:12:21.421478 0.347819 0.316392 0.456216 3002940.408854 0.220041
10:12:21.780761 0.359125 0.321733 0.469335 2942619.693611 0.220041
10:12:22.144533 0.363591 0.326965 0.479524 2940271.156748 0.220041
10:12:22.517086 0.372400 0.332645 0.492499 2903716.079984 0.220041
10:12:22.899342 0.382101 0.338827 0.508173 2862153.805532 0.220041
10:12:23.234508 0.335016 0.338350 0.469171 3301095.946921 0.220041
10:12:23.546573 0.311917 0.335046 0.459595 3584952.924448 0.220041
10:12:23.862111 0.315375 0.332587 0.445670 3584610.490032 0.220041
10:12:24.182780 0.320508 0.331077 0.427969 3565539.669730 0.220041
10:12:24.680087 0.329807 0.330919 0.404858 3502268.551437 0.331077
10:12:25.023847 0.343594 0.332503 0.400633 3397499.833423 0.331077
10:12:25.628195 0.203413 0.316367 0.496554 2899637.545472 0.331077
10:12:25.808780 0.180437 0.299376 0.570446 3336968.038150 0.331077
10:12:25.924985 0.116059 0.276461 0.663080 5293856.199118 0.331077
10:12:26.136916 0.211784 0.268376 0.623018 2959088.656202 0.331077
10:12:26.301479 0.164415 0.255381 0.625323 3886357.871518 0.331077
10:12:26.510047 0.208419 0.249511 0.573930 3124784.596459 0.331077
10:12:26.688202 0.178007 0.240573 0.555391 3727670.995275 0.331077
10:12:26.888745 0.200397 0.235551 0.511841 3372509.342804 0.331077
10:12:27.087818 0.198926 0.230973 0.474815 3459216.477034 0.331077
10:12:27.279350 0.191382 0.226024 0.448496 3659781.230256 0.331077
10:12:27.420048 0.140548 0.215339 0.467670 5070894.261445 0.331077
10:12:27.630961 0.210768 0.214768 0.408587 3439763.406655 0.331077
10:12:27.850155 0.219042 0.215302 0.364941 3365928.857280 0.331077
10:12:28.065127 0.214823 0.215242 0.327950 3489235.200788 0.331077
10:12:28.286470 0.221193 0.215986 0.306468 3444306.837213 0.331077
10:12:28.772650 0.178198 0.211263 0.316912 2137668.760251 0.331077
10:12:28.967983 0.195188 0.209253 0.304565 2014549.605173 0.331077
10:12:29.164377 0.196238 0.207626 0.292125 2066388.341886 0.331077
10:12:29.363202 0.198665 0.206506 0.278842 2102996.004580 0.331077
10:12:29.565732 0.202361 0.205988 0.264385 2125309.584667 0.331077
10:12:29.765263 0.199368 0.205161 0.255578 2218851.570625 0.331077
10:12:29.893127 0.127703 0.195478 0.310749 3560255.625052 0.331077
10:12:30.243184 0.153974 0.190290 0.318248 3032614.788431 0.195478
10:12:30.341216 0.097869 0.178738 0.367127 4896672.028999 0.195478
10:12:30.516821 0.175465 0.178329 0.322894 2801244.511647 0.195478
10:12:30.620928 0.103962 0.169033 0.351823 4846080.958133 0.195478
10:12:30.801709 0.180633 0.170483 0.319176 2857155.041827 0.195478
10:12:30.912533 0.110673 0.163007 0.334336 4774272.829717 0.195478
10:12:31.087771 0.175093 0.164517 0.305101 3087914.416788 0.195478
10:12:31.202483 0.114566 0.158273 0.313662 4826559.158920 0.195478
10:12:31.391562 0.188921 0.162104 0.309293 2991981.175216 0.195478
10:12:31.514517 0.122805 0.157192 0.306883 4702865.863967 0.195478
10:12:31.708754 0.194091 0.161804 0.310972 3038906.886453 0.195478
10:12:31.837537 0.128637 0.157658 0.302701 4680712.104059 0.195478
10:12:32.037058 0.199380 0.162874 0.313377 3081554.035348 0.195478
10:12:32.172691 0.135488 0.159450 0.299714 4625412.184093 0.195478
10:12:32.384430 0.211595 0.165968 0.323310 3019809.274782 0.195478
10:12:32.518961 0.134384 0.162020 0.311611 4846285.625525 0.195478
10:12:32.730765 0.211653 0.168224 0.330050 3135093.848525 0.195478
10:12:32.879896 0.148984 0.165819 0.306429 4536327.406943 0.195478
10:12:33.092015 0.211973 0.171589 0.323200 3246297.321852 0.195478
10:12:33.246323 0.154155 0.169409 0.300551 4543582.287637 0.195478
10:12:33.645232 0.195872 0.172717 0.297536 3638619.869607 0.169409
10:12:33.798971 0.153566 0.170323 0.283089 4721041.270679 0.169409
10:12:34.020212 0.220844 0.176638 0.311733 3338464.701675 0.169409
10:12:34.151798 0.131440 0.170989 0.317508 5702731.835066 0.169409
10:12:34.382018 0.230071 0.178374 0.347346 3311394.202025 0.169409
10:12:34.711893 0.329576 0.197274 0.475205 2348908.790861 0.169409
10:12:34.973523 0.261480 0.205300 0.477954 3007617.103735 0.169409
10:12:35.307307 0.333639 0.221342 0.554172 2393963.694654 0.169409
10:12:35.664893 0.357409 0.238351 0.624040 2269131.440730 0.169409
10:12:35.930363 0.265156 0.241701 0.557773 3104951.972032 0.169409
10:12:36.203597 0.273062 0.245621 0.514036 3060052.399611 0.169409
10:12:36.490140 0.286391 0.250718 0.492798 2960539.756203 0.169409
10:12:36.784456 0.294170 0.256149 0.481162 2924022.120098 0.169409
10:12:37.085394 0.300784 0.261729 0.475123 2900578.747437 0.169409
10:12:37.399265 0.313716 0.268227 0.480260 2820181.897025 0.169409
10:12:37.635673 0.236221 0.264226 0.455257 3797391.912554 0.169409
10:12:37.986354 0.184664 0.254281 0.477116 4924143.015567 0.264226
10:12:38.407244 0.420734 0.275088 0.608667 2190456.758847 0.264226
10:12:38.887394 0.480003 0.300702 0.755802 1945588.326079 0.264226
10:12:39.367646 0.480079 0.323124 0.843826 1970875.891007 0.264226
10:12:39.886830 0.519035 0.347613 0.934050 1846626.554293 0.264226
10:12:40.335310 0.448281 0.360196 0.900692 2165499.783860 0.264226
10:12:40.851573 0.516079 0.379682 0.940936 1904824.837272 0.264226
10:12:41.401185 0.549329 0.400888 0.991475 1811898.434459 0.264226
10:12:41.987078 0.585567 0.423973 1.051593 1720752.713615 0.264226
10:12:42.583049 0.595780 0.445449 1.087971 1711879.838638 0.264226
10:12:43.307400 0.435751 0.444236 0.935826 2368765.858627 0.445449
10:12:43.864773 0.557195 0.458356 0.940007 1874532.429594 0.445449
10:12:44.429339 0.564408 0.471613 0.938903 1872347.451451 0.445449
10:12:44.862193 0.432662 0.466744 0.856162 2470880.213226 0.445449
10:12:45.234690 0.372344 0.454944 0.841407 2904153.015882 0.445449
10:12:45.748829 0.513792 0.462300 0.810996 2128549.917461 0.445449
10:12:46.281864 0.532878 0.471122 0.803222 2075372.152272 0.445449
10:12:47.083577 0.450931 0.468598 0.737864 2479775.887826 0.471122
10:12:47.517638 0.433876 0.464258 0.700930 2605573.716999 0.471122
10:12:48.069165 0.551370 0.475147 0.739763 2072626.722385 0.471122
10:12:48.652480 0.583166 0.488649 0.795130 1980691.188257 0.471122
10:12:49.170060 0.517260 0.492226 0.750697 2256814.429120 0.471122
10:12:49.634023 0.463814 0.488674 0.710939 2543364.255356 0.471122
10:12:51.113556 0.228186 0.456113 0.883300 2584839.906441 0.488674
10:12:51.457978 0.344252 0.442131 0.874382 1749044.959611 0.488674
10:12:51.684019 0.225889 0.415100 0.955531 2719917.481065 0.488674
10:12:52.031070 0.346903 0.406576 0.880096 1806523.079576 0.488674
10:12:52.264600 0.233378 0.384926 0.913264 2737942.433695 0.488674
10:12:52.539201 0.274455 0.371117 0.877841 2372936.905761 0.488674
10:12:52.849616 0.310263 0.363510 0.804408 2138676.459524 0.488674
10:12:53.063973 0.214206 0.344847 0.824825 3155093.985007 0.488674
10:12:53.346897 0.282760 0.337086 0.759157 2433610.310200 0.488674
10:12:53.984312 0.291259 0.331358 0.693738 2404787.075670 0.337086
10:12:54.357661 0.373190 0.336587 0.650204 1909762.161475 0.337086
10:12:54.604289 0.246484 0.325324 0.650640 2941334.442706 0.337086
10:12:54.939250 0.334813 0.326510 0.579986 2202065.825436 0.337086
10:12:55.138454 0.199056 0.310578 0.628139 3765615.397121 0.337086
10:12:55.481603 0.342994 0.314630 0.585217 2221193.537578 0.337086
10:12:56.017165 0.535398 0.342226 0.765933 1445923.099123 0.337086
10:12:56.497756 0.480442 0.359503 0.815499 1636892.534106 0.337086
10:12:57.054600 0.556704 0.384153 0.923351 1434730.011606 0.337086
10:12:57.625157 0.570421 0.407437 0.998103 1421770.986325 0.337086
10:12:58.416718 0.460869 0.414116 0.910548 1786398.885676 0.407437
10:12:58.997871 0.580977 0.434973 0.974158 1438239.471016 0.407437
10:12:59.533708 0.535685 0.447562 0.952662 1582781.445412 0.407437
10:13:00.078615 0.544743 0.459710 0.935715 1579020.345454 0.407437
10:13:00.641289 0.562536 0.472563 0.932393 1550919.404501 0.407437
10:13:01.187073 0.545641 0.481698 0.899648 1621461.892482 0.407437
10:13:01.640524 0.453302 0.478148 0.820007 1978865.553331 0.407437
10:13:02.251441 0.610772 0.494726 0.883744 1488790.910813 0.407437
10:13:03.433956 0.552351 0.501929 0.851317 1668504.272578 0.494726
10:13:03.952353 0.518240 0.503968 0.782320 1802037.752962 0.494726
10:13:04.459096 0.505760 0.504192 0.714747 1870800.548106 0.494726
10:13:04.897449 0.437450 0.495849 0.720508 2191024.405974 0.494726
10:13:05.371487 0.473889 0.493104 0.683559 2048479.221088 0.494726
10:13:06.184340 0.521885 0.496702 0.668323 1883632.802176 0.493104
10:13:06.730833 0.546317 0.502904 0.681235 1821886.957307 0.493104
10:13:07.317503 0.586517 0.513356 0.730717 1717965.269244 0.493104
10:13:07.940021 0.622369 0.526982 0.799017 1638744.726131 0.493104
10:13:08.597342 0.657136 0.543251 0.877431 1570743.434276 0.493104
10:13:09.467046 0.554735 0.544687 0.806805 1882845.147677 0.543251
10:13:09.921510 0.454301 0.533389 0.820363 2326141.210633 0.543251
10:13:10.402415 0.480756 0.526810 0.794673 2223697.470848 0.543251
10:13:10.929006 0.526399 0.526758 0.728067 2054229.227704 0.543251
10:13:11.504287 0.570789 0.532262 0.727274 1916000.152096 0.543251
10:13:12.355875 0.533036 0.532359 0.679392 2074756.701852 0.532262
10:13:12.912359 0.556325 0.535355 0.669595 2009990.711920 0.532262
10:13:13.540774 0.628268 0.546969 0.740563 1799384.965918 0.532262
10:13:14.644575 0.470927 0.537464 0.758701 2426669.101345 0.546969
10:13:15.096158 0.451329 0.526697 0.778759 2559268.334884 0.546969
10:13:15.590605 0.494302 0.522647 0.744089 2361633.007375 0.546969
10:13:16.302704 0.711952 0.546310 0.901696 1656920.758648 0.546969
10:13:17.013628 0.710627 0.566850 0.997706 1677302.251922 0.546969
10:13:17.673405 0.659602 0.578444 0.994338 1825682.962807 0.546969
10:13:18.805326 0.755389 0.600562 1.089427 1610444.473020 0.657574
10:13:19.557697 0.752202 0.619517 1.137806 1633604.183377 0.657574
10:13:20.184448 0.626600 0.620402 1.016202 1980670.198460 0.657574
10:13:21.038048 0.853450 0.649533 1.179431 1468599.111892 0.657574
10:13:21.762000 0.723796 0.658816 1.130502 1748647.672739 0.657574
10:13:22.632335 0.870190 0.685238 1.250376 1468589.778406 0.657574
10:13:23.541665 0.704366 0.687629 1.130610 1831775.039293 0.685238
10:13:24.271642 0.729725 0.692891 1.067223 1784957.630609 0.685238
10:13:24.971788 0.699989 0.693778 0.981625 1878337.872348 0.685238
10:13:25.751399 0.779397 0.704481 1.005985 1702731.703618 0.685238
10:13:26.515516 0.763963 0.711916 0.997526 1753215.833623 0.685238
10:13:27.189433 0.673737 0.707143 0.959530 2006243.355810 0.685238
10:13:28.566059 0.852326 0.725291 1.059764 1600289.248433 0.707143
10:13:29.238384 0.672160 0.718650 1.022636 2047512.770564 0.707143
10:13:29.915437 0.676888 0.713430 0.983181 2051364.512998 0.707143
10:13:30.688091 0.772503 0.720814 0.982201 1813367.951765 0.707143
10:13:32.019790 0.695283 0.717622 0.939193 2032438.776557 0.720814
10:13:32.934306 0.914358 0.742214 1.105128 1558916.917581 0.720814
10:13:33.698490 0.764034 0.744942 1.038946 1881717.812133 0.720814
10:13:34.544930 0.846237 0.757604 1.079403 1713448.699472 0.720814
10:13:35.188996 0.643913 0.743392 1.098432 2270916.213655 0.720814
10:13:36.670815 0.853111 0.757107 1.133106 1728450.284246 0.743392
10:13:37.488820 0.817802 0.764694 1.107388 1818102.776235 0.743392
10:13:38.372829 0.883858 0.779590 1.155774 1696127.724780 0.743392
10:13:39.378312 1.005322 0.807806 1.315677 1503422.814567 0.743392
10:13:40.414995 1.036523 0.836396 1.446016 1470022.225786 0.743392
10:13:41.879619 1.028142 0.860364 1.509325 1493957.096147 0.836396
10:13:42.963560 1.083759 0.888288 1.598404 1428627.490791 0.836396
10:13:43.719705 0.755994 0.871752 1.536633 2064270.128821 0.836396
10:13:44.651921 0.931927 0.879274 1.438110 1687754.575055 0.836396
10:13:46.242882 0.889289 0.880525 1.309668 1782493.373021 0.879274
10:13:47.386033 1.142985 0.913333 1.497650 1397603.514073 0.879274
10:13:48.396420 1.010233 0.925445 1.460583 1593422.625122 0.879274
10:13:49.316598 0.920032 0.924769 1.331535 1762999.501117 0.879274
10:13:52.329080 0.743644 0.902128 1.388328 1090586.357157 0.924769
10:13:52.935445 0.606201 0.865137 1.525714 1358123.939707 0.924769
10:13:53.615677 0.680088 0.842006 1.522488 1228640.921332 0.924769
10:13:54.693866 0.497423 0.798933 1.653878 1704528.553819 0.842006
10:13:55.198822 0.504780 0.762164 1.697526 1704029.295584 0.842006
10:13:55.773995 0.574950 0.738762 1.627498 1517432.873605 0.842006
10:13:56.263752 0.489588 0.707616 1.623341 1807103.033212 0.842006
10:13:56.802469 0.538568 0.686485 1.542326 1665572.345387 0.842006
10:13:57.393494 0.590871 0.674533 1.412028 1538934.645277 0.842006
10:13:58.355742 0.602178 0.665489 1.290965 1530444.240568 0.674533
10:13:58.890567 0.534657 0.649135 1.249073 1746704.891899 0.674533
10:13:59.512845 0.622119 0.645758 1.122727 1520892.427673 0.674533
10:14:00.148512 0.635513 0.644477 1.012449 1508173.552047 0.674533
10:14:00.730329 0.581670 0.636626 0.975412 1668905.601758 0.674533
10:14:01.379864 0.649363 0.638218 0.905045 1513852.711114 0.674533
10:14:02.335761 0.641972 0.638688 0.842561 1550422.602958 0.638218
10:14:03.080029 0.744090 0.651863 0.910171 1354158.625050 0.638218
10:14:03.818493 0.738315 0.662669 0.942852 1381393.923120 0.638218
10:14:04.370794 0.552154 0.648855 0.969508 1869391.293055 0.638218
10:14:05.781695 0.568691 0.638834 0.959488 1836638.828473 0.648855
10:14:06.435098 0.653239 0.640635 0.895530 1617735.592896 0.648855
10:14:06.998117 0.562874 0.630915 0.899847 1899280.923316 0.648855
10:14:08.208381 0.514385 0.616349 0.934578 2102207.551923 0.630915
10:14:08.828237 0.619672 0.616764 0.858759 1764856.075611 0.630915
10:14:09.397444 0.569015 0.610795 0.840041 1943569.061075 0.630915
10:14:09.993662 0.595907 0.608934 0.795757 1876480.811403 0.630915
10:14:11.001907 0.637678 0.612527 0.781388 1772831.649397 0.608934
10:14:11.651884 0.649816 0.617188 0.781123 1758626.959470 0.608934
10:14:12.282851 0.630818 0.618892 0.755472 1831070.453144 0.608934
10:14:12.986410 0.703414 0.629457 0.816414 1659563.302516 0.608934
10:14:14.096918 0.697366 0.637946 0.846072 1691576.591512 0.983040
10:14:15.285578 0.338369 0.600499 1.056170 1743137.732757 0.983040
10:14:15.620995 0.335268 0.567345 1.174329 1795912.413205 0.983040
10:14:16.051465 0.430316 0.550216 1.142484 1427788.046159 0.983040
10:14:16.413657 0.362043 0.526695 1.159068 1730976.026742 0.983040
10:14:17.214276 0.356020 0.505360 1.150315 1794775.706713 0.532480
10:14:17.487793 0.273354 0.476360 1.192082 2382494.642749 0.532480
10:14:17.779596 0.291628 0.453268 1.174792 2275336.118818 0.532480
10:14:18.203529 0.423781 0.449582 1.020212 1594786.294286 0.532480
10:14:18.508463 0.304572 0.431456 1.004439 2259328.830343 0.532480
10:14:18.830378 0.321754 0.417743 0.957182 2176868.185955 0.532480
10:14:19.527442 0.307194 0.403925 0.919053 2320045.354756 0.385245
10:14:19.842489 0.314877 0.392794 0.868187 2302460.717934 0.385245
10:14:20.212825 0.370182 0.389967 0.769124 1991668.761864 0.385245
10:14:20.532722 0.319748 0.381190 0.735777 2344246.645097 0.385245
10:14:20.879051 0.346178 0.376813 0.677765 2200763.420486 0.385245
10:14:21.343169 0.463958 0.387706 0.700565 1668564.737156 0.385245
10:14:21.799587 0.456189 0.396267 0.699393 1723917.373740 0.385245
10:14:22.326517 0.526780 0.412581 0.770439 1516230.314735 0.385245
10:14:22.927848 0.601180 0.436156 0.893149 1349026.741851 0.385245
10:14:23.464666 0.536679 0.448721 0.891989 1534056.586525 0.385245
10:14:23.986323 0.521522 0.457821 0.863073 1602202.644728 0.385245
10:14:24.825785 0.524444 0.466149 0.836711 1616706.871549 0.458309
10:14:25.459512 0.633477 0.487065 0.932314 1357839.412058 0.458309
10:14:26.152144 0.692459 0.512739 1.052070 1259927.542680 0.458309
10:14:26.783096 0.630800 0.527497 1.050055 1402561.806744 0.458309
10:14:27.280256 0.497003 0.523685 0.946098 1804866.084086 0.458309
10:14:28.003618 0.723204 0.548625 1.064954 1257337.942177 0.458309
10:14:28.632153 0.628388 0.558595 1.025605 1466609.969609 0.458309
10:14:29.178541 0.546251 0.557052 0.919654 1709631.469512 0.458309
10:14:30.031764 0.582765 0.560266 0.857930 1623597.562938 0.511446
10:14:30.733773 0.701853 0.577965 0.942799 1365619.224589 0.511446
10:14:31.350020 0.616082 0.582729 0.894472 1575686.473522 0.511446
10:14:31.871159 0.520977 0.575010 0.870570 1886916.239612 0.511446
10:14:32.442329 0.570883 0.574494 0.800292 1743489.214967 0.511446
10:14:33.075818 0.633333 0.581849 0.810036 1590972.951004 0.511446
10:14:33.701874 0.625906 0.587356 0.802553 1629484.324030 0.511446
10:14:34.329758 0.627731 0.592403 0.794176 1644321.947654 0.511446
10:14:35.218441 0.608685 0.594438 0.762049 1715961.411009 0.592403
10:14:35.815255 0.596647 0.594715 0.722631 1771177.860976 0.592403
10:14:36.313469 0.498060 0.582633 0.775225 2146440.239550 0.592403
10:14:36.979052 0.665427 0.592982 0.820220 1625037.832126 0.592403
10:14:37.627930 0.648712 0.599948 0.826107 1685850.937385 0.592403
10:14:38.217158 0.588098 0.598467 0.779937 1880503.514541 0.592403
10:14:38.911406 0.694098 0.610421 0.842154 1611023.237113 0.592403
10:14:40.096124 0.792163 0.633139 0.988681 1427099.989913 0.610421
10:14:40.682820 0.586532 0.627313 0.940576 1948374.920109 0.610421
10:14:41.159840 0.476868 0.608507 0.993900 2422205.322701 0.610421
10:14:41.812483 0.652494 0.614006 0.947037 1789073.395736 0.610421
10:14:42.751761 0.939140 0.654647 1.229555 1256094.083122 0.610421
10:14:43.439263 0.687340 0.658734 1.122607 1734128.616626 0.610421
10:14:44.152092 0.712676 0.665477 1.067324 1689721.442033 0.610421
10:14:45.040771 0.693986 0.669040 0.998935 1752934.651252 0.665477
10:14:45.794536 0.753594 0.679610 1.011584 1630585.884410 0.665477
10:14:46.574892 0.780208 0.692184 1.041764 1590714.531240 0.665477
10:14:47.113274 0.538232 0.672940 1.089077 2328690.592287 0.665477
10:14:47.928551 0.815137 0.690715 1.145014 1552701.129433 0.665477
10:14:49.084665 0.788091 0.702887 1.140987 1621579.348499 0.690715
10:14:49.923799 0.838974 0.719898 1.184560 1537878.410418 0.690715
10:14:50.650740 0.726803 0.720761 1.076163 1792133.335557 0.690715
10:14:51.472193 0.821238 0.733321 1.100349 1601016.921380 0.690715
10:14:52.140482 0.668118 0.725170 1.065644 1986331.755677 0.690715
10:14:53.089212 0.702347 0.722317 1.000496 1907023.704882 0.725170
10:14:53.838282 0.748909 0.725641 0.960867 1804865.485885 0.725170
10:14:54.532480 0.694052 0.721693 0.929701 1965224.561551 0.725170
