17:08:42.786806 0.075420 0.075420 0.377101 162927.300337 0.016000
17:08:42.839844 0.052854 0.072599 0.321426 464978.460994 0.016000
17:08:42.973058 0.133070 0.080158 0.327249 369369.526796 0.016000
17:08:43.079688 0.106493 0.083450 0.295103 923102.959755 0.016000
17:08:43.207631 0.127799 0.088994 0.292082 1538415.382838 0.016000
17:08:43.339104 0.131327 0.094285 0.288935 2994176.810537 0.016000
17:08:43.787239 0.158917 0.102364 0.312983 2474349.019669 0.016000
17:08:44.041432 0.254046 0.121324 0.430970 1596183.599034 0.016000
17:08:44.161722 0.120145 0.121177 0.354591 3477402.657480 0.016000
17:08:44.421191 0.259325 0.138446 0.451654 1658459.286413 0.016000
17:08:44.548983 0.127653 0.137096 0.382795 3465391.157291 0.016000
17:08:45.052953 0.254665 0.151793 0.453635 1785310.828920 0.016000
17:08:45.187844 0.134708 0.149657 0.393123 3466343.874182 0.016000
17:08:45.457792 0.269790 0.164674 0.467407 1776313.775341 0.016000
17:08:45.605281 0.147313 0.162504 0.406914 3336571.801869 0.016000
17:08:45.880608 0.275179 0.176588 0.472571 1830837.985652 0.016000
17:08:46.035421 0.154667 0.173848 0.417756 3336822.538513 0.016000
17:08:46.315934 0.280368 0.187163 0.476614 1884609.799699 0.016000
17:08:46.479404 0.163329 0.184184 0.425106 3310322.037288 0.016000
17:08:46.765386 0.285841 0.196891 0.479240 1934502.128477 0.016000
17:08:47.270117 0.158322 0.192070 0.442400 3570246.137176 0.016000
17:08:47.561312 0.291028 0.204439 0.491146 1984468.693120 0.016000
17:08:47.742634 0.181183 0.201532 0.439819 3255402.964319 0.016000
17:08:48.039169 0.296395 0.213390 0.486967 2031452.472347 0.016000
17:08:48.229426 0.190116 0.210481 0.438938 3231712.378669 0.016000
17:08:48.531403 0.301839 0.221901 0.484602 2076231.914686 0.016000
17:08:48.728609 0.197076 0.218798 0.440648 3242284.734869 0.016000
17:08:49.036036 0.307278 0.229858 0.484726 2119462.421939 0.016000
17:08:49.242204 0.206026 0.226879 0.441861 3220718.507050 0.016000
17:08:49.554731 0.312386 0.237567 0.484312 2163476.987732 0.016000
17:08:49.767907 0.213039 0.234501 0.444087 3230054.046061 0.016000
17:08:50.215028 0.312534 0.244255 0.479478 2241088.406304 0.016000
17:08:50.415757 0.200580 0.238796 0.458888 3553213.547245 0.016000
17:08:50.739074 0.323178 0.249344 0.498795 2243320.650921 0.016000
17:08:50.968332 0.229091 0.246812 0.454153 3218285.434161 0.016000
17:08:51.296922 0.328446 0.257016 0.494156 2282165.720340 0.016000
17:08:51.535143 0.238086 0.254650 0.451435 3199919.556005 0.016000
17:08:51.953572 0.418277 0.275103 0.586319 1850792.544935 0.016000
17:08:52.269727 0.315998 0.280215 0.554522 2488724.002656 0.016000
17:08:52.441515 0.171641 0.266643 0.580948 4653437.064538 0.016000
17:08:52.860821 0.419179 0.285710 0.673974 1934753.582960 0.016000
17:08:53.492596 0.395202 0.299397 0.700086 2083228.737735 0.016000
17:08:53.922482 0.429717 0.315687 0.746524 1944498.066726 0.016000
17:08:54.357740 0.435110 0.330615 0.773166 1948637.862627 0.016000
17:08:54.633123 0.275242 0.323693 0.710979 3125106.136127 0.016000
17:08:55.075555 0.442284 0.338517 0.747573 1972596.314860 0.016000
17:08:55.430505 0.354804 0.340553 0.663632 2493590.553506 0.016000
17:08:55.797756 0.367109 0.343872 0.612738 2443480.962572 0.016000
17:08:56.247197 0.449308 0.357052 0.664137 2023804.789430 0.016000
17:08:56.543967 0.296633 0.349500 0.640232 3106869.377392 0.016000
17:08:57.269002 0.429562 0.359507 0.657619 2174047.794489 0.016000
17:08:57.576187 0.307037 0.352949 0.629002 3081633.957188 0.016000
17:08:58.036457 0.460117 0.366345 0.680553 2083088.181616 0.016000
17:08:58.430779 0.394169 0.369823 0.633303 2462782.106553 0.016000
17:08:58.751104 0.320160 0.363615 0.610888 3070465.610523 0.016000
17:08:59.248757 0.497501 0.380351 0.699692 2000654.732688 0.016000
17:09:00.026495 0.448334 0.388848 0.696338 2247467.397023 0.016000
17:09:00.430631 0.403985 0.390741 0.636494 2524608.440104 0.016000
17:09:00.769985 0.339212 0.384300 0.620143 3042909.610389 0.016000
17:09:01.249883 0.479753 0.396231 0.668567 2177120.230749 0.016000
17:09:01.674485 0.424454 0.399759 0.632234 2489711.642027 0.016000
17:09:02.053541 0.378907 0.397153 0.592361 2821420.818375 0.016000
17:09:02.560292 0.506595 0.410833 0.666682 2134532.935389 0.016000
17:09:03.093131 0.415350 0.411398 0.607801 2633035.937632 0.016000
17:09:03.607203 0.513919 0.424213 0.674037 2151934.965326 0.016000
17:09:04.073297 0.465912 0.429425 0.658493 2400040.675554 0.016000
17:09:04.466708 0.393244 0.424902 0.632884 2874795.087129 0.016000
17:09:04.987768 0.520908 0.436903 0.688895 2193831.282542 0.016000
17:09:05.468463 0.480541 0.442358 0.674990 2403690.885987 0.016000
17:09:06.029858 0.561253 0.457220 0.750588 2079918.233966 0.016000
17:09:06.973791 0.541319 0.467732 0.771858 2179209.879329 0.016000
17:09:07.569712 0.595750 0.483734 0.839847 2000731.536738 0.016000
17:09:08.170397 0.600535 0.498334 0.882219 2005252.264387 0.016000
17:09:08.772648 0.602101 0.511305 0.902985 2020445.581025 0.016000
17:09:09.383846 0.611057 0.523774 0.917286 2010941.554352 0.016000
17:09:10.405074 0.560791 0.528401 0.860552 2213102.502394 0.016000
17:09:10.996696 0.591471 0.536285 0.848468 2119082.916220 0.016000
17:09:11.595359 0.598520 0.544064 0.840436 2114656.008706 0.016000
17:09:12.197783 0.602285 0.551342 0.831841 2121839.651633 0.016000
17:09:12.807144 0.609201 0.558574 0.826808 2117921.000699 0.016000
17:09:14.076442 0.585500 0.561940 0.790041 2224642.178919 0.016000
17:09:14.701846 0.625203 0.569848 0.804187 2103022.092148 0.016000
17:09:15.323528 0.621528 0.576308 0.803742 2135228.327081 0.016000
17:09:15.955589 0.631913 0.583259 0.809439 2119583.096046 0.016000
17:09:16.505546 0.549801 0.579076 0.782169 2458490.094986 0.016000
17:09:17.492043 0.439746 0.561660 0.853310 3101718.493903 0.016000
17:09:18.065823 0.573603 0.563153 0.793834 2399317.354260 0.016000
17:09:18.629049 0.563075 0.563143 0.736232 2466001.577408 0.016000
17:09:19.235022 0.605776 0.568472 0.740922 2312458.457494 0.016000
17:09:19.801629 0.566451 0.568220 0.699578 2494690.306229 0.016000
17:09:20.605362 0.625412 0.575369 0.731080 2279150.430332 0.016000
17:09:21.159656 0.554131 0.572714 0.710735 2594505.486024 0.016000
17:09:21.836599 0.676791 0.585724 0.793316 2142439.987197 0.016000
17:09:22.401523 0.564777 0.583105 0.759746 2589114.403675 0.016000
17:09:23.090892 0.689223 0.596370 0.834969 2139452.529494 0.016000
17:09:23.877174 0.570712 0.593163 0.797770 2605251.664359 0.016000
17:09:24.574873 0.697542 0.606210 0.864045 2149168.925272 0.016000
17:09:25.178982 0.603972 0.605930 0.801544 2502472.810108 0.016000
17:09:25.898475 0.719350 0.620108 0.880238 2118178.618345 0.016000
17:09:26.523841 0.625220 0.620747 0.820957 2456734.992066 0.016000
17:09:27.616023 0.595860 0.617636 0.792680 2598409.002957 0.016000
17:09:28.358566 0.742381 0.633229 0.889257 2102123.168051 0.016000
17:09:29.097711 0.738997 0.646450 0.944239 2128376.755370 0.016000
17:09:29.856330 0.758478 0.660454 0.995823 2089911.842034 0.016000
17:09:30.784291 0.726646 0.668728 0.986447 2198374.611031 0.016000
17:09:31.478300 0.693853 0.671868 0.935283 2319983.736450 0.016000
17:09:32.254693 0.776246 0.684916 0.986855 2089564.199918 0.016000
17:09:32.960000 0.705154 0.687445 0.934138 2317655.624407 0.016000
17:09:34.045996 0.572907 0.673128 0.972686 2874100.130410 0.016000
17:09:34.690828 0.644663 0.669570 0.922703 2573251.069661 0.016000
17:09:35.431904 0.740932 0.678490 0.939702 2255494.468591 0.016000
17:09:36.131778 0.699725 0.681145 0.898288 2405882.611268 0.016000
17:09:37.519451 0.733557 0.687696 0.902966 2311673.166091 0.016000
17:09:38.313523 0.793920 0.700974 0.968651 2151390.459572 0.016000
17:09:39.010041 0.696375 0.700399 0.905756 2470393.486076 0.016000
17:09:39.843260 0.833074 0.716984 1.003676 2079776.594710 0.016000
17:09:40.783744 0.763346 0.722779 0.984161 2285852.154519 0.016000
17:09:41.582887 0.798930 0.732298 1.004485 2199421.263644 0.016000
17:09:42.316296 0.733254 0.732417 0.937514 2413177.570887 0.016000
17:09:43.138891 0.822448 0.743671 0.987525 2166410.480714 0.016000
17:09:44.406938 0.728885 0.741823 0.939499 2461358.886823 0.016000
17:09:45.263155 0.856057 0.756102 1.018593 2110065.276711 0.016000
17:09:46.075106 0.811807 0.763065 1.015639 2240216.765071 0.016000
17:09:46.856766 0.781517 0.765372 0.973253 2342766.609694 0.016000
17:09:47.896492 0.847111 0.775589 1.013240 2175865.394442 0.016000
17:09:48.715408 0.818757 0.780985 1.002391 2266225.351838 0.016000
17:09:49.529138 0.813587 0.785060 0.983717 2295730.037590 0.016000
17:09:51.236362 0.883545 0.797371 1.044848 2127864.643272 0.016000
17:09:51.980740 0.744219 0.790727 1.029486 2542735.183398 0.016000
17:09:52.741164 0.760284 0.786922 0.996434 2505168.510080 0.016000
17:09:53.398072 0.656764 0.770652 1.057944 2918746.933609 0.016000
17:09:54.492241 0.825742 0.777538 1.048097 2336342.326388 0.016000
17:09:55.265304 0.772844 0.776951 0.984565 2512155.632479 0.016000
17:09:56.039743 0.774261 0.776615 0.935016 2523428.153583 0.016000
17:09:56.906745 0.866843 0.787894 0.996922 2268092.415436 0.016000
17:09:57.866723 0.847199 0.795307 1.011383 2335186.993866 0.016000
17:09:58.819646 0.952754 0.814988 1.134492 2089370.871089 0.016000
17:09:59.715100 0.895312 0.825028 1.144981 2237146.798974 0.016000
17:10:01.292289 0.973960 0.843645 1.232541 2069111.831857 0.016000
17:10:02.140225 0.847780 0.844162 1.139969 2391563.879458 0.016000
17:10:02.972500 0.832124 0.842657 1.076550 2451326.980931 0.016000
17:10:03.885074 0.912415 0.851377 1.096555 2249081.764202 0.016000
17:10:04.803837 0.918599 0.859779 1.110885 2247318.194904 0.016000
17:10:06.357054 0.946231 0.870586 1.145367 2194677.879925 0.016000
17:10:07.258936 0.901716 0.874477 1.111693 2316649.603839 0.016000
17:10:08.276797 1.017711 0.892381 1.213527 2064680.598528 0.016000
17:10:08.968756 0.691792 0.867308 1.308756 3055161.039150 0.016000
17:10:09.954100 0.985180 0.882042 1.331000 2157802.851618 0.016000
17:10:11.703548 0.937702 0.888999 1.281378 2280161.645796 0.016000
17:10:12.679332 0.975606 0.899825 1.280716 2204168.565890 0.016000
17:10:13.647572 0.968089 0.908358 1.262290 2233976.182293 0.016000
17:10:14.629534 0.981817 0.917540 1.256449 2215255.983905 0.016000
17:10:15.630172 1.000487 0.927909 1.265037 2186199.126110 0.016000
17:10:17.687299 0.977505 0.934108 1.236550 2250169.636532 0.016000
17:10:18.753190 1.065732 0.950561 1.309017 2075418.581138 0.016000
17:10:19.587276 0.833950 0.935985 1.321438 2666979.898141 0.016000
17:10:20.422279 0.834866 0.923345 1.313553 2678772.251296 0.016000
17:10:21.730190 0.959005 0.927802 1.256119 2344830.614783 0.016000
17:10:22.599869 0.869504 0.920515 1.225051 2600323.937820 0.016000
17:10:23.573303 0.973255 0.927108 1.208249 2335749.245766 0.016000
17:10:24.555781 0.982320 0.934009 1.200078 2326704.527282 0.016000
17:10:25.566744 1.010812 0.943610 1.219964 2273277.226279 0.016000
17:10:26.961319 1.010823 0.952011 1.226490 2285408.992425 0.016000
17:10:27.958014 0.996538 0.957577 1.207963 2330500.369835 0.016000
17:10:28.890017 0.931855 0.954362 1.167873 2505454.273405 0.016000
17:10:29.998494 1.108330 0.973608 1.287710 2117607.550032 0.016000
17:10:30.950975 0.952320 0.970947 1.227811 2477419.717850 0.016000
17:10:32.616945 1.031609 0.978530 1.231840 2298917.386131 0.016000
17:10:33.677864 1.060758 0.988808 1.261020 2247328.555728 0.016000
17:10:34.715495 1.037486 0.994893 1.247729 2309582.802709 0.016000
17:10:35.881413 1.165750 1.016250 1.376735 2066007.244119 0.016000
17:10:37.818970 1.161682 1.034429 1.450224 2083820.036984 0.016000
17:10:38.917368 1.098219 1.042403 1.418039 2215427.143406 0.016000
17:10:40.038470 1.120955 1.052222 1.412501 2181454.225166 0.016000
17:10:41.006687 0.968071 1.041703 1.396063 2538656.814331 0.016000
17:10:42.141971 1.135145 1.053383 1.412595 2175834.903079 0.016000
17:10:43.477649 1.163348 1.067129 1.446503 2133648.819075 0.016000
17:10:44.518578 1.040759 1.063833 1.374733 2396774.242503 0.016000
17:10:45.732201 1.213477 1.082538 1.465358 2065759.566710 0.016000
17:10:46.810804 1.078457 1.082028 1.373224 2335781.847045 0.016000
17:10:48.731086 1.230404 1.100575 1.467348 2057314.276391 0.016000
17:10:49.845196 1.113943 1.102246 1.390694 2283434.405272 0.016000
17:10:51.011849 1.166486 1.110276 1.390852 2191114.120132 0.016000
17:10:52.209402 1.197404 1.121167 1.418727 2144799.655289 0.016000
17:10:53.390902 1.181345 1.128689 1.412037 2184357.686082 0.016000
17:10:54.701219 1.112304 1.126641 1.355537 2330988.209111 0.016000
17:10:55.963998 1.262502 1.143624 1.451157 2063407.497799 0.016000
17:10:57.128793 1.164641 1.146251 1.397918 2247339.924431 0.016000
17:10:58.408162 1.279229 1.162873 1.484601 2055638.320210 0.016000
17:11:00.565911 1.142933 1.160381 1.421617 2311526.791161 0.016000
17:11:01.777847 1.211773 1.166805 1.414125 2190350.549032 0.016000
17:11:04.275953 1.273931 1.180195 1.472812 2093124.309416 0.016000
17:11:05.510882 1.234773 1.187018 1.461058 2169454.349097 0.016000
17:11:07.148977 1.357167 1.208286 1.583966 1982859.875768 0.016000
17:11:08.396425 1.247281 1.213161 1.533915 2167402.818792 0.016000
17:11:10.780660 1.248811 1.217617 1.493833 2174586.855629 0.016000
17:11:11.966582 1.185751 1.213634 1.452662 2300597.755367 0.016000
17:11:14.288330 1.261066 1.219563 1.446266 2172942.643025 0.016000
17:11:15.388720 1.100232 1.204646 1.494004 2501755.710578 0.016000
17:11:17.730741 1.327570 1.220012 1.559954 2082602.107671 0.016000
17:11:19.103046 1.372141 1.239028 1.646114 2023908.792147 0.016000
17:11:20.896420 0.967994 1.205149 1.781497 2881604.713403 0.016000
17:11:21.576382 0.679815 1.139482 2.097077 4121215.003644 0.016000
17:11:22.258296 0.681777 1.082269 2.258170 4127378.891099 0.016000
17:11:23.011918 0.689285 1.033146 2.308056 4100248.571190 0.016000
17:11:23.700628 0.688562 0.990073 2.290839 4122400.517068 0.016000
17:11:24.828738 0.692689 0.952900 2.225859 4115578.908986 0.016000
17:11:25.521089 0.692177 0.920310 2.135751 4136375.180229 0.016000
17:11:26.898060 0.767321 0.901186 1.965756 3747312.518035 0.016000
17:11:27.646226 0.748007 0.882039 1.833645 3860499.557183 0.016000
17:11:28.834205 0.615699 0.848746 1.828791 4710043.177301 0.016000
17:11:29.466629 0.632274 0.821687 1.773193 4606001.994692 0.016000
17:11:30.100882 0.634101 0.798239 1.699454 4612109.580370 0.016000
17:11:31.814231 0.013616 0.700161 2.160695 107392983.692663 0.016000
17:11:32.254317 0.284586 0.648214 2.159190 5181422.293355 0.016000
17:11:32.577750 0.323258 0.607595 2.065783 4599571.715430 0.016000
17:11:32.902848 0.324953 0.572264 1.948547 4613392.196749 0.016000
17:11:33.231408 0.328426 0.541785 1.817835 4602021.263515 0.016000
17:11:33.562131 0.330576 0.515384 1.683630 4609264.625259 0.016000
17:11:33.897154 0.334864 0.492819 1.549523 4586938.140476 0.016000
17:11:34.495999 0.311452 0.470148 1.444043 4971190.593116 0.016000
17:11:34.833489 0.337318 0.453544 1.316795 4626421.234652 0.016000
17:11:35.174345 0.340701 0.439439 1.199720 4616554.175643 0.016000
17:11:35.519039 0.344547 0.427577 1.092680 4600683.932095 0.016000
17:11:35.865603 0.346423 0.417433 0.997414 4611242.359279 0.016000
17:11:36.225614 0.359870 0.410238 0.902786 4473079.517632 0.016000
17:11:36.567314 0.341565 0.401654 0.839738 4748775.115985 0.016000
17:11:36.978994 0.304241 0.389477 0.815453 5371742.505296 0.016000
17:11:37.336009 0.356860 0.385400 0.737499 4614112.979918 0.016000
17:11:37.696591 0.360447 0.382281 0.671308 4602286.390162 0.016000
17:11:38.059050 0.362325 0.379786 0.616512 4612345.867425 0.016000
17:11:38.425038 0.365856 0.378045 0.569520 4601417.803212 0.016000
17:11:38.792850 0.367675 0.376749 0.530725 4612072.334615 0.016000
17:11:39.164091 0.371106 0.376043 0.497168 4602545.949761 0.016000
