17:08:12.703764 0.000825 0.000825 0.004125 14895840.332948 0.016000
17:08:12.706967 0.003030 0.001101 0.005780 8110725.871744 0.016000
17:08:12.707896 0.000803 0.001063 0.004871 61210935.334917 0.016000
17:08:12.709582 0.001553 0.001125 0.004470 63306749.641640 0.016000
17:08:12.712245 0.002534 0.001301 0.005219 77590677.534061 0.016000
17:08:12.716424 0.004062 0.001646 0.007346 96805038.543406 0.016000
17:08:12.791138 0.019538 0.003882 0.026050 5031383.670527 0.016000
17:08:12.874536 0.004858 0.004004 0.021605 5058854.294464 0.016000
17:08:12.883419 0.008779 0.004601 0.022576 4199202.157899 0.016000
17:08:12.913650 0.007420 0.004954 0.021254 3312207.676617 0.016000
17:08:12.933234 0.019444 0.006765 0.033480 1895907.284204 0.016000
17:08:12.943839 0.010426 0.007222 0.030920 4714455.629171 0.016000
17:08:12.958119 0.014138 0.008087 0.032776 4345666.741315 0.016000
17:08:12.974082 0.015839 0.009056 0.035325 4654809.966463 0.016000
17:08:12.993665 0.019460 0.010356 0.040462 4420152.324328 0.016000
17:08:13.014922 0.021131 0.011703 0.045057 4652113.961593 0.016000
17:08:13.039811 0.024746 0.013334 0.051392 4469096.538924 0.016000
17:08:13.066452 0.026501 0.014980 0.056690 4636816.599822 0.016000
17:08:13.096640 0.030050 0.016863 0.063217 4498132.968406 0.016000
17:08:13.128650 0.031878 0.018740 0.068520 4625636.026985 0.016000
17:08:13.164153 0.035367 0.020818 0.074780 4516751.369664 0.016000
17:08:13.201428 0.037139 0.022859 0.079651 4632089.680034 0.016000
17:08:13.242339 0.040777 0.025098 0.085611 4520198.755079 0.016000
17:08:13.284987 0.042509 0.027275 0.090070 4625082.564006 0.016000
17:08:13.346798 0.003338 0.024283 0.095316 62583809.170286 0.016000
17:08:13.388270 0.041303 0.026410 0.096705 5355166.251644 0.016000
17:08:13.438663 0.050248 0.029390 0.105949 4646380.380573 0.016000
17:08:13.491992 0.053188 0.032365 0.113582 4620583.678296 0.016000
17:08:13.548854 0.056731 0.035410 0.120690 4548625.360236 0.016000
17:08:13.607546 0.058552 0.038303 0.125404 4617022.074410 0.016000
17:08:13.671663 0.063968 0.041511 0.132502 4418213.028263 0.016000
17:08:13.733642 0.061838 0.044052 0.132622 4769113.191917 0.016000
17:08:13.801141 0.067358 0.046965 0.136698 4560720.478269 0.016000
17:08:13.871902 0.070604 0.049920 0.140859 4525063.894345 0.016000
17:08:13.943257 0.071218 0.052582 0.142084 4658596.645255 0.016000
17:08:14.021641 0.078235 0.055789 0.148568 4397832.064436 0.016000
17:08:14.096046 0.074267 0.058099 0.146161 4798260.724011 0.016000
17:08:14.176161 0.079974 0.060833 0.148755 4609501.771014 0.016000
17:08:14.259495 0.083186 0.063627 0.151921 4579236.971778 0.016000
17:08:14.344772 0.085137 0.066316 0.154046 4618632.394254 0.016000
17:08:14.433662 0.088757 0.069121 0.157360 4568696.844840 0.016000
17:08:14.524319 0.090522 0.071796 0.159376 4615361.627826 0.016000
17:08:14.618771 0.094312 0.074611 0.162812 4560185.513976 0.016000
17:08:14.714355 0.095450 0.077216 0.164206 4634544.212576 0.016000
17:08:14.813834 0.099349 0.079982 0.167358 4576351.042534 0.016000
17:08:14.915192 0.101222 0.082637 0.169409 4613066.561245 0.016000
17:08:15.019992 0.104652 0.085389 0.172483 4579284.085925 0.016000
17:08:15.126549 0.106425 0.088019 0.174375 4618472.017169 0.016000
17:08:15.236715 0.110023 0.090769 0.177541 4579114.372835 0.016000
17:08:15.348691 0.111844 0.093403 0.179557 4614424.646742 0.016000
17:08:15.464140 0.115317 0.096143 0.182671 4582008.838034 0.016000
17:08:15.581387 0.117110 0.098764 0.184628 4616787.085145 0.016000
17:08:15.702240 0.120693 0.101505 0.187832 4581542.798016 0.016000
17:08:15.824814 0.122435 0.104121 0.189797 4616715.571421 0.016000
17:08:16.004704 0.092549 0.102675 0.178503 6240320.972912 0.016000
17:08:16.132577 0.127730 0.105807 0.187734 4617735.805114 0.016000
17:08:16.264103 0.131388 0.109004 0.196031 4582703.395777 0.016000
17:08:16.397256 0.133016 0.112006 0.201288 4618989.402592 0.016000
17:08:16.534199 0.136784 0.115103 0.206843 4581593.906974 0.016000
17:08:16.672665 0.138336 0.118007 0.210045 4619016.469020 0.016000
17:08:16.814829 0.142022 0.121009 0.214052 4585651.453213 0.016000
17:08:16.958713 0.143754 0.123852 0.216379 4615892.952130 0.016000
17:08:17.106166 0.147315 0.126785 0.219643 4587719.402606 0.016000
17:08:17.255438 0.149134 0.129579 0.221572 4614154.156281 0.016000
17:08:17.408137 0.152560 0.132451 0.224427 4591085.605437 0.016000
17:08:17.562803 0.154527 0.135211 0.226269 4612166.388713 0.016000
17:08:17.720926 0.157986 0.138058 0.229126 4588965.737961 0.016000
17:08:17.880820 0.159755 0.140770 0.230769 4615067.065715 0.016000
17:08:18.044252 0.163302 0.143586 0.233618 4590073.934680 0.016000
17:08:18.209498 0.165106 0.146276 0.235319 4614343.099651 0.016000
17:08:18.397847 0.126424 0.143795 0.230429 6123390.699629 0.016000
17:08:18.571169 0.173135 0.147462 0.241778 4542310.285780 0.016000
17:08:18.742488 0.171172 0.150426 0.244873 4666186.349243 0.016000
17:08:18.920770 0.178120 0.153888 0.252417 4553151.693145 0.016000
17:08:19.097868 0.176946 0.156770 0.253725 4652805.040899 0.016000
17:08:19.279025 0.181007 0.159800 0.256753 4616309.992302 0.016000
17:08:19.463771 0.184610 0.162901 0.260426 4592776.692911 0.016000
17:08:19.650301 0.186392 0.165837 0.262472 4614794.532300 0.016000
17:08:19.840401 0.189965 0.168853 0.265457 4592677.364251 0.016000
17:08:20.036478 0.195933 0.172238 0.271771 4515500.361697 0.016000
17:08:20.227811 0.191198 0.174608 0.268217 4691600.329321 0.016000
17:08:20.424959 0.197001 0.177407 0.270007 4615773.983759 0.016000
17:08:20.625791 0.200686 0.180317 0.273046 4592249.092235 0.016000
17:08:20.828253 0.202327 0.183068 0.274625 4615735.615725 0.016000
17:08:21.034375 0.205980 0.185932 0.277511 4593531.959289 0.016000
17:08:21.242202 0.207692 0.188652 0.279096 4614830.252703 0.016000
17:08:21.453800 0.211439 0.191501 0.282120 4591170.434101 0.016000
17:08:21.666934 0.212983 0.194186 0.283633 4615576.799430 0.016000
17:08:21.883670 0.216595 0.196987 0.286481 4595342.926488 0.016000
17:08:22.102221 0.218390 0.199662 0.288186 4613837.884597 0.016000
17:08:22.353024 0.182163 0.197475 0.281367 5598853.770535 0.016000
17:08:22.576827 0.223648 0.200747 0.289839 4615251.068568 0.016000
17:08:22.805441 0.228470 0.204212 0.298755 4571626.918342 0.016000
17:08:23.033399 0.227811 0.207162 0.301668 4638790.685877 0.016000
17:08:23.266172 0.232624 0.210345 0.306686 4595642.959146 0.016000
17:08:23.500664 0.234357 0.213346 0.309615 4614086.426858 0.016000
17:08:23.738782 0.237979 0.216425 0.313259 4595499.172602 0.016000
17:08:23.978588 0.239669 0.219331 0.315200 4614362.349159 0.016000
17:08:24.221994 0.243264 0.222322 0.318158 4596685.840888 0.016000
17:08:24.467126 0.244994 0.225156 0.319704 4614379.313323 0.016000
17:08:24.716260 0.248991 0.228136 0.322881 4589659.635461 0.016000
17:08:24.966384 0.249986 0.230867 0.323776 4620547.983378 0.016000
17:08:25.220546 0.254001 0.233759 0.326575 4595884.873855 0.016000
17:08:25.476314 0.255628 0.236492 0.327974 4614703.776963 0.016000
17:08:25.735896 0.259417 0.239358 0.330893 4594675.111453 0.016000
17:08:25.996851 0.260811 0.242040 0.332144 4617226.966203 0.016000
17:08:26.427885 0.219310 0.239198 0.329507 5547002.286942 0.016000
17:08:26.694243 0.266202 0.242574 0.337309 4616043.924581 0.016000
17:08:26.964257 0.269882 0.245987 0.344347 4598628.550235 0.016000
17:08:27.236146 0.271744 0.249207 0.348733 4612340.809039 0.016000
17:08:27.511468 0.275183 0.252454 0.353075 4599354.512651 0.016000
17:08:27.788635 0.277020 0.255525 0.355557 4613208.445605 0.016000
17:08:28.069391 0.280614 0.258661 0.358774 4597919.075057 0.016000
17:08:28.351805 0.282278 0.261613 0.360315 4614343.728261 0.016000
17:08:28.637941 0.285996 0.264661 0.363070 4597323.678687 0.016000
17:08:28.925714 0.287637 0.267533 0.364316 4613815.404879 0.016000
17:08:29.217035 0.291186 0.270490 0.366730 4599780.093528 0.016000
17:08:29.510224 0.293049 0.273309 0.368049 4612473.176866 0.016000
17:08:29.965722 0.258378 0.271443 0.357429 5278962.789395 0.016000
17:08:30.264080 0.298213 0.274789 0.366049 4615009.998292 0.016000
17:08:30.566189 0.301969 0.278187 0.373811 4598299.043367 0.016000
17:08:30.869987 0.303632 0.281367 0.378531 4613584.547557 0.016000
17:08:31.212886 0.342754 0.289041 0.423300 4122838.777058 0.016000
17:08:31.552522 0.339495 0.295348 0.446496 4198613.342532 0.016000
17:08:31.895538 0.342881 0.301289 0.462184 4192988.674721 0.016000
17:08:32.249577 0.353902 0.307866 0.481150 4097135.819819 0.016000
17:08:32.598665 0.348954 0.313002 0.484053 4190443.891947 0.016000
17:08:32.948721 0.349918 0.317616 0.482821 4214014.324978 0.016000
17:08:33.302617 0.353747 0.322133 0.482167 4203137.993946 0.016000
17:08:33.657964 0.355195 0.326265 0.479354 4220599.411828 0.016000
17:08:34.239662 0.361125 0.330623 0.480298 4185320.960696 0.016000
17:08:34.600252 0.360441 0.334350 0.476425 4227355.181772 0.016000
17:08:34.964577 0.364190 0.338080 0.474476 4217580.320558 0.016000
17:08:35.330678 0.365967 0.341566 0.471750 4230676.128406 0.016000
17:08:35.727992 0.397180 0.348518 0.501770 3929139.644602 0.016000
17:08:36.149875 0.421747 0.357671 0.545839 3729402.022491 0.016000
17:08:36.575411 0.425397 0.366137 0.574989 3726289.327137 0.016000
17:08:36.993549 0.417984 0.372618 0.581104 3821773.001862 0.016000
17:08:37.384962 0.391250 0.374947 0.549943 4114321.869929 0.016000
17:08:37.777049 0.391947 0.377072 0.525319 4138355.113379 0.016000
17:08:38.172771 0.395588 0.379386 0.509088 4131329.377499 0.016000
17:08:38.572776 0.399868 0.381947 0.499704 4117838.768667 0.016000
17:08:39.047047 0.401314 0.384368 0.492053 4133620.847215 0.016000
17:08:39.409502 0.362301 0.381609 0.484440 4612652.426344 0.016000
17:08:39.775518 0.365876 0.379643 0.472499 4601165.932786 0.016000
17:08:40.143282 0.367622 0.378140 0.459803 4612736.364346 0.016000
17:08:40.514713 0.371293 0.377284 0.445378 4600225.933419 0.016000
17:08:40.889015 0.374154 0.376893 0.431093 4597891.729441 0.016000
17:08:41.264271 0.375113 0.376670 0.419101 4618896.044481 0.016000
17:08:41.642740 0.378317 0.376876 0.410345 4612260.503300 0.016000
17:08:42.035190 0.392265 0.378800 0.419291 4479583.025089 0.016000
17:08:42.783052 0.352978 0.375572 0.431762 5012981.105323 0.016000
17:08:43.696164 0.481070 0.388759 0.536400 1839100.179578 0.016000
17:08:44.071063 0.374749 0.387008 0.511749 2393664.987477 0.016000
17:08:44.453338 0.382090 0.386393 0.484867 2379836.639944 0.016000
17:08:44.782940 0.329452 0.379276 0.510072 2797372.285577 0.016000
17:08:45.086457 0.303362 0.369786 0.543797 3078461.805758 0.016000
17:08:45.498682 0.412075 0.375073 0.547869 2296125.467206 0.016000
17:08:45.923363 0.424536 0.381255 0.560317 2257674.315289 0.016000
17:08:46.362105 0.438600 0.388424 0.580064 2213296.534075 0.016000
17:08:46.813433 0.451178 0.396268 0.602752 2178830.436092 0.016000
17:08:47.147400 0.333822 0.388462 0.605771 2981612.848694 0.016000
17:08:47.614634 0.467091 0.398291 0.639901 2157216.332868 0.016000
17:08:48.096126 0.481344 0.408672 0.672934 2118867.239692 0.016000
17:08:48.590045 0.493764 0.419309 0.702596 2090456.492609 0.016000
17:08:49.098317 0.508124 0.430411 0.731692 2055560.783492 0.016000
17:08:49.618950 0.520484 0.441670 0.757704 2030356.475140 0.016000
17:08:50.261162 0.372058 0.432968 0.739606 2873357.272087 0.016000
17:08:50.808335 0.547012 0.447224 0.791245 1976819.193612 0.016000
17:08:51.370835 0.562345 0.461614 0.834751 1944770.462430 0.016000
17:08:51.940175 0.569192 0.475061 0.862492 1942964.993893 0.016000
17:08:52.850179 0.572967 0.487299 0.875778 1951610.411977 0.016000
17:08:53.147852 0.297517 0.463577 0.944718 3799768.642890 0.016000
17:08:53.576008 0.428014 0.459131 0.855550 2669969.977126 0.016000
17:08:54.007751 0.431598 0.455690 0.780537 2676268.515996 0.016000
17:08:54.544328 0.536432 0.465782 0.790160 2176157.384911 0.016000
17:08:55.079108 0.534644 0.474390 0.786535 2206417.204763 0.016000
17:08:55.929246 0.499260 0.477499 0.736478 2387405.605098 0.016000
17:08:56.444383 0.514966 0.482182 0.713883 2338453.362292 0.016000
17:08:56.902371 0.457828 0.479138 0.677268 2657137.354460 0.016000
17:08:57.469700 0.567160 0.490141 0.726760 2166584.801254 0.016000
17:08:58.054176 0.584328 0.501914 0.773566 2123957.142523 0.016000
17:08:58.685030 0.630695 0.518012 0.850532 1987293.804357 0.016000
17:08:59.458456 0.563020 0.523638 0.818036 2247991.226616 0.016000
17:09:00.043340 0.584724 0.531274 0.813158 2185564.660453 0.016000
17:09:00.636048 0.592559 0.538934 0.811633 2177403.067049 0.016000
17:09:01.279856 0.643655 0.552024 0.861270 2023642.906677 0.016000
17:09:01.940291 0.660284 0.565557 0.905750 1991288.469283 0.016000
17:09:02.595868 0.655436 0.576792 0.921816 2024765.074077 0.016000
17:09:03.654637 0.621828 0.582421 0.886226 2153959.524015 0.016000
17:09:04.387085 0.732286 0.601154 0.978872 1845836.249148 0.016000
17:09:05.042349 0.655120 0.607900 0.945154 2082012.028749 0.016000
17:09:05.786833 0.744329 0.624954 1.014323 1848988.881223 0.016000
17:09:06.373177 0.586194 0.620109 0.950896 2368744.663134 0.016000
17:09:07.030402 0.584281 0.615630 0.899548 2397531.457313 0.016000
17:09:07.629812 0.599259 0.613584 0.842893 2358111.725193 0.016000
17:09:08.230396 0.600449 0.611942 0.797059 2373903.191876 0.016000
17:09:08.838138 0.607605 0.611400 0.754575 2366168.886389 0.016000
17:09:09.449386 0.611101 0.611363 0.719043 2372740.690292 0.016000
17:09:10.387353 0.611523 0.611383 0.692303 2391197.400726 0.016000
17:09:10.975364 0.587850 0.608441 0.692664 2508394.598296 0.016000
17:09:11.574135 0.598628 0.607214 0.680194 2483759.347033 0.016000
17:09:12.172732 0.598450 0.606119 0.669618 2505031.559278 0.016000
17:09:12.776851 0.603972 0.605850 0.655622 2502472.810108 0.016000
17:09:13.543380 0.578914 0.602483 0.666748 2632018.213295 0.016000
17:09:14.159850 0.616308 0.604212 0.666235 2492259.504894 0.016000
17:09:14.781643 0.621660 0.606393 0.670359 2490570.431797 0.016000
17:09:15.408823 0.627043 0.608974 0.677599 2488786.220543 0.016000
17:09:17.015394 0.353723 0.577068 0.883787 2223298.713101 0.016000
17:09:17.365513 0.349961 0.548679 1.005825 2282311.181019 0.016000
17:09:17.834263 0.468574 0.538666 0.961631 1730800.083869 0.016000
17:09:18.145747 0.311338 0.510250 1.054802 2644380.505805 0.016000
17:09:18.580082 0.434183 0.500742 0.985223 1924497.795851 0.016000
17:09:18.979047 0.398819 0.488001 0.953285 2125957.049088 0.016000
17:09:19.304242 0.325025 0.467629 0.979568 2646441.916649 0.016000
17:09:19.744809 0.440414 0.464227 0.875397 1980972.665121 0.016000
17:09:20.310428 0.479875 0.466183 0.790208 1843679.787943 0.016000
17:09:20.649961 0.339375 0.450332 0.820159 2643164.492333 0.016000
17:09:21.099340 0.449222 0.450194 0.728674 2024192.542116 0.016000
17:09:21.525606 0.426123 0.447185 0.680116 2162756.312158 0.016000
17:09:21.877396 0.351594 0.435236 0.705525 2656154.759063 0.016000
17:09:22.335885 0.458340 0.438124 0.663945 2064354.290200 0.016000
17:09:22.774673 0.438646 0.438189 0.608077 2185052.069968 0.016000
17:09:23.140590 0.365769 0.429137 0.628972 2654001.863321 0.016000
17:09:23.796680 0.433053 0.429626 0.583419 2270022.288670 0.016000
17:09:24.249624 0.452782 0.432521 0.571021 2198250.339877 0.016000
17:09:24.628194 0.378426 0.425759 0.583729 2662649.501752 0.016000
17:09:25.107114 0.478779 0.432386 0.603884 2130219.459768 0.016000
17:09:25.567989 0.460720 0.435928 0.592885 2240389.813060 0.016000
17:09:25.960722 0.392550 0.430506 0.591601 2660756.648401 0.016000
17:09:26.443971 0.483081 0.437078 0.610474 2187559.224254 0.016000
17:09:27.045775 0.436914 0.437057 0.567268 2446834.114771 0.016000
17:09:27.541698 0.495756 0.444395 0.600752 2181201.386093 0.016000
17:09:28.019349 0.477500 0.448533 0.598906 2290328.978783 0.016000
17:09:28.434251 0.414709 0.444305 0.590909 2666736.812631 0.016000
17:09:28.930753 0.496352 0.450811 0.612811 2252851.925705 0.016000
17:09:29.428094 0.497202 0.456610 0.624501 2273714.990711 0.016000
17:09:29.847469 0.419232 0.451937 0.615234 2725899.490974 0.016000
17:09:30.437934 0.506809 0.458796 0.636140 2279107.136336 0.016000
17:09:30.941695 0.503605 0.464397 0.642214 2318006.582217 0.016000
17:09:31.470288 0.528433 0.472402 0.669800 2232350.764228 0.016000
17:09:31.993472 0.523036 0.478731 0.677414 2278879.451713 0.016000
17:09:32.501872 0.508242 0.482420 0.660943 2369391.463562 0.016000
17:09:32.970677 0.468664 0.480701 0.628348 2595700.887028 0.016000
17:09:34.060165 0.576111 0.492627 0.698773 2132922.011683 0.016000
17:09:34.671218 0.610884 0.507409 0.780276 2031626.461275 0.016000
17:09:35.215178 0.543806 0.511959 0.753006 2304821.617854 0.016000
17:09:35.766984 0.551647 0.516920 0.737393 2294336.993811 0.016000
17:09:36.309529 0.542396 0.520104 0.710936 2356123.272357 0.016000
17:09:37.295759 0.547915 0.523581 0.694515 2354817.887371 0.016000
17:09:37.856988 0.561071 0.528267 0.693958 2321503.317684 0.016000
17:09:38.349210 0.492023 0.523736 0.684249 2672265.368831 0.016000
17:09:38.976278 0.626914 0.536634 0.760195 2116883.573261 0.016000
17:09:39.553725 0.577284 0.541715 0.750037 2320161.872763 0.016000
17:09:40.527273 0.614113 0.550765 0.779404 2201027.818293 0.016000
17:09:41.115314 0.587882 0.555404 0.764001 2320139.850988 0.016000
17:09:41.630498 0.515042 0.550359 0.747169 2672123.481397 0.016000
17:09:42.273637 0.642987 0.561938 0.802173 2159521.066867 0.016000
17:09:42.872525 0.598718 0.566535 0.783492 2339719.481654 0.016000
17:09:43.708658 0.533915 0.562458 0.757795 2646713.215617 0.016000
17:09:44.357022 0.648209 0.573176 0.805431 2198994.946652 0.016000
17:09:44.971754 0.614589 0.578353 0.793956 2339280.488850 0.016000
17:09:45.591831 0.619941 0.583552 0.786842 2338906.458773 0.016000
17:09:46.139111 0.547142 0.579000 0.767878 2672563.837189 0.016000
17:09:46.798116 0.658858 0.588983 0.810498 2238054.123717 0.016000
17:09:47.587303 0.641971 0.595606 0.814732 2316066.835149 0.016000
17:09:48.226931 0.639474 0.601090 0.809301 2344327.054787 0.016000
17:09:48.793641 0.566565 0.596774 0.787457 2667697.266684 0.016000
17:09:49.463398 0.669614 0.605879 0.821732 2275507.718870 0.016000
17:09:50.282325 0.667486 0.613580 0.837077 2301171.202012 0.016000
17:09:50.914725 0.632242 0.615913 0.802197 2448885.216937 0.016000
17:09:51.662802 0.747941 0.632416 0.904158 2086496.079523 0.016000
17:09:52.414237 0.751291 0.647276 0.969957 2093548.203511 0.016000
17:09:53.172918 0.758532 0.661183 1.014450 2089763.384342 0.016000
17:09:53.986642 0.646845 0.659390 0.938678 2469587.514987 0.016000
17:09:54.694811 0.708022 0.665469 0.923567 2273556.093732 0.016000
17:09:55.494264 0.799309 0.682199 1.009612 2029272.745590 0.016000
17:09:56.232570 0.738134 0.689191 0.990685 2214102.324520 0.016000
17:09:56.926248 0.693547 0.689736 0.920212 2374160.619622 0.016000
17:09:57.684454 0.666905 0.686882 0.882570 2487431.018396 0.016000
17:09:58.389690 0.705078 0.689156 0.854119 2370189.211440 0.016000
17:09:59.059474 0.669643 0.686717 0.829952 2513959.809201 0.016000
17:09:59.738070 0.678453 0.685684 0.801374 2499427.489433 0.016000
17:10:00.678174 0.628789 0.678572 0.822235 2716383.621678 0.016000
17:10:01.323014 0.644688 0.674337 0.815968 2668454.028684 0.016000
17:10:02.124227 0.801071 0.690178 0.923136 2162864.658046 0.016000
17:10:02.861518 0.737143 0.696049 0.917732 2367106.390508 0.016000
17:10:04.148166 0.760263 0.704076 0.934552 2311283.762553 0.016000
17:10:04.844359 0.696016 0.703068 0.883985 2542286.116750 0.016000
17:10:05.516753 0.672219 0.699212 0.865749 2650564.621430 0.016000
17:10:06.333957 0.817036 0.713940 0.956667 2195800.662405 0.016000
17:10:07.233684 0.790877 0.723557 0.982539 2283966.163451 0.016000
17:10:07.990945 0.757095 0.727749 0.955524 2402107.745267 0.016000
17:10:09.328719 0.381798 0.684506 1.201288 2381657.135608 0.016000
17:10:09.699956 0.371083 0.645328 1.346337 2483542.871975 0.016000
17:10:10.028743 0.328614 0.605738 1.448209 2841899.644964 0.016000
17:10:10.487020 0.458124 0.587287 1.366754 2065327.641374 0.016000
17:10:11.107164 0.396471 0.563435 1.338851 2417488.146788 0.016000
17:10:11.488936 0.381600 0.540705 1.304102 2543900.016999 0.016000
17:10:11.830083 0.340997 0.515742 1.287998 2882840.774944 0.016000
17:10:12.299311 0.469029 0.509903 1.135808 2122103.551512 0.016000
17:10:12.732613 0.433148 0.500308 1.046492 2326263.115019 0.016000
17:10:13.207046 0.474293 0.497056 0.932709 2150366.996518 0.016000
17:10:13.601429 0.394241 0.484204 0.913760 2618176.132291 0.016000
17:10:14.040265 0.438699 0.478516 0.846188 2380857.907705 0.016000
17:10:14.688696 0.417315 0.470866 0.807821 2532302.898668 0.016000
17:10:15.173806 0.484953 0.472627 0.739430 2204453.136135 0.016000
17:10:15.578596 0.404645 0.464129 0.732213 2672326.244959 0.016000
17:10:16.033540 0.454765 0.462959 0.673386 2404828.437178 0.016000
17:10:16.443899 0.410209 0.456365 0.666935 2695991.946533 0.016000
17:10:16.798857 0.354821 0.443672 0.703144 3151471.037168 0.016000
17:10:17.296299 0.497306 0.450376 0.698614 2273239.722446 0.016000
17:10:17.770652 0.474203 0.453355 0.663360 2409904.061202 0.016000
17:10:18.275356 0.504556 0.459755 0.668460 2289283.231418 0.016000
17:10:18.755001 0.479511 0.462224 0.638510 2434480.012052 0.016000
17:10:19.779184 0.548770 0.473043 0.691802 2149622.074126 0.016000
17:10:20.361856 0.582520 0.486727 0.760274 2046171.776853 0.016000
17:10:20.819675 0.457673 0.483095 0.717310 2631188.224803 0.016000
17:10:21.423717 0.603896 0.498196 0.794657 2014439.101863 0.016000
17:10:22.004652 0.580787 0.508519 0.813457 2115749.173521 0.016000
17:10:22.532900 0.528103 0.510967 0.759254 2350086.505909 0.016000
17:10:23.125895 0.592852 0.521203 0.789303 2114146.970223 0.016000
17:10:24.099475 0.565501 0.526740 0.772113 2238128.768517 0.016000
17:10:24.621783 0.522147 0.526166 0.714789 2447494.951199 0.016000
17:10:25.241664 0.619736 0.537862 0.772899 2081918.899668 0.016000
17:10:25.808335 0.566526 0.541445 0.746387 2299148.845233 0.016000
17:10:26.460313 0.651098 0.555152 0.818511 2019382.602774 0.016000
17:10:26.996744 0.536294 0.552795 0.769172 2474583.047602 0.016000
17:10:27.627516 0.630626 0.562524 0.802638 2123908.748032 0.016000
17:10:28.226316 0.598653 0.567040 0.783255 2257869.520449 0.016000
17:10:28.807248 0.580786 0.568758 0.744665 2348486.402987 0.016000
17:10:29.662792 0.587662 0.571121 0.721956 2341917.706321 0.016000
17:10:30.272712 0.609753 0.575950 0.727708 2277224.126233 0.016000
17:10:30.866047 0.593187 0.578105 0.709160 2361534.859399 0.016000
17:10:31.510448 0.644261 0.586374 0.750822 2193397.172731 0.016000
17:10:32.106131 0.595525 0.587518 0.720005 2393531.651902 0.016000
17:10:32.683310 0.577001 0.586203 0.696085 2491669.449004 0.016000
17:10:33.339134 0.655671 0.594887 0.746766 2211450.960257 0.016000
17:10:33.933054 0.593753 0.594745 0.709788 2462761.038848 0.016000
17:10:34.782410 0.564794 0.591001 0.707235 2610792.313723 0.016000
17:10:35.448028 0.665415 0.600303 0.761892 2234467.048994 0.016000
17:10:35.953143 0.504957 0.588385 0.804922 2968839.162028 0.016000
17:10:36.621080 0.667801 0.598312 0.840131 2263285.348201 0.016000
17:10:37.211285 0.590063 0.597281 0.786894 2582286.559983 0.016000
17:10:37.801092 0.589658 0.596328 0.746160 2604899.692504 0.016000
17:10:38.408769 0.607534 0.597729 0.721309 2548479.877635 0.016000
17:10:39.512707 0.658611 0.605339 0.758907 2369495.589585 0.016000
17:10:40.223166 0.710300 0.618459 0.838596 2214365.858463 0.016000
17:10:40.985747 0.762429 0.636455 0.945528 2079081.464883 0.016000
17:10:41.692470 0.706575 0.645220 0.947144 2260821.834923 0.016000
17:10:42.289752 0.597135 0.639210 0.913738 2695751.914428 0.016000
17:10:42.982848 0.692932 0.645925 0.905544 2340800.682110 0.016000
17:10:44.405491 0.803151 0.665578 1.017518 2034864.843711 0.016000
17:10:45.245329 0.839661 0.687339 1.125376 1961020.256434 0.016000
17:10:45.966183 0.720695 0.691508 1.053393 2301778.846234 0.016000
17:10:46.767744 0.801392 0.705244 1.086541 2085331.319143 0.016000
17:10:47.488315 0.720430 0.707142 1.008301 2336738.114686 0.016000
17:10:48.235841 0.747377 0.712171 0.978276 2268926.717439 0.016000
17:10:48.964649 0.728636 0.714229 0.930273 2344149.806152 0.016000
17:10:50.322167 0.853582 0.731648 1.033034 2015412.919589 0.016000
17:10:51.053576 0.731239 0.731597 0.958045 2369413.843395 0.016000
17:10:51.895747 0.842005 0.745398 1.025642 2072310.699008 0.016000
17:10:52.703722 0.807812 0.753200 1.025797 2175238.859213 0.016000
17:10:53.436305 0.732418 0.750602 0.975832 2415932.473418 0.016000
17:10:54.301930 0.865464 0.764960 1.048744 2058733.878539 0.016000
17:10:55.454287 0.876775 0.778937 1.103590 2046189.667978 0.016000
17:10:56.213124 0.758676 0.776404 1.040155 2380905.519577 0.016000
17:10:57.060113 0.846838 0.785208 1.053455 2147546.526615 0.016000
17:10:57.894588 0.834333 0.791349 1.041659 2194462.073496 0.016000
17:10:58.727340 0.832615 0.796507 1.025506 2213747.886472 0.016000
17:10:59.441906 0.714423 0.786247 1.040080 2597184.234962 0.016000
17:11:00.317329 0.875257 0.797373 1.076758 2133974.326973 0.016000
17:11:01.356935 0.825519 0.800891 1.038576 2277432.508006 0.016000
17:11:02.293792 0.936697 0.817867 1.131936 2020239.188791 0.016000
17:11:03.052645 0.758716 0.810473 1.105176 2510346.864143 0.016000
17:11:03.936923 0.884134 0.819681 1.114369 2168141.800362 0.016000
17:11:04.802408 0.865334 0.825387 1.092057 2229446.577015 0.016000
17:11:05.592594 0.790041 0.820969 1.056317 2457471.812462 0.016000
17:11:06.819043 0.864757 0.826443 1.046742 2259354.247310 0.016000
17:11:07.696138 0.876930 0.832754 1.048465 2242003.356701 0.016000
17:11:08.675779 0.979493 0.851096 1.159619 2019787.988697 0.016000
17:11:09.519249 0.843334 0.850126 1.089280 2360459.907238 0.016000
17:11:10.427939 0.908533 0.857427 1.095200 2204591.702540 0.016000
17:11:11.332931 0.904834 0.863353 1.089090 2227184.133885 0.016000
17:11:12.522084 0.942244 0.873214 1.121408 2151799.200842 0.016000
17:11:13.388930 0.866684 0.872398 1.065073 2353577.652564 0.016000
17:11:14.317814 0.928727 0.879439 1.080275 2209578.992152 0.016000
17:11:15.856696 1.065678 0.902719 1.239585 1937155.716882 0.016000
17:11:16.763158 0.906293 0.903166 1.159390 2291391.026599 0.016000
17:11:17.756551 0.993238 0.914425 1.196665 2103181.773496 0.016000
17:11:19.156081 0.908146 0.913640 1.131599 2313777.376351 0.016000
17:11:20.213735 1.057487 0.931621 1.238937 1998640.151702 0.016000
