14:52:24.190697 0.125319 0.125319 0.626595 3333827.962787 0.272664
14:52:24.661227 0.323112 0.150043 0.723793 2586050.569672 0.276674
14:52:25.064426 0.403018 0.181665 0.864952 2113970.107474 0.280684
14:52:25.471509 0.406897 0.209819 0.947517 2113949.860042 0.284694
14:52:26.260455 0.374909 0.230455 0.948818 2338018.499020 0.444759
14:52:26.678936 0.348592 0.245222 0.902131 2538026.951451 0.450936
14:52:27.135703 0.354192 0.258844 0.860495 2544156.708538 0.457114
14:52:27.596847 0.358022 0.271241 0.821658 2539820.064308 0.463291
14:52:28.068149 0.365792 0.283060 0.790424 2530661.984825 0.469468
14:52:28.824679 0.406834 0.298532 0.802829 2295500.651056 0.475645
14:52:29.274272 0.380731 0.308807 0.769229 2495913.744668 0.481822
14:52:29.756837 0.381287 0.317867 0.735664 2513759.330439 0.488000
14:52:30.252817 0.389024 0.326761 0.711267 2505881.261268 0.494177
14:52:30.751108 0.392918 0.335031 0.689567 2501896.888297 0.500354
14:52:31.259434 0.400735 0.343244 0.674850 2493976.446343 0.506531
14:52:31.770021 0.404551 0.350907 0.660919 2490701.857759 0.512708
14:52:32.527939 0.455538 0.363986 0.701126 2247891.334169 0.518886
14:52:33.016236 0.424918 0.371603 0.685389 2429156.107005 0.525063
14:52:33.540618 0.423988 0.378151 0.665876 2473127.382766 0.531240
14:52:34.076014 0.427921 0.384372 0.649936 2469540.986875 0.537417
14:52:34.621307 0.435534 0.390767 0.641102 2463991.327939 0.543595
14:52:35.168950 0.439444 0.396852 0.633280 2460709.077431 0.549772
14:52:35.726806 0.447329 0.403162 0.630960 2453960.935210 0.555949
14:52:36.455731 0.491543 0.414209 0.673439 2249894.469455 0.562126
14:52:36.986611 0.460312 0.419972 0.660497 2438138.195512 0.568303
14:52:37.557373 0.462661 0.425308 0.648391 2443464.938274 0.574481
14:52:38.140045 0.470576 0.430967 0.643547 2437183.118700 0.580658
14:52:38.724764 0.474423 0.436399 0.639290 2434688.382223 0.586835
14:52:39.319434 0.481990 0.442098 0.639858 2430456.564448 0.593012
14:52:39.916832 0.486005 0.447586 0.639813 2427233.948976 0.599189
14:52:40.659972 0.537518 0.458828 0.692930 2225101.197743 0.605367
14:52:41.229614 0.501743 0.464192 0.682684 2400080.942310 0.611544
14:52:41.844941 0.505325 0.469334 0.674336 2415490.643175 0.617721
14:52:42.467007 0.509460 0.474349 0.668228 2411965.741402 0.623898
14:52:43.233103 0.651437 0.496485 0.818982 1911441.805765 0.630076
14:52:44.219673 0.659575 0.516872 0.921833 1900278.251217 0.636253
14:52:44.886473 0.666596 0.535587 0.989033 1904842.096637 0.395341
14:52:45.304930 0.418258 0.520921 0.978334 1880255.944292 0.401519
14:52:45.726573 0.421437 0.508485 0.951030 1904948.906343 0.407696
14:52:46.154415 0.427659 0.498382 0.911117 1896389.259060 0.413873
14:52:46.589915 0.435293 0.490496 0.863136 1900770.463863 0.420050
14:52:47.029402 0.439300 0.484096 0.814773 1902081.354083 0.426228
14:52:47.476547 0.446962 0.479455 0.764596 1906131.235429 0.432405
14:52:48.025287 0.450156 0.475792 0.718947 1910804.367290 0.438582
14:52:48.484066 0.458581 0.473641 0.673219 1911426.892702 0.444759
14:52:48.946648 0.462391 0.472235 0.633168 1913394.058261 0.450936
14:52:49.417118 0.470281 0.471990 0.594644 1916130.488324 0.457114
14:52:49.891522 0.474209 0.472268 0.566476 1917533.967888 0.463291
14:52:50.373651 0.481920 0.473474 0.553783 1920849.918090 0.469468
14:52:50.897997 0.524147 0.479808 0.590713 1781729.056870 0.475645
14:52:51.435722 0.537544 0.487025 0.627939 1767803.154092 0.481822
14:52:51.977383 0.541478 0.493832 0.653970 1770088.022079 0.488000
14:52:52.901659 0.552218 0.501130 0.679620 1765331.934095 0.494177
14:52:53.454868 0.553012 0.507615 0.693364 1777610.952429 0.500354
14:52:54.020323 0.565261 0.514821 0.711778 1768075.631495 0.506531
14:52:54.542325 0.521798 0.515693 0.670388 1931046.500612 0.512708
14:52:55.069990 0.527474 0.517166 0.644968 1941327.306660 0.518886
14:52:55.602462 0.532276 0.519055 0.630016 1939204.782011 0.525063
14:52:56.142787 0.540098 0.521685 0.625950 1941454.385179 0.531240
14:52:56.745582 0.537953 0.523719 0.618185 1964423.896175 0.537417
14:52:57.297322 0.551550 0.527197 0.625879 1945702.424434 0.543595
14:52:57.853074 0.555563 0.530743 0.633120 1946393.212847 0.549772
14:52:58.422023 0.568747 0.535494 0.650280 1930081.241448 0.555949
14:52:58.989461 0.567253 0.539464 0.657313 1949605.872685 0.562126
14:52:59.564527 0.574875 0.543890 0.667688 1952257.052156 0.568303
14:53:00.716879 0.573275 0.547563 0.669797 1971995.680907 0.574481
14:53:01.264416 0.546313 0.547407 0.640332 2099309.188091 0.580658
14:53:01.810972 0.512116 0.542996 0.647981 2255489.187413 0.586835
14:53:02.367938 0.482060 0.535379 0.675053 2430104.360254 0.593012
14:53:02.965002 0.485919 0.529196 0.683411 2427663.876308 0.599189
14:53:03.572397 0.493889 0.524783 0.675751 2421661.089474 0.605367
14:53:04.581952 0.543609 0.527136 0.659189 2215238.682148 0.611544
14:53:05.159511 0.509503 0.524932 0.641604 2395683.043668 0.617721
14:53:05.777111 0.509216 0.522967 0.626188 2413122.144614 0.623898
14:53:06.408957 0.516962 0.522217 0.605637 2408656.489675 0.630076
14:53:07.043053 0.520807 0.522041 0.586016 2406603.469339 0.636253
14:53:07.687420 0.528628 0.522864 0.577433 2401991.066787 0.642430
14:53:08.436755 0.576095 0.529518 0.623676 2218300.399785 0.382987
14:53:08.797053 0.360113 0.508342 0.748366 2115603.157674 0.765974
14:53:09.852176 0.648777 0.525897 0.846349 2348591.243337 0.382987
14:53:10.212646 0.360292 0.505196 0.911140 2114551.777773 0.765974
14:53:11.267243 0.648752 0.523141 0.971154 2348681.870448 0.444759
14:53:11.685910 0.418480 0.510058 0.950729 2114164.754049 0.450936
14:53:12.112291 0.393767 0.495522 0.942316 2288459.238389 0.457114
14:53:12.660533 0.402463 0.483889 0.912043 2259368.170440 0.463291
14:53:13.208980 0.487651 0.484359 0.809237 1898276.112121 0.469468
14:53:13.694915 0.485743 0.484532 0.729574 1922597.691196 0.475645
14:53:14.188675 0.493573 0.485662 0.678484 1925290.963120 0.481822
14:53:14.686198 0.497321 0.487120 0.643395 1927253.728844 0.488000
14:53:15.191548 0.505158 0.489375 0.624619 1929788.504262 0.494177
14:53:15.700832 0.509092 0.491839 0.612990 1930966.939882 0.500354
14:53:16.217762 0.516744 0.494952 0.610720 1934079.032167 0.506531
14:53:17.275475 0.514744 0.497426 0.604044 1957508.810480 0.512708
14:53:17.804092 0.528389 0.501297 0.612222 1937966.241680 0.518886
14:53:18.336504 0.532200 0.505160 0.619257 1939481.909557 0.525063
14:53:18.876627 0.539933 0.509506 0.629853 1942048.486717 0.531240
14:53:19.420738 0.543925 0.513809 0.638487 1942855.924695 0.537417
14:53:19.978085 0.557154 0.519227 0.656081 1926131.940507 0.543595
14:53:20.861218 0.551893 0.523310 0.658617 1959336.335416 0.549772
14:53:21.424592 0.563185 0.528294 0.669650 1949142.902693 0.555949
14:53:21.991976 0.567187 0.533156 0.678065 1949832.880269 0.562126
14:53:22.567018 0.574859 0.538369 0.688754 1952312.110703 0.568303
14:53:23.113796 0.546568 0.539394 0.660381 2068354.115027 0.574481
14:53:23.656801 0.514986 0.536343 0.651491 2227011.831215 0.580658
14:53:24.677555 0.517311 0.533964 0.639357 2232838.244731 0.586835
14:53:25.231758 0.484632 0.527797 0.656174 2417207.207098 0.593012
14:53:25.826248 0.485924 0.522563 0.660719 2427638.862513 0.599189
14:53:26.433437 0.493743 0.518961 0.651398 2422377.914291 0.605367
14:53:27.042976 0.497712 0.516305 0.636881 2419520.223465 0.611544
14:53:27.662321 0.505302 0.514929 0.616364 2415600.055314 0.617721
14:53:28.720515 0.554817 0.519915 0.635879 2214784.488827 0.623898
14:53:29.309600 0.519918 0.519916 0.606891 2394961.345780 0.630076
14:53:29.940854 0.520892 0.520038 0.586246 2406211.324030 0.636253
14:53:30.585051 0.528607 0.521109 0.579334 2402086.403712 0.642430
14:53:31.231552 0.532446 0.522526 0.577532 2400153.671530 0.648607
14:53:32.710993 0.238790 0.487059 0.812050 2675890.555219 0.327392
14:53:33.037601 0.237873 0.455911 0.948840 2755085.460058 0.333569
14:53:33.375296 0.241767 0.429143 1.012983 2744593.733416 0.339747
14:53:33.723009 0.249549 0.406694 1.024168 2724657.642504 0.345924
14:53:34.072939 0.253385 0.387530 1.003944 2715742.706027 0.352101
14:53:34.433021 0.261178 0.371736 0.960399 2697439.887945 0.358278
14:53:34.795324 0.264981 0.358392 0.906644 2689643.999978 0.364455
14:53:35.167801 0.272802 0.347693 0.844471 2672589.255299 0.370633
14:53:35.542552 0.276619 0.338809 0.782466 2665324.788830 0.376810
14:53:36.275686 0.328696 0.337545 0.680401 2292892.271320 0.382987
14:53:36.636037 0.305995 0.333601 0.622292 2489764.334536 0.389164
14:53:37.015385 0.295996 0.328900 0.583024 2629225.157177 0.395341
14:53:37.414835 0.299904 0.325276 0.544865 2622280.269251 0.401519
14:53:37.824395 0.307724 0.323082 0.505325 2608883.293301 0.407696
14:53:38.236119 0.311545 0.321640 0.469859 2603181.796806 0.413873
14:53:38.658006 0.319337 0.321352 0.434819 2590969.045128 0.420050
14:53:39.082036 0.323140 0.321575 0.408464 2585827.329485 0.426228
14:53:39.516144 0.330877 0.322738 0.397206 2574879.622446 0.432405
14:53:40.180896 0.380030 0.329899 0.443042 2263400.753619 0.438582
14:53:40.595547 0.356033 0.333166 0.444157 2461973.430435 0.444759
14:53:41.030985 0.346509 0.334834 0.431420 2553284.479142 0.450936
14:53:41.489853 0.354251 0.337261 0.429117 2543733.777133 0.457114
14:53:41.950859 0.358011 0.339855 0.429497 2539899.560170 0.463291
14:53:42.422191 0.365805 0.343099 0.436280 2530572.917489 0.469468
14:53:42.895740 0.369651 0.346418 0.442856 2526404.094578 0.475645
14:53:43.379293 0.377400 0.350290 0.453602 2517944.350469 0.481822
14:53:43.951594 0.432310 0.360543 0.520046 2217075.174305 0.488000
14:53:44.412684 0.405388 0.366149 0.530621 2404729.030884 0.494177
14:53:44.894560 0.392852 0.369486 0.519544 2502317.479797 0.500354
14:53:45.403067 0.400805 0.373401 0.517263 2493541.769068 0.506531
14:53:45.913484 0.404529 0.377292 0.516316 2490836.909412 0.512708
14:53:46.434182 0.412285 0.381666 0.520927 2483719.683932 0.518886
14:53:46.957208 0.416181 0.385981 0.524941 2480151.143377 0.525063
14:53:47.951028 0.469376 0.396405 0.584021 2233978.314235 0.531240
14:53:48.451010 0.438060 0.401612 0.583979 2412381.616350 0.537417
14:53:48.986117 0.435524 0.405851 0.576538 2464047.980100 0.543595
14:53:49.533823 0.439446 0.410050 0.571661 2460698.397096 0.549772
14:53:50.091505 0.447172 0.414691 0.573020 2454823.156265 0.555949
14:53:50.651823 0.451323 0.419270 0.574649 2450395.660443 0.562126
14:53:51.221583 0.458850 0.424217 0.580332 2445906.565679 0.568303
14:53:52.018288 0.506067 0.434448 0.633384 2233885.861052 0.574481
14:53:52.560889 0.474236 0.439422 0.628412 2418373.915469 0.580658
14:53:53.141871 0.474401 0.443794 0.620516 2434799.729361 0.586835
14:53:53.736715 0.482207 0.448596 0.619550 2429363.021644 0.593012
14:53:54.333667 0.485979 0.453269 0.618868 2427363.744781 0.599189
14:53:54.940786 0.493664 0.458318 0.622913 2422765.152770 0.605367
14:53:55.691900 0.543342 0.468946 0.677416 2216327.374762 0.611544
14:53:56.269301 0.509175 0.473975 0.670556 2397226.593885 0.617721
14:53:56.887342 0.509275 0.478387 0.661123 2412841.976467 0.623898
14:53:57.519110 0.516980 0.483211 0.658856 2408573.178638 0.630076
14:53:58.153268 0.520838 0.487915 0.657275 2406460.255395 0.636253
14:53:58.797415 0.528540 0.492993 0.660638 2402391.966212 0.642430
14:53:59.473673 0.532312 0.497908 0.662961 2400756.752497 0.648607
14:54:00.130275 0.540195 0.503194 0.669271 2396053.329172 0.654784
14:54:00.789145 0.544098 0.508307 0.673769 2393922.121487 0.660962
14:54:01.458104 0.551833 0.513748 0.681371 2390055.750324 0.667139
14:54:02.129311 0.555717 0.518994 0.686680 2388093.256962 0.673316
14:54:03.294343 0.607530 0.530061 0.744362 2211394.117866 0.679493
14:54:03.933980 0.567637 0.534758 0.733060 2381240.263201 0.685670
14:54:04.627291 0.575127 0.539804 0.728900 2378716.823065 0.691848
14:54:05.323245 0.579022 0.544706 0.725746 2376863.339786 0.698025
14:54:06.029208 0.586722 0.549958 0.727754 2373594.724900 0.494177
14:54:06.494325 0.464937 0.539330 0.757698 2114351.105443 0.500354
14:54:06.967455 0.437539 0.526607 0.792174 2284194.813942 0.506531
14:54:07.515017 0.447051 0.516662 0.795393 2253917.094881 0.512708
14:54:07.999456 0.418731 0.504421 0.811400 2445484.244300 0.518886
14:54:08.515960 0.416158 0.493388 0.811885 2480288.969574 0.525063
14:54:09.049020 0.423925 0.484705 0.793041 2473493.190713 0.531240
14:54:09.587949 0.431389 0.478040 0.762608 2449687.764993 0.537417
14:54:10.129682 0.435505 0.472724 0.728685 2464154.547176 0.543595
14:54:10.711026 0.446195 0.469408 0.687907 2423477.841885 0.549772
14:54:11.261946 0.447240 0.466637 0.652679 2454448.885771 0.555949
14:54:11.821783 0.451042 0.464687 0.619813 2451921.484464 0.562126
14:54:12.391850 0.458784 0.463949 0.586197 2446258.653977 0.568303
14:54:12.964370 0.462820 0.463808 0.556623 2442625.362550 0.574481
14:54:13.546771 0.470541 0.464650 0.540994 2437364.648580 0.580658
14:54:14.131373 0.474340 0.465861 0.532809 2435114.248262 0.586835
14:54:14.849293 0.527576 0.473575 0.585502 2220449.882649 0.593012
14:54:15.407410 0.492552 0.475948 0.578869 2394971.291140 0.599189
14:54:16.008033 0.493766 0.478175 0.573184 2422264.456980 0.605367
14:54:16.617528 0.497676 0.480612 0.571371 2419695.248307 0.611544
14:54:17.236986 0.505394 0.483710 0.576560 2415161.326872 0.617721
14:54:17.858789 0.509218 0.486899 0.582044 2413110.846253 0.623898
14:54:18.927868 0.558655 0.495868 0.638984 2228896.094108 0.630076
14:54:19.520955 0.521607 0.499086 0.632161 2402912.896237 0.636253
14:54:20.164374 0.528602 0.502775 0.632098 2402109.155688 0.642430
14:54:20.811040 0.532577 0.506500 0.633295 2399562.709748 0.648607
14:54:21.467448 0.540195 0.510712 0.639503 2396053.329172 0.654784
14:54:22.567445 0.588138 0.520390 0.694409 2214663.515732 0.660962
14:54:23.192290 0.551957 0.524336 0.686417 2389518.908774 0.667139
14:54:23.863383 0.555702 0.528257 0.681183 2388157.806032 0.673316
14:54:24.544615 0.563455 0.532657 0.682549 2384375.537586 0.679493
14:54:25.228285 0.567451 0.537006 0.684220 2382020.649344 0.302683
14:54:25.515055 0.286595 0.505705 0.866526 2115207.088483 0.605367
14:54:26.661583 0.542015 0.510243 0.817170 2221753.700266 0.611544
14:54:27.239077 0.507862 0.509946 0.742522 2403425.249683 0.617721
14:54:27.858250 0.509124 0.509843 0.685097 2413558.342246 0.623898
14:54:28.490134 0.516940 0.510730 0.649268 2408758.692418 0.630076
14:54:29.124304 0.520823 0.511992 0.625988 2406529.656947 0.636253
14:54:30.344714 0.573474 0.519677 0.666656 2214154.703084 0.642430
14:54:30.949250 0.535476 0.521652 0.647686 2386571.021353 0.648607
14:54:31.603140 0.540424 0.523998 0.637296 2395037.489316 0.654784
14:54:32.261720 0.544071 0.526508 0.631553 2394040.663695 0.660962
14:54:32.930560 0.551844 0.529675 0.633795 2390008.250770 0.667139
14:54:33.601898 0.555854 0.532947 0.637217 2387504.279843 0.673316
14:54:34.675803 0.607585 0.542277 0.695117 2211193.665487 0.679493
14:54:35.315310 0.567548 0.545436 0.685337 2381613.384052 0.253266
14:54:35.555664 0.240165 0.507277 0.917474 2114812.775237 0.506531
14:54:36.226985 0.404589 0.494441 0.904776 2490468.487794 0.512708
14:54:36.747610 0.412301 0.484173 0.874065 2483623.455530 0.518886
14:54:37.270655 0.416244 0.475682 0.836030 2479776.106346 0.525063
14:54:37.803778 0.424122 0.469237 0.791058 2472344.667007 0.531240
14:54:38.338948 0.427816 0.464060 0.746847 2470146.539756 0.537417
14:54:38.965208 0.482906 0.466415 0.697352 2222278.809555 0.543595
14:54:39.476784 0.450743 0.464456 0.653331 2399025.821850 0.549772
14:54:40.023169 0.447193 0.462298 0.621218 2454706.675242 0.555949
14:54:40.583181 0.451065 0.460894 0.591317 2451797.067758 0.562126
14:54:41.153317 0.458924 0.460648 0.560435 2445511.381522 0.568303
14:54:41.725555 0.462677 0.460902 0.537771 2443380.577007 0.574481
14:54:42.308049 0.470486 0.462100 0.529336 2437649.964462 0.580658
14:54:42.941088 0.493648 0.466043 0.548019 2339870.587323 0.586835
14:54:43.516481 0.482151 0.468057 0.545646 2429645.325801 0.593012
14:54:44.113516 0.485977 0.470297 0.546409 2427374.462486 0.599189
14:54:44.720581 0.493710 0.473223 0.553721 2422539.346102 0.605367
14:54:45.330097 0.497631 0.476274 0.561055 2419913.195422 0.611544
14:54:46.026887 0.548790 0.485339 0.621440 2224180.558813 0.617721
14:54:46.608131 0.512271 0.488705 0.617714 2398730.699333 0.623898
14:54:47.236952 0.516994 0.492241 0.617286 2408507.644672 0.630076
14:54:47.871071 0.520838 0.495816 0.618196 2406460.255395 0.636253
14:54:48.515216 0.528514 0.499903 0.624387 2402509.010736 0.642430
14:54:49.161852 0.532449 0.503971 0.629880 2400139.699984 0.438582
14:54:49.727687 0.388037 0.489480 0.699845 2258918.804319 0.444759
14:54:50.146205 0.361782 0.473517 0.758989 2445494.300699 0.450936
14:54:50.589716 0.354153 0.458597 0.792065 2544437.598990 0.457114
14:54:51.051047 0.358178 0.446045 0.796565 2538716.093880 0.463291
14:54:51.522060 0.365763 0.436009 0.779181 2530863.234115 0.469468
14:54:51.995632 0.369650 0.427714 0.751453 2526412.242040 0.475645
14:54:52.479180 0.377369 0.421421 0.714570 2518149.565667 0.481822
14:54:52.965147 0.381284 0.416404 0.676403 2513779.764683 0.488000
14:54:53.568219 0.428424 0.417907 0.624926 2275428.709802 0.494177
14:54:54.033144 0.399118 0.415558 0.589611 2463031.312707 0.500354
14:54:54.649731 0.515198 0.428013 0.658193 1939883.335900 0.506531
14:54:55.170581 0.520589 0.439585 0.704796 1935531.181596 0.512708
14:54:55.699126 0.528345 0.450680 0.738348 1938128.027530 0.518886
14:54:56.231530 0.532209 0.460871 0.758151 1939448.893342 0.525063
14:54:56.771759 0.540027 0.470766 0.772881 1941710.670114 0.531240
14:54:57.692032 0.546268 0.480203 0.782293 1934523.029919 0.537417
14:54:58.243765 0.551543 0.489121 0.787027 1945726.815745 0.543595
14:54:58.799556 0.555581 0.497428 0.787318 1946330.568099 0.549772
14:54:59.362962 0.563212 0.505651 0.788853 1949048.840174 0.555949
14:54:59.930405 0.567254 0.513352 0.787355 1949602.594984 0.562126
14:55:00.505549 0.574919 0.521048 0.788118 1952108.085775 0.568303
14:55:01.423244 0.580302 0.528454 0.788011 1948116.670132 0.574481
14:55:02.010129 0.586698 0.535735 0.788646 1954804.502424 0.580658
14:55:02.600933 0.590590 0.542592 0.787131 1955793.358678 0.586835
14:55:03.221099 0.619971 0.552264 0.813048 1889533.430201 0.593012
14:55:03.845361 0.624067 0.561240 0.828630 1890258.371735 0.599189
14:55:04.482933 0.637370 0.570756 0.847429 1876511.667961 0.605367
14:55:05.118931 0.635793 0.578885 0.851428 1894050.509484 0.611544
14:55:05.972448 0.636796 0.586124 0.848441 1916795.966939 0.617721
14:55:06.625333 0.652697 0.594446 0.857757 1882649.740175 0.623898
14:55:07.280585 0.655064 0.602023 0.860124 1900858.926353 0.630076
14:55:07.939781 0.659000 0.609145 0.859698 1901936.498272 0.636253
14:55:08.606627 0.666652 0.616334 0.861755 1904682.005321 0.642430
14:55:09.920677 0.672020 0.623294 0.863047 1901657.806206 0.648607
14:55:10.599177 0.678295 0.630169 0.864984 1908220.164375 0.654784
14:55:11.281528 0.682158 0.636668 0.864768 1909422.762412 0.660962
14:55:11.971675 0.689953 0.643329 0.867688 1911596.630968 0.667139
14:55:12.671209 0.699343 0.650330 0.874615 1897643.376619 0.673316
14:55:13.373001 0.701597 0.656739 0.876219 1914899.931509 0.679493
14:55:14.249941 0.709374 0.663318 0.880563 1905454.800214 0.685670
14:55:14.968993 0.718839 0.670258 0.888713 1903157.284490 0.691848
14:55:15.686546 0.717324 0.676142 0.887048 1918597.404447 0.302683
14:55:15.994765 0.308029 0.630127 1.156420 1968022.897823 0.605367
14:55:16.933605 0.641089 0.631498 1.037179 1878403.888285 0.611544
14:55:17.577046 0.643246 0.632966 0.948976 1897575.220196 0.617721
14:55:18.713117 0.651799 0.635320 0.891160 1885243.869235 0.623898
14:55:19.368438 0.655115 0.637795 0.849469 1900710.883896 0.630076
14:55:20.027422 0.658791 0.640419 0.820171 1902539.463842 0.636253
14:55:20.699878 0.672258 0.644399 0.811052 1888798.256184 0.642430
14:55:21.370683 0.670610 0.647675 0.798876 1905656.183684 0.648607
14:55:22.049316 0.678415 0.651518 0.795658 1907882.174546 0.654784
14:55:23.063271 0.675915 0.654568 0.787070 1927058.867698 0.660962
14:55:23.758897 0.695436 0.659676 0.799921 1896525.343004 0.667139
14:55:24.452955 0.693862 0.663949 0.803319 1912634.030823 0.673316
14:55:25.154726 0.701575 0.668653 0.810806 1914959.800216 0.679493
14:55:25.860332 0.705417 0.673248 0.816627 1916143.440696 0.685670
14:55:26.752811 0.715200 0.678492 0.827978 1912841.304107 0.469468
14:55:27.238684 0.485678 0.654390 0.959319 1922853.460956 0.475645
14:55:27.732586 0.493704 0.634305 1.023687 1924780.526182 0.481822
14:55:28.229904 0.497126 0.617157 1.046373 1928010.729983 0.488000
14:55:28.736209 0.506105 0.603276 1.036240 1926177.579259 0.494177
14:55:29.250394 0.513989 0.592115 1.006125 1912570.218635 0.500354
14:55:30.348570 0.557334 0.587767 0.933055 1793222.908391 0.506531
14:55:30.913359 0.564596 0.584871 0.867008 1784667.463342 0.512708
14:55:31.486076 0.572524 0.583327 0.807277 1788571.087809 0.518886
14:55:32.062511 0.576205 0.582437 0.757522 1791362.401928 0.525063
