10:32:26.400293	750	4	1.818	450283	3	-7.817399999999999
10:32:28.158279	1200	6.2474	0.0	611087	4	0.75
10:32:30.249753	1850	8.152391	0.0	877771	9	1.2000000000000002
10:32:34.249692	2850	8.152445	0.0	1520281	8	1.85
10:32:37.891907	2850	8.516436	0.0	1472558	11	2.85
10:32:41.060819	2850	9.344752	0.0	1224260	6	2.85
10:32:44.654639	2850	9.749062	0.0	1388403	7	2.85
10:32:50.567653	2850	7.834621	0.0	1638769	15	2.85
10:32:55.546254	2850	6.861683	0.0	1348011	7	2.85
10:33:01.633334	2850	4.772944	0.0	1429765	11	2.85
10:33:04.437319	1200	5.967017	0.0	607410	5	-0.44999999999999996
10:33:08.422293	1850	5.985149	0.0	917428	11	1.2000000000000002
10:33:11.308793	1200	7.096472	0.0	624282	5	0.5499999999999999
10:33:13.955642	1200	8.450771	0.0	687371	6	1.2
10:33:17.393970	1850	9.017646	0.0	821631	4	1.2000000000000002
10:33:20.751785	1850	9.652897	0.0	923170	11	1.85
10:33:25.163262	1850	9.241401	0.0	966699	5	1.85
10:33:30.008759	1850	8.393569	0.0	885714	7	1.85
10:33:33.896428	1850	8.507205	0.0	987708	9	1.85
10:33:38.231037	1850	8.173463	0.0	923755	13	1.85
10:33:42.014796	1850	8.390732	0.0	891604	12	1.85
10:33:47.441721	1850	6.96303	0.0	955231	7	1.85
10:33:51.622085	1850	6.783273	0.0	968026	11	1.85
10:33:56.164092	1850	6.248351	0.0	874175	5	1.85
10:34:00.826694	1850	5.587501	0.0	897976	7	1.85
10:34:03.415234	1200	6.988953	0.0	590335	5	0.5499999999999999
10:34:06.361749	1200	8.040854	0.0	696376	5	1.2
10:34:10.711440	1850	7.690591	0.0	758197	29	1.2000000000000002
10:34:14.629520	1850	7.773602	0.0	972798	5	1.85
10:34:19.374858	1850	7.028118	0.0	975811	22	1.85
10:34:23.926770	1850	6.487235	0.0	873429	10	1.85
10:34:26.777531	1200	7.632049	0.0	620283	19	0.5499999999999999
10:34:29.842751	1200	8.559787	0.0	584349	4	1.2
10:34:35.402663	1850	7.002569	0.0	1035329	9	1.2000000000000002
10:34:39.906087	1850	6.50545	0.0	1026056	16	1.85
10:34:45.002442	1850	5.400574	0.0	943942	17	1.85
10:34:47.580528	1200	6.82296	0.0	487812	3	0.5499999999999999
10:34:50.392702	1200	8.021881	0.0	575591	4	1.2
10:34:53.026638	1200	9.376462	0.0	605884	4	1.2
10:34:56.506467	1200	9.909306	0.0	587506	5	1.2
10:34:59.446382	1200	10.959769	0.0	566904	4	1.2
10:35:03.844377	1850	10.561288	0.0	1025005	6	1.2000000000000002
10:35:07.009722	1850	11.392448	0.0	886255	8	1.85
10:35:12.486545	2850	9.916359	0.0	1587250	12	1.85
10:35:17.316893	2850	9.089216	0.0	1464921	11	2.85
10:35:22.671996	2850	7.731459	0.0	1483527	9	2.85
10:35:26.789763	2850	7.612354	0.0	1231456	8	2.85
10:35:31.724520	2850	6.684419	0.0	1364537	9	2.85
10:35:34.768975	2850	5.313261	0.0	889412	5	2.85

