10:31:56.018115	750	4	0.803	450283	3	-3.4528999999999996
10:31:58.096625	2850	5.930367	0.0	1431809	7	0.75
10:32:01.981868	4300	6.04522	0.0	2177073	20	2.8499999999999996
10:32:05.610605	4300	6.42846	0.0	2160877	10	4.3
10:32:09.609173	4300	6.419322	0.0	2233056	21	4.3
10:32:12.954311	4300	7.073572	0.0	1941625	13	4.3
10:32:16.689165	4300	7.340653	0.0	2157535	18	4.3
10:32:20.606975	4300	7.424082	0.0	2290172	14	4.3
10:32:23.987115	4300	8.039502	0.0	2055469	14	4.3
10:32:28.871274	4300	7.156442	0.0	2169201	17	4.3
10:32:34.596236	4300	5.431484	0.0	2173522	17	4.3
10:32:38.868056	2850	5.158664	0.0	1519951	14	1.4000000000000001
10:32:41.494567	1850	6.535057	0.0	946851	6	0.8500000000000001
10:32:45.879382	2850	6.17563	0.0	1578343	30	1.85
10:32:50.229283	2850	5.800742	0.0	1231445	9	2.85
10:32:57.038569	2850	4.248258	1.248	1471065	7	-2.5163999999999995
10:33:00.092669	1200	5.206395	0.0	617242	3	-0.44999999999999996
10:33:02.615267	1200	6.679325	0.0	581493	3	1.2
10:33:07.381367	1850	5.917805	0.0	987708	15	1.2000000000000002
10:33:10.412174	1200	6.895406	0.0	586839	5	0.5499999999999999
10:33:13.009741	1200	8.285889	0.0	601738	5	1.2
10:33:15.665593	1200	9.629591	0.0	616206	6	1.2
10:33:19.924360	1850	9.376075	0.0	968026	6	1.2000000000000002
10:33:23.845669	1850	9.453081	0.0	874175	5	1.85
10:33:28.362522	1850	8.94471	0.0	897976	4	1.85
10:33:32.447914	1850	8.847774	0.0	905935	3	1.85
10:33:36.888747	1850	8.407466	0.0	1076599	8	1.85
10:33:41.043023	1850	8.253723	0.0	758197	9	1.85
10:33:46.129748	1850	7.172435	0.0	972798	11	1.85
10:33:51.427199	1850	5.87794	0.0	975811	9	1.85
10:33:54.839076	1200	6.457431	0.0	570392	4	0.5499999999999999
10:33:58.225828	1200	7.070762	0.0	620283	4	1.2
10:34:01.104514	1200	8.19471	0.0	584349	5	1.2
10:34:04.804231	1200	8.496277	0.0	670129	4	1.2
10:34:08.063323	1200	9.232783	0.0	690253	6	1.2
10:34:10.912266	1200	10.384524	0.0	598727	9	1.2
10:34:14.561596	1850	10.733734	0.0	728962	4	1.2000000000000002
10:34:19.489934	1850	9.825277	0.0	938587	11	1.85
10:34:24.881831	1850	8.430396	0.0	908665	33	1.85
10:34:30.305295	1850	6.99064	0.0	930577	11	1.85
10:34:35.173893	1850	6.13092	0.0	858450	5	1.85
10:34:38.623973	1200	6.671744	0.0	641452	7	0.5499999999999999
10:34:41.712794	1200	7.583759	0.0	599477	4	1.2
10:34:44.523355	1200	8.780215	0.0	634861	12	1.2
10:34:47.461020	1200	9.834365	0.0	630203	4	1.2
10:34:51.053387	1200	10.248914	0.0	638661	20	1.2
10:34:56.302752	1850	8.997008	0.0	830730	6	1.2000000000000002
10:35:01.041719	1850	8.266815	0.0	846370	7	1.85
10:35:04.094051	1850	6.883363	0.0	598850	5	1.85

