10:32:48.833663	750	4	2.845	450283	4	-12.2335
10:32:50.513454	750	6.288403	0.0	398865	2	0.75
10:32:52.840723	1200	7.964632	0.0	571051	3	0.75
10:32:56.560969	1850	8.242063	0.0	933276	6	1.2000000000000002
10:33:01.309914	1850	7.503385	0.0	996749	4	1.85
10:33:05.049033	1850	7.752887	0.0	801058	10	1.85
10:33:09.246457	1850	7.557576	0.0	905515	7	1.85
10:33:13.930735	1850	6.87105	0.0	1060487	7	1.85
10:33:17.305697	1850	7.499246	0.0	852833	7	1.85
10:33:22.464330	1850	6.338935	0.0	913888	7	1.85
10:33:26.011206	1850	6.793017	0.0	939819	6	1.85
10:33:29.239709	1850	7.565455	0.0	917428	5	1.85
10:33:33.523226	1850	7.296013	0.0	946851	6	1.85
10:33:38.098444	1850	6.70383	0.0	1036454	5	1.85
10:33:42.438217	1850	6.368983	0.0	821631	5	1.85
10:33:46.179554	1850	6.626083	0.0	923170	7	1.85
10:33:51.713652	1850	5.089904	0.0	966699	10	1.85
10:33:54.858806	1200	5.952381	0.0	581493	13	0.5499999999999999
10:33:57.429982	1200	7.372602	0.0	639204	3	1.2
10:34:00.357238	1200	8.453571	0.0	586839	3	1.2
10:34:05.240176	1850	7.564429	0.0	891604	5	1.2000000000000002
10:34:09.013067	1850	7.790966	0.0	955231	16	1.85
10:34:14.156333	1850	6.649869	0.0	968026	11	1.85
10:34:18.153291	1850	6.653215	0.0	874175	5	1.85
10:34:21.618459	1850	7.195028	0.0	897976	15	1.85
10:34:26.842937	1850	5.961178	0.0	905935	14	1.85
10:34:30.369411	1200	6.467952	0.0	696376	14	0.5499999999999999
10:34:32.457738	1200	8.351316	0.0	487160	3	1.2
10:34:35.511947	1200	9.290942	0.0	622896	4	1.2
10:34:40.741502	1850	8.064588	0.0	975811	14	1.2000000000000002
10:34:46.259994	1850	6.543133	0.0	873429	10	1.85
10:34:49.596158	1200	7.20743	0.0	620283	8	0.5499999999999999
10:34:52.536268	1200	8.26867	0.0	584349	4	1.2
10:34:55.636031	1200	9.172694	0.0	670129	4	1.2
10:35:01.320952	1850	7.480675	0.0	1026056	17	1.2000000000000002
10:35:05.103947	1850	7.699027	0.0	943942	5	1.85
10:35:07.243605	1850	9.55918	0.0	728962	12	1.85
10:35:10.586762	1850	10.221161	0.0	938587	9	1.85
10:35:15.489597	2850	9.312245	0.0	1427478	8	1.85
10:35:20.038260	2850	8.763959	0.0	1402287	9	2.85
10:35:24.854636	2850	7.947373	0.0	1339500	8	2.85
10:35:30.211644	2850	6.591633	0.0	1527299	15	2.85
10:35:33.463085	1850	7.351021	0.0	886255	12	0.8500000000000001
10:35:36.525900	1850	8.276163	0.0	973972	9	1.85
10:35:38.804600	1850	9.997323	0.0	958994	6	1.85
10:35:41.226488	1850	11.575507	0.0	982064	6	1.85
10:35:46.753090	4300	10.056199	0.0	1961140	12	1.8499999999999996
10:35:52.253446	4300	8.55058	0.0	2155012	18	4.3
10:35:55.166823	4300	7.315546	0.0	1433658	9	4.3

