10:31:55.937536	750	4	0.726	450283	2	-3.1218
10:31:59.018452	2850	4.927201	0.0	1431809	8	0.75
10:32:01.111929	2850	6.834141	0.0	1300868	11	2.85
10:32:04.949460	4300	6.995988	0.0	2160877	10	2.8499999999999996
10:32:08.723480	4300	7.225553	0.0	2233056	14	4.3
10:32:12.097556	4300	7.847757	0.0	1941625	11	4.3
10:32:15.884701	4300	8.060724	0.0	2157535	16	4.3
10:32:19.807111	4300	8.141615	0.0	2290172	15	4.3
10:32:23.501278	4300	8.444581	0.0	2055469	33	4.3
10:32:28.324994	4300	7.625419	0.0	2169201	17	4.3
10:32:34.130719	4300	5.814853	0.0	2173522	16	4.3
10:32:38.098572	2850	5.846698	0.0	1519951	10	1.4000000000000001
10:32:41.683349	2850	6.277575	0.0	1422919	12	2.85
10:32:45.578815	2850	6.370034	0.0	1578343	17	2.85
10:32:49.882415	2850	6.064596	0.0	1231445	17	2.85
10:32:56.592871	2850	4.249246	0.889	1471065	23	-0.9726999999999997
10:32:59.204732	1200	5.643445	0.0	617242	4	-0.44999999999999996
10:33:01.426445	1200	7.422688	0.0	581493	4	1.2
10:33:05.543860	1850	7.308591	0.0	987708	9	1.2000000000000002
10:33:08.852811	1850	7.989005	0.0	923755	11	1.85
10:33:12.816328	1850	8.026481	0.0	891604	6	1.85
10:33:16.909507	1850	7.941156	0.0	955231	14	1.85
10:33:20.557298	1850	8.323477	0.0	968026	4	1.85
10:33:24.481295	1850	8.362789	0.0	874175	9	1.85
10:33:27.900329	1850	8.942362	0.0	897976	5	1.85
10:33:31.530408	1850	9.311651	0.0	905935	9	1.85
10:33:36.953846	1850	7.891094	0.0	1076599	7	1.85
10:33:40.476420	1850	8.374708	0.0	758197	6	1.85
10:33:44.892605	1850	7.951376	0.0	972798	7	1.85
10:33:49.872238	1850	6.977081	0.0	975811	8	1.85
10:33:53.917378	1850	6.92761	0.0	873429	5	1.85
10:33:58.991541	1850	5.859297	0.0	954453	12	1.85
10:34:03.681915	1200	5.162519	0.0	584349	8	0.5499999999999999
10:34:07.059660	750	5.782082	0.0	412837	2	0.3
10:34:10.184574	750	6.660412	0.0	401088	2	0.75
10:34:12.555182	750	8.289249	0.0	365161	2	0.75
10:34:14.451317	750	10.395536	0.0	321064	2	0.75
10:34:20.950974	1850	7.894725	0.0	938587	5	0.75
10:34:25.428787	1850	7.435245	0.0	908665	15	1.85
10:34:29.865969	1850	6.978592	0.0	930577	6	1.85
10:34:34.777107	1850	6.070107	0.0	858450	19	1.85
10:34:37.652993	1200	7.192025	0.0	641452	8	0.5499999999999999
10:34:40.492654	1200	8.377408	0.0	599477	3	1.2
10:34:45.506889	1850	7.343756	0.0	973972	12	1.2000000000000002
10:34:50.201435	1850	6.645821	0.0	958994	15	1.85
10:34:55.234418	1850	5.61685	0.0	982064	11	1.85
10:34:58.161418	1200	6.693866	0.0	538612	6	0.5499999999999999
10:35:00.882310	1200	7.960366	0.0	550906	6	1.2
10:35:03.253182	1200	7.273748	0.0	391450	6	1.2

