10:33:39.440215	750	4	3.622	450283	4	-15.574599999999998
10:33:40.660612	300	6.79136	0.0	155580	3	-0.15000000000000002
10:33:42.880662	750	8.572243	0.0	350812	7	0.3
10:33:45.163409	750	10.289171	0.0	382355	7	0.75
10:33:48.927103	1200	10.526455	0.0	652874	19	0.75
10:33:53.669137	1850	9.783947	0.0	801058	11	1.2000000000000002
10:33:58.231008	1850	9.218413	0.0	905515	9	1.85
10:34:02.929173	1850	8.520181	0.0	1060487	11	1.85
10:34:06.896466	1850	8.554998	0.0	852833	8	1.85
10:34:11.137599	1850	8.319172	0.0	913888	18	1.85
10:34:16.556871	1850	6.901679	0.0	939819	19	1.85
10:34:21.375073	1850	6.083268	0.0	917428	13	1.85
10:34:24.834071	1200	6.617563	0.0	624282	4	0.5499999999999999
10:34:28.769777	1200	6.683055	0.0	687371	6	1.2
10:34:31.175834	1200	8.279825	0.0	526950	3	1.2
10:34:34.648895	1200	8.817983	0.0	587876	3	1.2
10:34:37.967800	1200	9.483384	0.0	617242	14	1.2
10:34:41.356658	1200	10.09529	0.0	581493	4	1.2
10:34:46.390157	1850	9.06261	0.0	987708	6	1.2000000000000002
10:34:51.368200	1850	8.08225	0.0	923755	17	1.85
10:34:56.284681	1850	7.16697	0.0	891604	5	1.85
10:35:00.926522	1850	6.529241	0.0	955231	7	1.85
10:35:05.482957	1850	5.966511	0.0	968026	6	1.85
10:35:07.510885	1200	7.937501	0.0	536667	4	0.5499999999999999
10:35:09.562944	1200	9.885621	0.0	587236	3	1.2
10:35:11.620175	1200	11.833973	0.0	590335	9	1.2
10:35:17.641243	2850	9.80866	0.0	1547572	8	1.2000000000000002
10:35:21.796514	2850	9.652171	0.0	1141971	10	2.85
10:35:26.559336	2850	8.89217	0.0	1498470	15	2.85
10:35:31.873398	2850	7.576506	0.0	1561263	9	2.85
10:35:36.260151	2850	7.187871	0.0	1341201	9	2.85
10:35:40.484721	2850	6.964115	0.0	1497683	9	2.85
10:35:43.998929	2850	7.452412	0.0	1358081	8	2.85
10:35:48.158175	2850	7.289744	0.0	1587293	9	2.85
10:35:51.936371	2850	7.512686	0.0	1492672	16	2.85
10:35:54.939197	2850	8.50911	0.0	1439896	9	2.85
10:35:56.073398	2850	11.375151	0.0	1139291	9	2.85
10:35:58.033703	4300	13.414838	0.0	2147467	17	2.8499999999999996
10:35:59.930634	4300	15.517562	0.0	2133870	14	4.3
10:36:01.834528	4300	17.613829	0.0	2146120	13	4.3
10:36:03.715666	4300	19.732531	0.0	2108491	15	4.3
10:36:05.652516	4300	21.796241	0.0	2184571	15	4.3
10:36:07.666814	4300	23.781301	0.0	2121928	13	4.3
10:36:09.637803	4300	25.811315	0.0	2219102	14	4.3
10:36:11.514613	4300	27.934861	0.0	2124950	15	4.3
10:36:13.493115	4300	29.955735	0.0	2246506	15	4.3
10:36:15.224833	4300	32.223502	0.0	1961140	15	4.3
10:36:17.124844	4300	34.324159	0.0	2155012	15	4.3
10:36:18.392453	4300	34.736144	0.0	1433658	11	4.3

