10:32:48.712865	750	4	2.735	450283	6	-11.7605
10:32:49.558615	300	7.174619	0.0	155580	1	-0.15000000000000002
10:32:51.080601	750	9.655326	0.0	350812	2	0.3
10:32:54.145843	1200	10.579932	0.0	617681	3	0.75
10:32:58.859747	1850	9.867232	0.0	996749	6	1.2000000000000002
10:33:01.780401	1850	10.947174	0.0	801058	8	1.85
10:33:07.381181	2850	9.347338	0.0	1388403	17	1.85
10:33:14.143655	2850	6.583128	0.0	1638769	15	2.85
10:33:18.509765	1850	6.221937	0.0	852833	12	0.8500000000000001
10:33:22.540978	1850	6.191246	0.0	913888	19	1.85
10:33:26.346013	1850	6.382617	0.0	939819	6	1.85
10:33:30.291824	1850	6.434421	0.0	917428	6	1.85
10:33:34.195249	1850	6.531343	0.0	946851	8	1.85
10:33:39.503984	1850	5.224046	0.0	1036454	6	1.85
10:33:42.664950	1200	6.070278	0.0	526950	4	0.5499999999999999
10:33:45.629617	1200	7.096512	0.0	587876	3	1.2
10:33:48.798479	1200	7.928415	0.0	617242	14	1.2
10:33:51.862850	1200	8.862927	0.0	581493	7	1.2
10:33:55.744948	1200	8.984521	0.0	639204	11	1.2
10:33:58.871899	1200	9.861818	0.0	586839	6	1.2
10:34:01.671950	1200	11.054732	0.0	601738	8	1.2
10:34:06.863711	1850	9.863519	0.0	955231	7	1.2000000000000002
10:34:12.358871	1850	8.368908	0.0	968026	6	1.85
10:34:17.095795	1850	7.630983	0.0	874175	6	1.85
10:34:21.455101	1850	7.272191	0.0	897976	7	1.85
10:34:25.559495	1850	7.176875	0.0	905935	33	1.85
10:34:30.860110	1850	5.867083	0.0	1076599	9	1.85
10:34:33.039225	1200	7.691341	0.0	487160	2	0.5499999999999999
10:34:38.606601	1850	6.121239	0.0	972798	12	1.2000000000000002
10:34:43.943403	1850	4.783896	0.0	975811	16	1.85
10:34:46.711509	1200	6.01695	0.0	570392	4	0.5499999999999999
10:34:50.176667	1200	6.551829	0.0	620283	9	1.2
10:34:53.283556	1200	7.444449	0.0	584349	4	1.2
10:34:56.194704	1200	8.546066	0.0	670129	6	1.2
10:34:59.548577	1200	9.18071	0.0	690253	4	1.2
10:35:03.216686	1200	9.513825	0.0	598727	3	1.2
10:35:05.390558	1200	11.343078	0.0	487812	3	1.2
10:35:08.303785	1850	12.422432	0.0	938587	5	1.2000000000000002
10:35:12.993748	2850	11.732058	0.0	1427478	9	1.85
10:35:17.886001	2850	10.843398	0.0	1402287	11	2.85
10:35:22.556368	2850	10.175573	0.0	1339500	8	2.85
10:35:28.055120	2850	8.671046	0.0	1527299	13	2.85
10:35:32.694076	2850	8.033671	0.0	1343002	13	2.85
10:35:36.929722	2850	7.798224	0.0	1587250	9	2.85
10:35:40.807253	2850	7.918936	0.0	1464921	8	2.85
10:35:44.395147	2850	8.331416	0.0	1483527	16	2.85
10:35:47.353600	2850	9.380447	0.0	1231456	8	2.85
10:35:51.167507	2850	9.558525	0.0	1364537	15	2.85
10:35:53.343186	2850	9.062795	0.0	889412	8	2.85

