10:55:38.983778	750	4	0.768	450283	739	-3.3023999999999996
10:55:42.750135	4300	4.27634	0.0	2123065	3674	0.75
10:55:46.591440	4300	4.435547	0.0	2177073	3758	4.3
10:55:50.398262	4300	4.62765	0.0	2160877	3730	4.3
10:55:54.328520	4300	4.698701	0.0	2233056	3854	4.3
10:55:57.746107	4300	5.280292	0.0	1941625	3342	4.3
10:56:01.543192	4300	5.483237	0.0	2157535	3726	4.3
10:56:05.575029	4300	5.450937	0.0	2290172	3954	4.3
10:56:10.160601	4300	4.890131	0.0	2055469	4484	4.3
10:56:15.903464	4300	4.238538	1.095	2169201	5617	-0.4085000000000001
10:56:19.530858	2850	4.613548	0.0	1354548	3485	1.4000000000000001
10:56:23.558199	2850	4.589157	0.0	1519951	3914	2.85
10:56:27.457395	2850	4.713641	0.0	1422919	3763	2.85
10:56:34.192842	2850	4.34409	2.35	1578343	6563	-7.255000000000001
10:56:37.963470	1850	4.587276	0.0	821631	3518	0.8500000000000001
10:56:42.081844	1850	4.467601	0.0	923170	3921	1.85
10:56:46.399824	1850	4.443975	0.295	966699	4125	0.5815000000000001
10:56:50.361546	1850	4.489274	0.0	885714	3755	1.85
10:56:54.765953	1850	4.48396	0.41	987708	4208	0.08700000000000019
10:56:58.902358	1850	4.389985	0.043	923755	3948	1.6651
10:57:02.906418	1850	4.424106	0.048	891604	3809	1.6436000000000002
10:57:07.182135	1850	4.472023	0.314	955231	4066	0.4998
10:57:11.513669	1850	4.280861	0.141	968026	4129	1.2437
10:57:15.432204	1850	4.422875	0.072	874175	3720	1.5404
10:57:20.059976	1850	4.490006	0.676	897976	4403	-1.0567999999999995
10:57:23.322483	1200	5.225948	0.0	590335	2965	0.5499999999999999
10:57:27.052145	1200	5.489467	0.0	696376	3500	1.2
10:57:29.731504	1200	6.82848	0.0	487160	2439	1.2
10:57:33.093432	1200	7.45395	0.0	622896	3130	1.2
10:57:36.576425	1200	7.971517	0.0	641447	3246	1.2
10:57:39.666081	1200	8.877624	0.0	570392	2856	1.2
10:57:43.015504	1200	9.532733	0.0	620283	3110	1.2
10:57:46.156550	1200	10.390226	0.0	584349	2906	1.2
10:57:49.756269	1200	10.791358	0.0	670129	3368	1.2
10:57:53.417185	1200	11.109435	0.0	690253	3458	1.2
10:57:56.655897	1200	11.872176	0.0	598727	3021	1.2
10:57:59.361450	1200	13.186287	0.0	487812	2495	1.2
10:58:02.464739	1200	14.077742	0.0	575591	2866	1.2
10:58:05.745301	1200	14.803716	0.0	605884	3038	1.2
10:58:08.945517	1200	15.604975	0.0	587506	2959	1.2
10:58:12.018506	1200	16.529043	0.0	566904	2844	1.2
10:58:15.481632	1200	17.062749	0.0	641452	3238	1.2
10:58:18.728853	1200	17.821421	0.0	599477	3010	1.2
10:58:22.140577	1200	18.40569	0.0	634861	3175	1.2
10:58:25.549425	1200	18.995856	0.0	630203	3179	1.2
10:58:28.995059	1200	19.55592	0.0	638661	3214	1.2
10:58:31.908521	1200	20.63993	0.0	538612	2680	1.2
10:58:34.894373	1200	21.653369	0.0	550906	2753	1.2
10:58:36.949536	1200	21.25336	0.0	391450	1846	1.2

