10:56:31.387380	750	4	1.98	450283	1904	-8.514
10:56:35.721073	1850	4.250287	0.579	957685	4077	-1.7397
10:56:39.652925	1850	4.329682	0.011	877771	3718	1.8027000000000002
10:56:43.812400	1850	4.340806	0.166	933276	3952	1.1362
10:56:48.276235	1850	4.256811	0.386	996749	4267	0.19020000000000015
10:56:51.846326	1850	4.693219	0.0	801058	3373	1.85
10:56:55.898209	1850	4.639206	0.0	905515	3859	1.85
10:57:00.647705	1850	4.400349	0.502	1060487	4546	-0.30859999999999976
10:57:04.478275	1850	4.563009	0.0	852833	3635	1.85
10:57:08.564077	1850	4.474225	0.0	913888	3894	1.85
10:57:12.768719	1850	4.403296	0.128	939819	4011	1.2996
10:57:17.011525	1850	4.281903	0.082	917428	4004	1.4974
10:57:21.995978	1850	4.363222	1.08	946851	4747	-2.794
10:57:25.746856	1200	4.609574	0.0	687371	3458	0.5499999999999999
10:57:28.616563	1200	5.738847	0.0	526950	2630	1.2
10:57:31.796860	1200	6.570211	0.0	587876	2927	1.2
10:57:35.111683	1200	7.244414	0.0	617242	3085	1.2
10:57:38.249309	1200	8.105259	0.0	581493	2905	1.2
10:57:41.711308	1200	8.646885	0.0	639204	3222	1.2
10:57:44.887338	1200	9.469864	0.0	586839	2935	1.2
10:57:48.146056	1200	10.210898	0.0	601738	3022	1.2
10:57:51.475183	1200	10.880528	0.0	616206	3095	1.2
10:57:55.010758	1200	11.346106	0.0	656471	3301	1.2
10:57:57.944724	1200	12.411854	0.0	536667	2704	1.2
10:58:01.127095	1200	13.234279	0.0	587236	2943	1.2
10:58:04.325795	1200	14.030689	0.0	590335	2968	1.2
10:58:08.068572	1200	14.283023	0.0	696376	3515	1.2
10:58:10.719598	1200	15.638711	0.0	487160	2427	1.2
10:58:14.101122	1200	16.256118	0.0	622896	3146	1.2
10:58:17.586759	1200	16.771325	0.0	641447	3247	1.2
10:58:20.653863	1200	17.700089	0.0	570392	2835	1.2
10:58:23.985417	1200	18.369954	0.0	620283	3097	1.2
10:58:27.146242	1200	19.211334	0.0	584349	2931	1.2
10:58:30.765636	1200	19.596982	0.0	670129	3373	1.2
10:58:34.465173	1200	19.891326	0.0	690253	3458	1.2
10:58:37.363953	1200	20.938873	0.0	598727	2714	1.2
10:58:39.128252	1200	23.1768	0.0	487812	1612	1.2
10:58:41.198364	1200	25.107078	0.0	575591	1916	1.2
10:58:43.369670	1200	26.936551	0.0	605884	2016	1.2
10:58:46.683529	1850	27.622287	0.0	930577	3154	1.2000000000000002
10:58:49.761105	1850	28.552551	0.0	858450	2913	1.85
10:58:53.413038	1850	28.89295	0.0	1025005	3495	1.85
10:58:56.565322	1850	29.74009	0.0	886255	3004	1.85
10:58:59.477131	1850	30.802512	0.0	973972	2782	1.85
10:59:02.041624	1850	32.240785	0.0	958994	2442	1.85
10:59:04.660655	1850	33.617926	0.0	982064	2503	1.85
10:59:06.892930	1850	35.388453	0.0	830730	2111	1.85
10:59:09.148044	1850	37.110022	0.0	846370	2162	1.85
10:59:11.388222	2850	36.54606	0.0	889412	2117	1.85

