10:56:09.334860	750	4	1.208	450283	1165	-5.1944
10:56:13.152356	2850	4.488763	0.24	1431809	3672	-0.28200000000000003
10:56:16.595073	2850	5.04202	0.0	1300868	3326	2.85
10:56:20.613303	2850	5.02557	0.0	1520281	3905	2.85
10:56:24.523100	2850	5.11976	0.0	1472558	3793	2.85
10:56:28.100360	2850	5.561805	0.0	1224260	3444	2.85
10:56:34.172049	2850	4.478796	0.972	1388403	5898	-1.3295999999999997
10:56:38.924200	1850	4.44953	0.707	1060487	4529	-2.1900999999999997
10:56:42.766244	1850	4.583008	0.0	852833	3666	1.85
10:56:46.889625	1850	4.479322	0.0	913888	3932	1.85
10:56:51.091890	1850	4.405768	0.13	939819	4004	1.291
10:56:55.179681	1850	4.314868	0.0	917428	3902	1.85
10:56:59.431856	1850	4.285502	0.218	946851	4051	0.9126000000000001
10:57:04.044324	1850	4.254666	0.578	1036454	4419	-0.6354000000000002
10:57:07.723019	1850	4.580448	0.0	821631	3477	1.85
10:57:11.828656	1850	4.451078	0.0	923170	3925	1.85
10:57:16.187036	1850	4.336889	0.222	966699	4145	0.8954000000000002
10:57:20.817360	1850	4.307198	0.608	885714	4431	-0.7644000000000002
10:57:24.349568	1200	4.807712	0.0	639204	3230	0.5499999999999999
10:57:27.534371	1200	5.613298	0.0	586839	2946	1.2
10:57:30.776206	1200	6.391874	0.0	601738	2990	1.2
10:57:34.107692	1200	7.04804	0.0	616206	3098	1.2
10:57:37.623704	1200	7.529607	0.0	656471	3279	1.2
10:57:40.553637	1200	8.577135	0.0	536667	2716	1.2
10:57:43.726993	1200	9.380898	0.0	587236	2974	1.2
10:57:46.948493	1200	10.178241	0.0	590335	2998	1.2
10:57:50.695884	1200	10.454356	0.0	696376	3511	1.2
10:57:53.383945	1200	11.762093	0.0	487160	2462	1.2
10:57:56.720265	1200	12.396904	0.0	622896	3153	1.2
10:58:00.211228	1200	12.940965	0.0	641447	3254	1.2
10:58:03.320500	1200	13.836107	0.0	570392	2873	1.2
10:58:06.651946	1200	14.498621	0.0	620283	3109	1.2
10:58:09.793810	1200	15.360024	0.0	584349	2915	1.2
10:58:13.391960	1200	15.76109	0.0	670129	3368	1.2
10:58:17.093144	1200	16.056447	0.0	690253	3471	1.2
10:58:20.339363	1200	16.813894	0.0	598727	3008	1.2
10:58:22.991256	1200	18.166988	0.0	487812	2416	1.2
10:58:26.096373	1200	19.059943	0.0	575591	2871	1.2
10:58:29.387965	1200	19.761165	0.0	605884	3062	1.2
10:58:32.606734	1200	20.545122	0.0	587506	2987	1.2
10:58:35.670973	1200	21.465667	0.0	566904	2849	1.2
10:58:38.302698	1200	22.794571	0.0	641452	2466	1.2
10:58:40.442620	1200	24.644888	0.0	599477	2016	1.2
10:58:42.757364	1200	26.342869	0.0	634861	2156	1.2
10:58:46.166160	1850	26.935152	0.0	958994	3262	1.2000000000000002
10:58:49.651691	1850	27.45038	0.0	982064	3331	1.85
10:58:52.618316	1850	28.462739	0.0	830730	2841	1.85
10:58:55.656440	1850	29.428034	0.0	846370	2913	1.85
10:58:57.852781	1850	28.928655	0.0	598850	2041	1.85

