10:56:30.379608	750	4	1.948	450283	1878	-8.3764
10:56:34.683628	1850	4.351891	0.659	957685	4050	-2.0837
10:56:38.614432	1850	4.413038	0.0	877771	3741	1.85
10:56:42.757023	1850	4.258151	0.0	933276	3968	1.85
10:56:47.211033	1850	4.260593	0.438	996749	4266	-0.033399999999999874
10:56:50.813140	1850	4.661167	0.0	801058	3405	1.85
10:56:54.869952	1850	4.605098	0.0	905515	3861	1.85
10:56:59.614528	1850	4.457637	0.584	1060487	4534	-0.6611999999999996
10:57:03.482624	1850	4.582368	0.0	852833	3671	1.85
10:57:07.575403	1850	4.490158	0.0	913888	3891	1.85
10:57:11.781869	1850	4.291617	0.012	939819	4015	1.7984
10:57:15.885059	1850	4.304268	0.11	917428	3918	1.3770000000000002
10:57:20.777929	1850	4.414247	1.005	946851	4688	-2.4715000000000003
10:57:24.520241	1200	4.703816	0.0	687371	3454	0.5499999999999999
10:57:27.402231	1200	5.806675	0.0	526950	2651	1.2
10:57:30.592156	1200	6.625126	0.0	587876	2963	1.2
10:57:33.940402	1200	7.260516	0.0	617242	3128	1.2
10:57:37.060881	1200	8.157038	0.0	581493	2899	1.2
10:57:40.502537	1200	8.695211	0.0	639204	3224	1.2
10:57:43.687943	1200	9.494989	0.0	586839	2998	1.2
10:57:46.945225	1200	10.244204	0.0	601738	3061	1.2
10:57:50.288842	1200	10.922708	0.0	616206	3123	1.2
10:57:53.776086	1200	11.437336	0.0	656471	3256	1.2
10:57:56.710023	1200	12.466575	0.0	536667	2736	1.2
10:57:59.909753	1200	13.303569	0.0	587236	2972	1.2
10:58:03.134350	1200	14.075003	0.0	590335	3000	1.2
10:58:06.831206	1200	14.390738	0.0	696376	3457	1.2
10:58:09.516705	1200	15.680374	0.0	487160	2470	1.2
10:58:12.887581	1200	16.307549	0.0	622896	3168	1.2
10:58:16.354696	1200	16.86035	0.0	641447	3234	1.2
10:58:19.450969	1200	17.744486	0.0	570392	2880	1.2
10:58:22.797516	1200	18.411773	0.0	620283	3118	1.2
10:58:25.954034	1200	19.231431	0.0	584349	2947	1.2
10:58:29.546993	1200	19.669989	0.0	670129	3356	1.2
10:58:33.261887	1200	19.95219	0.0	690253	3479	1.2
10:58:36.482391	1200	20.708891	0.0	598727	3002	1.2
10:58:38.328519	1200	22.813787	0.0	487812	1702	1.2
10:58:40.423649	1200	24.734071	0.0	575591	1947	1.2
10:58:42.646491	1200	26.517547	0.0	605884	2084	1.2
10:58:45.924163	1850	27.241017	0.0	930577	3127	1.2000000000000002
10:58:49.023668	1850	28.129073	0.0	858450	2953	1.85
10:58:52.629322	1850	28.51258	0.0	1025005	3485	1.85
10:58:55.780497	1850	29.393681	0.0	886255	2991	1.85
10:58:58.904465	1850	30.23182	0.0	973972	2997	1.85
10:59:01.456170	1850	31.679412	0.0	958994	2441	1.85
10:59:04.074920	1850	33.061387	0.0	982064	2504	1.85
10:59:06.319297	1850	34.818388	0.0	830730	2128	1.85
10:59:08.590276	1850	36.547563	0.0	846370	2159	1.85
10:59:10.978043	2850	35.838419	0.0	889412	2245	1.85

