10:57:20.699671	750	4	2.359	450283	2278	-10.143699999999999
10:57:24.074150	1200	4.789401	0.0	611087	3104	0.75
10:57:27.185076	1200	5.67603	0.0	571051	2865	1.2
10:57:30.499378	1200	6.365647	0.0	617681	3083	1.2
10:57:34.011026	1200	6.824383	0.0	652874	3323	1.2
10:57:36.838455	1200	8.022927	0.0	520315	2605	1.2
10:57:39.889644	1200	8.979064	0.0	561791	2805	1.2
10:57:43.677279	1200	9.16184	0.0	709534	3580	1.2
10:57:46.853086	1200	9.993925	0.0	584846	2979	1.2
10:57:49.910403	1200	10.955114	0.0	560821	2841	1.2
10:57:53.223681	1200	11.639597	0.0	607410	3086	1.2
10:57:56.455159	1200	12.409798	0.0	594078	3001	1.2
10:57:59.793003	1200	13.062924	0.0	624282	3115	1.2
10:58:03.440206	1200	13.41973	0.0	687371	3431	1.2
10:58:06.357684	1200	14.505187	0.0	526950	2690	1.2
10:58:09.532347	1200	15.31297	0.0	587876	2961	1.2
10:58:12.869455	1200	15.979278	0.0	617242	3117	1.2
10:58:16.037500	1200	16.824515	0.0	581493	2947	1.2
10:58:19.454111	1200	17.392556	0.0	639204	3203	1.2
10:58:22.666485	1200	18.193803	0.0	586839	2978	1.2
10:58:25.917766	1200	18.937763	0.0	601738	3035	1.2
10:58:29.268016	1200	19.591135	0.0	616206	3136	1.2
10:58:32.782660	1200	20.084219	0.0	656471	3282	1.2
10:58:35.721859	1200	21.125058	0.0	536667	2721	1.2
10:58:38.195111	1200	22.619197	0.0	587236	2277	1.2
10:58:40.341169	1200	24.468064	0.0	590335	2003	1.2
10:58:42.778461	1200	26.007817	0.0	696376	2323	1.2
10:58:45.610259	1850	27.205305	0.0	758197	2625	1.2000000000000002
10:58:49.055664	1850	27.740089	0.0	972798	3307	1.85
10:58:52.558273	1850	28.245933	0.0	975811	3350	1.85
10:58:55.655837	1850	29.139177	0.0	873429	2982	1.85
10:58:58.756508	1850	30.029858	0.0	954453	2987	1.85
10:59:01.117013	1850	31.671549	0.0	885062	2244	1.85
10:59:03.891095	1850	32.8967	0.0	1035329	2653	1.85
10:59:06.608340	1850	34.180825	0.0	1026056	2601	1.85
10:59:09.113668	1850	35.663633	0.0	943942	2401	1.85
10:59:11.564807	2850	37.16547	0.0	1139291	2377	1.85
10:59:12.905900	2850	39.82499	0.0	1499009	1299	2.85
10:59:14.170670	2850	42.560103	0.0	1427478	1242	2.85
10:59:15.413432	2850	45.317291	0.0	1402287	1220	2.85
10:59:17.287218	4300	47.443371	0.0	2108491	1836	2.8499999999999996
10:59:19.216124	4300	49.514575	0.0	2184571	1902	4.3
10:59:21.090342	4300	51.640111	0.0	2121928	1850	4.3
10:59:23.050485	4300	53.679614	0.0	2219102	1933	4.3
10:59:24.926466	4300	55.804066	0.0	2124950	1850	4.3
10:59:26.909467	4300	57.82084	0.0	2246506	1962	4.3
10:59:28.642801	4300	60.087247	0.0	1961140	1707	4.3
10:59:30.546177	4300	62.184037	0.0	2155012	1876	4.3
10:59:31.815111	4300	62.595343	0.0	1433658	1248	4.3

