10:55:38.824232	750	4	0.737	450283	721	-3.1691
10:55:42.577308	4300	4.481708	0.251	2123065	3657	-0.3292999999999999
10:55:46.397499	4300	4.664827	0.0	2177073	3743	4.3
10:55:50.196406	4300	4.863351	0.0	2160877	3725	4.3
10:55:54.119364	4300	4.941253	0.0	2233056	3848	4.3
10:55:57.536256	4300	5.5233	0.0	1941625	3343	4.3
10:56:01.340250	4300	5.719399	0.0	2157535	3727	4.3
10:56:05.365766	4300	5.693545	0.0	2290172	3947	4.3
10:56:09.826110	4300	5.266473	0.0	2055469	4353	4.3
10:56:15.581039	4300	4.488251	0.977	2169201	5632	0.09890000000000043
10:56:19.197634	2850	4.869107	0.0	1354548	3471	1.4000000000000001
10:56:23.223679	2850	4.839091	0.0	1519951	3914	2.85
10:56:27.032963	2850	5.029893	0.0	1422919	3698	2.85
10:56:33.632742	2850	4.465736	1.98	1578343	6428	-5.664
10:56:37.350645	1850	4.744289	0.0	821631	3478	0.8500000000000001
10:56:41.483194	1850	4.611183	0.0	923170	3940	1.85
10:56:45.798719	1850	4.445551	0.147	966699	4119	1.2179000000000002
10:56:49.762246	1850	4.480685	0.0	885714	3765	1.85
10:56:54.164237	1850	4.340352	0.25	987708	4195	0.7750000000000001
10:56:58.282764	1850	4.343615	0.129	923755	3914	1.2953000000000001
10:57:02.287503	1850	4.473432	0.135	891604	3807	1.2695
10:57:06.556935	1850	4.358686	0.152	955231	4070	1.1964000000000001
10:57:10.895357	1850	4.261317	0.237	968026	4131	0.8309000000000002
10:57:14.784376	1850	4.37418	0.0	874175	3698	1.85
10:57:19.308058	1850	4.250651	0.365	897976	4281	0.2805000000000002
10:57:22.553062	1200	4.999348	0.0	590335	2955	0.5499999999999999
10:57:26.287311	1200	5.26328	0.0	696376	3494	1.2
10:57:28.968508	1200	6.598585	0.0	487160	2431	1.2
10:57:32.327783	1200	7.226596	0.0	622896	3122	1.2
10:57:35.814019	1200	7.743356	0.0	641447	3255	1.2
10:57:38.915457	1200	8.635423	0.0	570392	2865	1.2
10:57:42.246416	1200	9.304424	0.0	620283	3104	1.2
10:57:45.412313	1200	10.141754	0.0	584349	2931	1.2
10:57:49.012354	1200	10.541467	0.0	670129	3369	1.2
10:57:52.732211	1200	10.822338	0.0	690253	3480	1.2
10:57:55.990772	1200	11.561301	0.0	598727	3020	1.2
10:57:58.627350	1200	12.927759	0.0	487812	2403	1.2
10:58:01.748260	1200	13.809307	0.0	575591	2885	1.2
10:58:05.023626	1200	14.528138	0.0	605884	3038	1.2
10:58:08.202162	1200	15.348333	0.0	587506	2947	1.2
10:58:11.278240	1200	16.277726	0.0	566904	2837	1.2
10:58:14.772114	1200	16.782269	0.0	641452	3264	1.2
10:58:17.993379	1200	17.560413	0.0	599477	2987	1.2
10:58:21.396175	1200	18.153528	0.0	634861	3175	1.2
10:58:24.838435	1200	18.714121	0.0	630203	3204	1.2
10:58:28.306055	1200	19.248807	0.0	638661	3228	1.2
10:58:31.212064	1200	20.341155	0.0	538612	2671	1.2
10:58:34.220046	1200	21.333511	0.0	550906	2768	1.2
10:58:36.381387	1200	20.843783	0.0	391450	1934	1.2

