17:55:51.238018 0.000745 0.000745 0.003725 16492674.416640 0.016000
17:55:51.238804 0.000636 0.000731 0.003076 38649874.429696 0.016000
17:55:51.240272 0.001340 0.000807 0.003174 36682994.698932 0.016000
17:55:51.242276 0.001874 0.000941 0.003782 52457615.829008 0.016000
17:55:51.246191 0.003773 0.001295 0.006258 52109555.818768 0.016000
17:55:51.250347 0.004044 0.001638 0.008110 97233076.386275 0.016000
17:55:51.462412 0.089844 0.012664 0.105724 547081.678643 0.016000
17:55:51.481888 0.019346 0.013499 0.089976 3175850.507869 0.016000
17:55:51.490395 0.008372 0.012858 0.075343 8806425.895258 0.016000
17:55:51.506703 0.016163 0.013272 0.063439 5321826.363937 0.016000
17:55:51.525009 0.018159 0.013882 0.056396 5413468.921631 0.016000
17:55:51.545984 0.020832 0.014751 0.053586 5308740.019777 0.016000
17:55:51.568889 0.022762 0.015753 0.052889 5398456.866693 0.016000
17:55:51.595367 0.026338 0.017076 0.055514 5132079.434701 0.016000
17:55:51.623458 0.027952 0.018435 0.058140 5275292.482293 0.016000
17:55:51.655043 0.031426 0.020059 0.062829 5083187.149503 0.016000
17:55:51.688261 0.033059 0.021684 0.066761 5203805.780570 0.016000
17:55:51.724940 0.036531 0.023540 0.072194 5045581.661119 0.016000
17:55:51.763359 0.038275 0.025382 0.076608 5136720.636564 0.016000
17:55:51.805106 0.041609 0.027410 0.082057 5020446.412661 0.016000
17:55:51.848620 0.043368 0.029405 0.086348 5100154.129138 0.016000
17:55:51.976209 0.032801 0.029829 0.075933 7117850.683530 0.016000
17:55:52.028980 0.052597 0.032675 0.090020 4672505.761532 0.016000
17:55:52.066535 0.037412 0.033267 0.081013 6897479.295373 0.016000
17:55:52.094284 0.027603 0.032559 0.074033 9793665.061360 0.016000
17:55:52.152247 0.057822 0.035717 0.092085 4887829.087122 0.016000
17:55:52.212751 0.060364 0.038798 0.105720 4885560.286936 0.016000
17:55:52.275905 0.063010 0.041825 0.116228 4875418.353810 0.016000
17:55:52.341684 0.065637 0.044801 0.124416 4867507.914435 0.016000
17:55:52.412784 0.070957 0.048071 0.133938 4675736.787138 0.016000
17:55:52.480586 0.067657 0.050519 0.134506 5085416.604255 0.016000
17:55:52.558712 0.077973 0.053951 0.144395 4570189.910831 0.016000
17:55:52.629763 0.070903 0.056070 0.140855 5199211.223549 0.016000
17:55:52.709018 0.079106 0.058949 0.145575 4815406.603813 0.016000
17:55:52.789311 0.080083 0.061591 0.147694 4910112.302955 0.016000
17:55:52.872852 0.083389 0.064316 0.150691 4862797.095188 0.016000
17:55:52.958992 0.085978 0.067024 0.153467 4859287.824701 0.016000
17:55:53.049061 0.089920 0.069886 0.157615 4782915.811980 0.016000
17:55:53.138915 0.089712 0.072364 0.157987 4930984.380930 0.016000
17:55:53.232726 0.093667 0.075027 0.160547 4853959.801827 0.016000
17:55:53.329117 0.096251 0.077680 0.163045 4851315.281358 0.016000
17:55:53.428038 0.098782 0.080318 0.165443 4851407.104928 0.016000
17:55:53.529625 0.101449 0.082959 0.167935 4844995.398629 0.016000
17:55:53.633577 0.103814 0.085566 0.170153 4852981.226821 0.016000
17:55:53.741736 0.108019 0.088373 0.174266 4777831.646708 0.016000
17:55:53.849342 0.107450 0.090757 0.174255 4917486.819272 0.016000
17:55:53.965731 0.116240 0.093943 0.182048 4651341.067895 0.016000
17:55:54.080100 0.114225 0.096478 0.182840 4840975.549349 0.016000
17:55:54.193471 0.113225 0.098571 0.180090 4992255.100846 0.016000
17:55:54.311526 0.117915 0.100989 0.181472 4897904.557574 0.016000
17:55:54.532711 0.077919 0.098105 0.181537 7569706.386762 0.016000
17:55:54.596648 0.063783 0.093815 0.190712 9440017.830289 0.016000
17:55:54.724453 0.127655 0.098045 0.204557 4812971.360268 0.016000
17:55:54.853131 0.128530 0.101856 0.212225 4875810.128015 0.016000
17:55:54.991932 0.138642 0.106454 0.226017 4608817.422153 0.016000
17:55:55.120060 0.127982 0.109145 0.220346 5088710.050477 0.016000
17:55:55.260216 0.140016 0.113004 0.227275 4739112.857473 0.016000
17:55:55.416810 0.156452 0.118435 0.247587 4319793.015558 0.016000
17:55:55.539608 0.122644 0.118961 0.220034 5610778.301404 0.016000
17:55:55.684621 0.144866 0.122199 0.223909 4834923.652699 0.016000
17:55:55.832169 0.147412 0.125351 0.226846 4834781.798211 0.016000
17:55:55.982292 0.149975 0.128429 0.229174 4834083.701329 0.016000
17:55:56.134872 0.152427 0.131429 0.230986 4836939.667806 0.016000
17:55:56.293318 0.158273 0.134784 0.236297 4735911.733553 0.016000
17:55:56.447911 0.154446 0.137242 0.233038 4932826.899020 0.016000
17:55:56.730142 0.048892 0.126198 0.286395 7791209.911405 0.016000
17:55:56.853486 0.123207 0.125824 0.248963 3191504.585547 0.016000
17:55:56.955273 0.101646 0.122802 0.239334 3989367.631595 0.016000
17:55:57.021771 0.066353 0.115746 0.259594 6296497.212655 0.016000
17:55:57.146299 0.124385 0.116826 0.233351 3457648.352472 0.016000
17:55:57.197529 0.051085 0.108608 0.261743 8659450.738204 0.016000
17:55:57.324682 0.127010 0.110908 0.244161 3579690.341652 0.016000
17:55:57.379968 0.055139 0.103937 0.259646 8468478.777948 0.016000
17:55:57.509640 0.129533 0.107137 0.249514 3699688.928472 0.016000
17:55:57.568460 0.058676 0.101079 0.256323 8376848.508076 0.016000
17:55:57.700649 0.132047 0.104950 0.252351 3815370.563302 0.016000
17:55:57.763757 0.062967 0.099702 0.252236 8196285.226537 0.016000
17:55:57.899613 0.135712 0.104203 0.254614 3893417.152543 0.016000
17:55:57.965054 0.065303 0.099341 0.251049 8279455.028434 0.016000
17:55:58.102317 0.137120 0.104063 0.255624 4032671.862958 0.016000
17:55:58.283838 0.104084 0.104066 0.217757 5430689.819021 0.016000
17:55:58.366827 0.082799 0.101408 0.207943 6975160.257726 0.016000
17:55:58.507487 0.140518 0.106296 0.225308 4197492.199370 0.016000
17:55:58.585115 0.077488 0.102695 0.220763 7770395.713484 0.016000
17:55:58.728428 0.143171 0.107755 0.236781 4291376.844040 0.016000
17:55:58.809428 0.080850 0.104392 0.228066 7751253.977783 0.016000
17:55:58.957047 0.147464 0.109776 0.245604 4333097.162214 0.016000
17:55:59.041421 0.084222 0.106581 0.234006 7732699.227624 0.016000
17:55:59.191864 0.150291 0.112045 0.251323 4415115.675351 0.016000
17:55:59.277704 0.085700 0.108752 0.239556 7886111.122932 0.016000
17:55:59.428515 0.150671 0.113992 0.254014 4567089.725476 0.016000
17:55:59.523271 0.094603 0.111568 0.235973 7403735.012283 0.016000
17:55:59.679239 0.155821 0.117100 0.254657 4573861.105568 0.016000
17:55:59.773299 0.093880 0.114197 0.240585 7722544.501787 0.016000
17:55:59.928260 0.154804 0.119273 0.254670 4762667.898444 0.016000
17:56:00.028157 0.099741 0.116832 0.237912 7515145.575584 0.016000
17:56:00.186701 0.158395 0.122027 0.254401 4809847.218023 0.016000
17:56:00.370055 0.183208 0.129675 0.290136 4225492.596302 0.016000
17:56:00.557094 0.186884 0.136826 0.314381 4208125.395743 0.016000
17:56:00.746117 0.188875 0.143332 0.328547 4228829.487136 0.016000
17:56:00.935560 0.189297 0.149078 0.333954 4284316.010363 0.016000
17:56:01.129480 0.193769 0.154664 0.338013 4248853.495500 0.016000
17:56:01.327117 0.197484 0.160017 0.340348 4231147.488055 0.016000
17:56:01.523856 0.196578 0.164587 0.336397 4313157.569227 0.016000
17:56:01.725118 0.201110 0.169152 0.334533 4277064.725079 0.016000
17:56:02.060866 0.236345 0.177551 0.368780 3691416.384488 0.016000
17:56:02.177416 0.116369 0.169903 0.374507 7602848.966975 0.016000
17:56:02.385647 0.208066 0.174674 0.366289 4311247.669620 0.016000
17:56:02.598315 0.212506 0.179403 0.360946 4278998.151996 0.016000
17:56:02.811259 0.212759 0.183572 0.353086 4331666.134080 0.016000
17:56:03.027670 0.216249 0.187657 0.347469 4318577.413306 0.016000
17:56:03.246888 0.219038 0.191580 0.342820 4319688.630935 0.016000
17:56:03.468592 0.221560 0.195327 0.338738 4325979.391854 0.016000
17:56:03.693454 0.224677 0.198996 0.335903 4320658.808345 0.016000
17:56:03.919692 0.226084 0.202382 0.332151 4348118.515563 0.016000
17:56:04.148260 0.228425 0.205637 0.329007 4357350.933438 0.016000
17:56:04.333288 0.184876 0.203042 0.316331 5450227.125817 0.016000
17:56:04.529094 0.195658 0.202119 0.294470 5212688.283074 0.016000
17:56:04.724792 0.195547 0.201298 0.277132 5278482.675068 0.016000
17:56:04.956283 0.231329 0.205051 0.291959 4515128.503088 0.016000
17:56:05.151163 0.194731 0.203761 0.279263 5426809.371985 0.016000
17:56:05.314043 0.162733 0.198633 0.296287 6569383.515137 0.016000
17:56:05.494821 0.180634 0.196383 0.287623 5986380.580301 0.016000
17:56:05.982285 0.196761 0.196430 0.265238 5558177.664570 0.016000
17:56:06.209086 0.226631 0.200205 0.282012 4879828.269134 0.016000
17:56:06.403181 0.193941 0.199422 0.267041 5765715.882205 0.016000
17:56:06.806562 0.136035 0.191499 0.305601 4155167.003274 0.016000
17:56:06.945443 0.138731 0.184903 0.323247 4162991.604702 0.016000
17:56:07.086129 0.140546 0.179358 0.327473 4196666.218534 0.016000
17:56:07.228582 0.142307 0.174727 0.322864 4231076.600195 0.016000
17:56:07.335141 0.106420 0.166189 0.345598 5773348.696786 0.016000
17:56:07.441814 0.106528 0.158731 0.352949 5882858.452479 0.016000
17:56:07.587620 0.145635 0.157094 0.315854 4387520.062969 0.016000
17:56:07.679680 0.091918 0.148947 0.333193 7085272.299721 0.016000
17:56:07.808579 0.128753 0.146423 0.304801 5153683.983282 0.016000
17:56:07.884338 0.075617 0.137572 0.327161 8937663.884778 0.016000
17:56:08.035301 0.150823 0.139228 0.294671 4562490.847905 0.016000
17:56:08.115559 0.080110 0.131839 0.307539 8743170.153104 0.016000
17:56:08.268970 0.153263 0.134517 0.287716 4650207.034222 0.016000
17:56:08.352591 0.083485 0.128138 0.294069 8684085.781918 0.016000
17:56:08.521875 0.169152 0.133264 0.298727 4358682.762775 0.016000
17:56:08.663818 0.141800 0.134331 0.266964 5286095.819219 0.016000
17:56:08.765271 0.101310 0.130204 0.262699 7520046.286342 0.016000
17:56:09.073519 0.145476 0.132113 0.246757 5321451.323934 0.016000
17:56:09.237165 0.163488 0.136035 0.253393 4810330.300499 0.016000
17:56:09.410321 0.173007 0.140656 0.265647 4616691.505587 0.016000
17:56:09.593819 0.183355 0.145994 0.282436 4423155.019696 0.016000
17:56:09.696480 0.102521 0.140560 0.286364 8030515.311448 0.016000
17:56:09.782404 0.085783 0.133712 0.297842 9740670.687982 0.016000
17:56:09.968714 0.186168 0.140269 0.315822 4554333.275816 0.016000
17:56:10.158554 0.189692 0.146447 0.327535 4534508.083748 0.016000
17:56:10.347765 0.189067 0.151775 0.330210 4614493.919567 0.016000
17:56:10.541407 0.193494 0.156990 0.332535 4572424.558442 0.016000
17:56:10.739338 0.197789 0.162090 0.334548 4535258.328899 0.016000
17:56:10.936229 0.196759 0.166423 0.330437 4621450.947206 0.016000
17:56:11.137598 0.201223 0.170773 0.328583 4579990.268143 0.016000
17:56:11.341339 0.203562 0.174872 0.326018 4587732.005411 0.016000
17:56:11.547691 0.206218 0.178790 0.323496 4588231.777085 0.016000
17:56:11.756662 0.208814 0.182543 0.321096 4590039.138983 0.016000
17:56:11.968114 0.211301 0.186138 0.318811 4594164.694834 0.016000
17:56:12.182259 0.214006 0.189621 0.316994 4593517.204832 0.016000
17:56:12.398866 0.216465 0.192977 0.315350 4598101.387470 0.016000
17:56:12.626834 0.227824 0.197333 0.323960 4422778.400258 0.016000
17:56:12.967685 0.211215 0.199068 0.307921 4828747.518700 0.016000
17:56:13.192879 0.225024 0.202312 0.309908 4587031.024347 0.016000
17:56:13.409770 0.216747 0.204117 0.299248 4818894.515599 0.016000
17:56:13.650767 0.240856 0.208709 0.316797 4387547.959138 0.016000
17:56:13.883149 0.232236 0.211650 0.316243 4603319.128669 0.016000
17:56:14.116767 0.233472 0.214378 0.314644 4631581.517910 0.016000
17:56:14.283057 0.166144 0.208349 0.331782 6582429.260622 0.016000
17:56:14.513515 0.230317 0.211095 0.325638 4801727.375914 0.016000
17:56:14.710384 0.196725 0.209298 0.309576 5684113.664271 0.016000
17:56:14.955570 0.245028 0.213765 0.324702 4613741.746099 0.016000
17:56:15.199763 0.244021 0.217547 0.331006 4683139.099770 0.016000
17:56:15.368616 0.168705 0.211441 0.345377 6846687.765970 0.016000
17:56:15.619112 0.250352 0.216305 0.355668 4662876.426539 0.016000
17:56:15.822281 0.203022 0.214645 0.332450 5810444.097480 0.016000
17:56:16.126368 0.303939 0.225807 0.403454 3921630.744411 0.016000
17:56:16.334849 0.208340 0.223623 0.374326 5780092.190794 0.016000
17:56:16.595015 0.260023 0.228173 0.377600 4678480.625746 0.016000
17:56:16.916147 0.234590 0.228975 0.347462 5238073.743371 0.016000
17:56:17.182970 0.266685 0.233689 0.360264 4653759.896896 0.016000
17:56:17.459177 0.276069 0.238987 0.376297 4540083.590019 0.016000
17:56:17.769324 0.309991 0.247862 0.421850 4082904.035201 0.016000
17:56:18.053527 0.284024 0.252382 0.419035 4499450.747982 0.016000
17:56:18.318539 0.264854 0.253941 0.391402 4871514.957502 0.016000
17:56:18.596532 0.277855 0.256931 0.383940 4687798.951536 0.016000
17:56:18.885422 0.288735 0.260906 0.387968 4553713.255250 0.016000
17:56:19.184149 0.298586 0.265616 0.398592 4444627.080862 0.016000
17:56:19.469838 0.285530 0.268105 0.387751 4690900.061847 0.016000
17:56:19.761878 0.291888 0.271078 0.384595 4630817.322300 0.016000
17:56:20.051595 0.289575 0.273390 0.377025 4710239.244530 0.016000
17:56:20.349142 0.297395 0.276391 0.378122 4627704.036769 0.016000
17:56:20.721766 0.214226 0.268620 0.407083 6481678.001908 0.016000
17:56:21.232343 0.103154 0.247937 0.517250 6790006.981165 0.016000
17:56:21.455096 0.222612 0.244771 0.472082 3201553.855530 0.016000
17:56:21.543715 0.088472 0.225234 0.552016 8194580.791605 0.016000
17:56:21.778549 0.234682 0.226415 0.480949 3141611.793142 0.016000
17:56:21.976130 0.197425 0.222791 0.442682 3796724.948279 0.016000
17:56:22.162789 0.186511 0.218256 0.419455 4084776.971310 0.016000
17:56:22.405396 0.242246 0.221255 0.396143 3195694.787355 0.016000
17:56:22.654449 0.248878 0.224708 0.383497 3159909.647109 0.016000
17:56:22.911217 0.256620 0.228697 0.379701 3112462.851844 0.016000
17:56:23.168683 0.257318 0.232274 0.374149 3151773.048850 0.016000
17:56:23.440451 0.271589 0.237189 0.382909 3031403.615211 0.016000
17:56:23.699136 0.258533 0.239857 0.370491 3232020.658648 0.016000
17:56:23.968638 0.269352 0.243544 0.371015 3147821.914600 0.016000
17:56:24.253545 0.284755 0.248695 0.385510 3020702.096824 0.016000
17:56:24.522219 0.268479 0.251168 0.373563 3249593.623376 0.016000
17:56:24.734802 0.212413 0.246324 0.376875 4165167.375193 0.016000
17:56:25.002477 0.267521 0.248973 0.368084 3353095.721991 0.016000
17:56:25.290986 0.288348 0.253895 0.382603 3153523.269312 0.016000
17:56:25.851577 0.340226 0.264687 0.447548 2708788.205837 0.016000
17:56:26.138105 0.286352 0.267395 0.426206 3261326.919450 0.016000
17:56:26.419310 0.281052 0.269102 0.401868 3366552.892861 0.016000
17:56:26.725431 0.305965 0.273710 0.410147 3132594.142535 0.016000
17:56:27.007685 0.282098 0.274758 0.385474 3441189.344025 0.016000
17:56:27.213074 0.205244 0.266069 0.418621 4789620.324166 0.016000
17:56:27.528681 0.315465 0.272244 0.436053 3155111.760518 0.016000
17:56:27.847578 0.318758 0.278058 0.447430 3161068.790924 0.016000
17:56:28.171418 0.323684 0.283761 0.456416 3150925.198869 0.016000
17:56:28.497494 0.325897 0.289028 0.460655 3167234.029405 0.016000
17:56:28.828295 0.330644 0.294230 0.464566 3158927.245780 0.016000
17:56:29.400355 0.322136 0.297718 0.453376 3280503.405632 0.016000
17:56:29.729993 0.329481 0.301689 0.450195 3244667.730163 0.016000
17:56:30.047060 0.316904 0.303591 0.430185 3412214.997375 0.016000
17:56:30.382421 0.335210 0.307543 0.434108 3262529.461560 0.016000
17:56:30.730417 0.347847 0.312581 0.447809 3179326.802054 0.016000
17:56:31.080978 0.350409 0.317309 0.456559 3191150.630685 0.016000
17:56:31.395641 0.314512 0.316960 0.424194 3594444.562622 0.016000
17:56:31.760662 0.364868 0.322948 0.451282 3132048.392533 0.016000
17:56:32.117175 0.356361 0.327125 0.456788 3241296.077298 0.016000
17:56:32.453960 0.336611 0.328311 0.435044 3467979.024272 0.016000
17:56:32.695377 0.241273 0.317431 0.484519 4889268.008395 0.016000
17:56:33.347607 0.400010 0.327753 0.535648 2979766.470320 0.016000
17:56:33.726465 0.378389 0.334083 0.540640 3182501.652467 0.016000
17:56:34.015104 0.288484 0.328383 0.528900 4216915.317121 0.016000
17:56:34.368152 0.352912 0.331449 0.506366 3481885.985404 0.016000
17:56:34.751921 0.383625 0.337971 0.521335 3235159.077930 0.016000
17:56:35.062306 0.310237 0.334504 0.499761 4040060.596839 0.016000
17:56:35.418492 0.356035 0.337196 0.482669 3554886.516448 0.016000
17:56:35.820146 0.401518 0.345236 0.518663 3182800.425279 0.016000
17:56:36.225190 0.404897 0.352694 0.542425 3186588.394222 0.016000
17:56:36.710745 0.293422 0.345285 0.546855 4439094.792734 0.016000
17:56:37.121756 0.410822 0.353477 0.570192 3200452.441898 0.016000
17:56:37.540660 0.418730 0.361633 0.589423 3169354.798928 0.016000
17:56:37.942616 0.401809 0.366655 0.577673 3333404.867100 0.016000
17:56:38.323585 0.380820 0.368426 0.540854 3549393.079288 0.016000
17:56:38.733095 0.409361 0.373543 0.543799 3331943.166814 0.016000
17:56:39.162174 0.428928 0.380466 0.563543 3208595.209384 0.016000
17:56:39.507159 0.344831 0.376012 0.548954 4026737.853967 0.016000
17:56:39.898537 0.391072 0.377894 0.522662 3582030.611287 0.016000
17:56:41.038153 0.247749 0.361626 0.600347 2827121.074341 0.016000
17:56:41.283288 0.244711 0.347012 0.642967 2912429.486577 0.016000
17:56:41.507991 0.224327 0.331676 0.676328 3231855.675254 0.016000
17:56:41.736017 0.227875 0.318701 0.680991 3235458.117448 0.016000
17:56:41.896808 0.160634 0.298943 0.728727 4666308.561468 0.016000
17:56:42.044241 0.147283 0.279985 0.753983 5172732.769282 0.016000
17:56:42.353407 0.308617 0.283564 0.667694 2508428.607234 0.016000
17:56:42.668857 0.315283 0.287529 0.607345 2494369.962408 0.016000
17:56:43.088377 0.419348 0.304006 0.675687 1904672.136961 0.016000
17:56:43.502428 0.413874 0.317740 0.706368 1959553.329246 0.016000
17:56:43.933460 0.430893 0.331884 0.736509 1910673.069221 0.016000
17:56:44.784901 0.420543 0.342966 0.735094 1986915.998843 0.016000
17:56:45.232907 0.447846 0.356076 0.755052 1893221.487129 0.016000
17:56:45.674967 0.441923 0.366807 0.751885 1946402.854530 0.016000
17:56:46.126419 0.451301 0.377369 0.750671 1933184.884826 0.016000
17:56:46.584757 0.458086 0.387459 0.748153 1931375.273112 0.016000
17:56:47.006260 0.421328 0.391692 0.696082 2129040.470364 0.016000
17:56:47.353615 0.347123 0.386121 0.658983 2619567.824509 0.016000
17:56:47.828668 0.474823 0.397209 0.690557 1940933.787518 0.016000
17:56:48.297412 0.468589 0.406131 0.697522 1992979.648943 0.016000
17:56:48.745057 0.447462 0.411298 0.671172 2114540.074789 0.016000
17:56:49.182183 0.436973 0.414507 0.635088 2193416.508015 0.016000
17:56:49.617501 0.435172 0.417090 0.603191 2230731.341458 0.016000
17:56:50.098765 0.481117 0.425094 0.628696 2043245.155190 0.016000
17:56:51.210288 0.406610 0.422783 0.593968 2447868.892778 0.016000
17:56:51.687227 0.476763 0.429531 0.611900 2113452.551504 0.016000
17:56:52.188559 0.501173 0.438486 0.646905 2035033.731868 0.016000
17:56:52.694320 0.505598 0.446875 0.670301 2041526.787471 0.016000
17:56:53.228613 0.534138 0.457783 0.712616 1955449.846126 0.016000
17:56:54.144897 0.497500 0.462747 0.693590 2124156.010265 0.016000
17:56:54.625963 0.480904 0.465017 0.656305 2223013.954005 0.016000
17:56:55.182243 0.556129 0.476406 0.710984 1944412.252120 0.016000
17:56:55.742774 0.560374 0.486902 0.746804 1951610.813459 0.016000
17:56:56.274363 0.531435 0.492469 0.731928 2081007.034401 0.016000
17:56:56.847406 0.572899 0.502522 0.762547 1951841.072578 0.016000
17:56:58.016973 0.537461 0.506890 0.736847 2103400.825003 0.016000
17:56:58.550241 0.533107 0.510167 0.708852 2143630.491400 0.016000
17:56:59.143834 0.593443 0.520576 0.752866 1946390.298222 0.016000
17:56:59.664040 0.520055 0.520511 0.695250 2244685.418185 0.016000
17:57:00.549466 0.189860 0.479180 0.940885 3106628.109573 0.016000
17:57:00.916981 0.367372 0.465204 0.923291 1638970.691913 0.016000
17:57:01.157115 0.239984 0.437051 1.005836 2560170.299414 0.016000
17:57:01.526745 0.369477 0.428605 0.922768 1696149.820902 0.016000
17:57:01.768054 0.241158 0.405174 0.963243 2649615.510488 0.016000
17:57:02.424244 0.284448 0.390083 0.929361 2289572.117650 0.016000
17:57:02.667226 0.242820 0.371675 0.923396 2732690.606521 0.016000
17:57:02.998991 0.331615 0.366668 0.820519 2038026.201393 0.016000
17:57:03.317815 0.318648 0.360665 0.749073 2159523.311821 0.016000
17:57:03.592631 0.274651 0.349913 0.727233 2550203.243543 0.016000
17:57:03.946512 0.353732 0.350391 0.637199 2014814.211363 0.016000
17:57:04.194646 0.247982 0.337590 0.655105 2923569.547450 0.016000
17:57:04.479753 0.284960 0.331011 0.621777 2587310.213628 0.016000
17:57:04.760096 0.280194 0.324659 0.593550 2675174.636108 0.016000
17:57:04.961819 0.199683 0.309037 0.635681 3815328.230506 0.016000
17:57:05.800526 0.407814 0.321384 0.665144 1898277.035302 0.016000
17:57:06.277767 0.477083 0.340846 0.754366 1648417.682349 0.016000
17:57:06.644255 0.366338 0.344033 0.679664 2180281.510960 0.016000
17:57:07.046285 0.401890 0.351265 0.660845 2017986.019876 0.016000
17:57:07.477612 0.431172 0.361253 0.673346 1909436.946311 0.016000
17:57:07.979112 0.501355 0.378766 0.752937 1666650.805643 0.016000
17:57:08.531607 0.552348 0.400464 0.854674 1535032.544395 0.016000
17:57:08.933659 0.401902 0.400644 0.742739 2140223.449524 0.016000
17:57:09.309879 0.376083 0.397574 0.678706 2319827.499302 0.016000
17:57:10.134035 0.452424 0.404430 0.670130 1955545.911446 0.016000
17:57:10.525480 0.391278 0.402786 0.615213 2292550.261645 0.016000
17:57:10.812531 0.286900 0.388300 0.663506 3169438.348445 0.016000
17:57:11.298506 0.485824 0.400491 0.704419 1896982.847474 0.016000
17:57:11.793662 0.495005 0.412305 0.734766 1886622.869043 0.016000
17:57:12.230673 0.436862 0.415375 0.681777 2165846.463143 0.016000
17:57:12.773115 0.542291 0.431239 0.757958 1767435.068674 0.016000
17:57:13.366521 0.593263 0.451492 0.858555 1636292.429773 0.016000
17:57:14.212469 0.481013 0.455182 0.790000 2043686.715668 0.016000
17:57:14.753155 0.540521 0.465850 0.802302 1841422.873928 0.016000
17:57:15.245440 0.492136 0.469135 0.747761 2047434.036020 0.016000
17:57:15.724102 0.478512 0.470307 0.688653 2131407.145808 0.016000
17:57:16.206633 0.482376 0.471816 0.647644 2139807.513112 0.016000
17:57:16.679423 0.472640 0.471919 0.604614 2209884.726321 0.016000
17:57:17.175764 0.496194 0.474953 0.598750 2129748.129180 0.016000
17:57:18.181463 0.482903 0.475947 0.576744 2213811.038294 0.016000
17:57:18.691837 0.510178 0.480226 0.590054 2119543.211190 0.016000
17:57:19.211548 0.519567 0.485144 0.606856 2104891.136437 0.016000
17:57:19.775960 0.564266 0.495034 0.665440 1959926.817890 0.016000
17:57:20.328691 0.552582 0.502227 0.687580 2023605.452840 0.016000
17:57:20.865068 0.536227 0.506477 0.679492 2108241.520175 0.016000
17:57:21.714168 0.586747 0.516511 0.726541 1947660.804811 0.016000
17:57:22.265901 0.551569 0.520893 0.713474 2094156.907736 0.016000
17:57:22.818941 0.552879 0.524892 0.701313 2111420.038112 0.016000
17:57:23.340208 0.521110 0.524419 0.660516 2263721.419829 0.016000
17:57:23.975849 0.635487 0.538302 0.751444 1875625.859635 0.016000
17:57:25.320022 0.388728 0.519606 0.829036 1548928.249022 0.016000
17:57:25.556712 0.236526 0.484221 0.999373 2597600.127411 0.016000
17:57:25.828741 0.271879 0.457678 1.056384 2305025.755542 0.016000
17:57:26.095910 0.267021 0.433846 1.073532 2392980.858100 0.016000
17:57:26.457519 0.361407 0.424791 0.976995 1802023.549977 0.016000
17:57:26.704921 0.247227 0.402595 0.994312 2683979.196397 0.016000
17:57:27.064684 0.359606 0.397222 0.883999 1879390.077259 0.016000
17:57:27.320972 0.256136 0.379586 0.885755 2686573.381766 0.016000
17:57:27.659062 0.337939 0.374380 0.795654 2072610.590421 0.016000
17:57:27.873403 0.214175 0.354355 0.830515 3327671.516134 0.016000
17:57:28.149000 0.275451 0.344492 0.780515 2632018.562368 0.016000
17:57:28.781422 0.259142 0.333823 0.746190 2845079.314062 0.016000
17:57:29.083138 0.301316 0.329760 0.671542 2487647.330710 0.016000
17:57:29.424109 0.337222 0.330692 0.594491 2259212.964424 0.016000
17:57:29.936598 0.512235 0.353385 0.732777 1511306.551677 0.016000
17:57:30.384494 0.447669 0.365171 0.743998 1756726.395262 0.016000
17:57:30.940765 0.556124 0.389040 0.864114 1436226.525562 0.016000
17:57:31.480857 0.539944 0.407903 0.915113 1502022.616983 0.016000
17:57:32.024546 0.543529 0.424856 0.940890 1514723.131632 0.016000
17:57:32.530162 0.505459 0.434931 0.902560 1653119.014483 0.016000
17:57:33.079257 0.548947 0.449183 0.913920 1544542.281720 0.016000
17:57:33.476978 0.397570 0.442732 0.842898 2163542.802013 0.016000
17:57:34.353267 0.442196 0.442665 0.743325 1972988.769746 0.016000
17:57:34.844978 0.491540 0.448774 0.723144 1799926.925065 0.016000
17:57:35.440513 0.595369 0.467099 0.819471 1506668.718851 0.016000
17:57:35.976001 0.535325 0.475627 0.808132 1698617.324896 0.016000
17:57:36.437088 0.460915 0.473788 0.737879 1999501.642288 0.016000
17:57:36.962704 0.525468 0.480248 0.729997 1777249.618735 0.016000
17:57:38.084063 0.508505 0.483780 0.699349 1860701.080259 0.016000
17:57:38.607238 0.522959 0.488677 0.689533 1832770.850408 0.016000
17:57:39.263782 0.656394 0.509642 0.828000 1478916.615431 0.016000
17:57:39.872758 0.608817 0.522039 0.859983 1614672.122633 0.016000
17:57:40.431155 0.558218 0.526561 0.816198 1783045.326135 0.016000
17:57:41.037956 0.606630 0.536570 0.833866 1661005.647035 0.016000
17:57:41.490219 0.452100 0.526011 0.833454 2255926.677588 0.016000
17:57:42.081588 0.591209 0.534161 0.829941 1745899.838476 0.016000
17:57:43.018575 0.607099 0.543278 0.838051 1720444.793059 0.016000
17:57:43.564528 0.540704 0.542956 0.766610 1954429.737359 0.016000
17:57:44.134629 0.569926 0.546328 0.741038 1875780.287179 0.016000
17:57:44.713484 0.578700 0.550374 0.728779 1868574.948852 0.016000
17:57:46.014043 0.632653 0.560659 0.776741 1728644.301866 0.016000
17:57:46.604530 0.585394 0.563751 0.750548 1889188.696582 0.016000
17:57:47.279450 0.674744 0.577625 0.828716 1657232.648111 0.016000
17:57:47.896863 0.617244 0.582577 0.810515 1831522.040668 0.016000
17:57:48.908224 0.656619 0.591833 0.836827 1740406.346389 0.016000
17:57:49.526837 0.618450 0.595160 0.805523 1867688.078607 0.016000
17:57:50.213165 0.686172 0.606536 0.855321 1701264.384899 0.016000
17:57:50.799412 0.586099 0.603982 0.811008 2012710.655586 0.016000
17:57:52.305559 0.303110 0.566373 1.022514 1945908.169362 0.016000
17:57:52.641526 0.335798 0.537551 1.110231 1793077.847211 0.016000
17:57:52.912590 0.270914 0.504221 1.200368 2267877.716370 0.016000
17:57:53.324256 0.411519 0.492633 1.107446 1522865.099657 0.016000
17:57:53.627654 0.303250 0.468961 1.119454 2107094.297216 0.016000
17:57:54.296992 0.319961 0.450336 1.087205 2035447.618472 0.016000
17:57:54.591947 0.294791 0.430893 1.064089 2250923.663936 0.016000
17:57:54.973136 0.381032 0.424660 0.949418 1773709.341069 0.016000
17:57:55.331342 0.358057 0.416335 0.876506 1921840.421329 0.016000
17:57:55.776787 0.445290 0.419954 0.794038 1572943.161879 0.016000
17:57:56.102666 0.325727 0.408176 0.782966 2188040.999925 0.016000
17:57:56.441381 0.338564 0.399474 0.750179 2141374.077891 0.016000
17:57:56.753934 0.312397 0.388590 0.738695 2360073.856374 0.016000
17:57:57.417809 0.252977 0.371638 0.769829 2962987.174816 0.016000
17:57:57.675198 0.257218 0.357335 0.770399 2961906.387651 0.016000
17:57:58.296079 0.620746 0.390262 0.963470 1247118.516674 0.016000
17:57:58.905742 0.609506 0.417667 1.066818 1290277.424639 0.016000
17:57:59.433077 0.527183 0.431357 1.027735 1515071.455911 0.016000
17:58:00.007316 0.574046 0.449193 1.039166 1412792.957675 0.016000
17:58:00.505985 0.498511 0.455358 0.947156 1651509.945676 0.016000
17:58:00.924691 0.418549 0.450757 0.856414 1996383.588425 0.016000
17:58:01.553840 0.628988 0.473036 0.955510 1347993.861301 0.016000
17:58:02.044358 0.490361 0.475201 0.854382 1754136.326885 0.016000
17:58:02.857862 0.594536 0.490118 0.893839 1467443.944410 0.016000
17:58:03.419299 0.561252 0.499010 0.872934 1576361.091485 0.016000
17:58:03.991537 0.572083 0.508144 0.861661 1567996.262246 0.016000
17:58:04.592420 0.600731 0.519717 0.877442 1513676.100331 0.016000
17:58:05.213518 0.620948 0.532371 0.901895 1484182.068118 0.016000
17:58:05.652985 0.439311 0.520739 0.890942 2125802.559722 0.016000
17:58:06.207262 0.554123 0.524912 0.835949 1707520.042297 0.016000
17:58:06.808997 0.601573 0.534494 0.844433 1593263.020893 0.016000
17:58:07.636319 0.538042 0.534938 0.770940 1804231.466328 0.016000
17:58:08.202423 0.565910 0.538809 0.746783 1737096.426674 0.016000
17:58:08.684504 0.481914 0.531697 0.744573 2065364.173501 0.016000
17:58:09.369312 0.684628 0.550814 0.863401 1471771.510342 0.016000
17:58:09.975474 0.605927 0.557703 0.847256 1683212.690597 0.016000
17:58:10.521150 0.545474 0.556174 0.785568 1892284.326639 0.016000
17:58:11.460981 0.629504 0.565340 0.810716 1659211.152662 0.016000
17:58:12.020967 0.559818 0.564650 0.754204 1887699.117382 0.016000
17:58:12.662567 0.641306 0.574232 0.793053 1666998.480583 0.016000
17:58:13.210971 0.548248 0.570984 0.761084 1972362.683055 0.016000
17:58:13.910036 0.698920 0.586976 0.857487 1564745.581717 0.016000
17:58:14.546545 0.636360 0.593149 0.845416 1737884.407545 0.016000
17:58:15.169968 0.623270 0.596914 0.816235 1794098.765516 0.016000
17:58:16.238025 0.693735 0.609017 0.870329 1629578.729749 0.016000
17:58:16.892363 0.654172 0.614661 0.855800 1746916.863475 0.016000
17:58:17.523085 0.629343 0.616496 0.812032 1835361.543280 0.016000
17:58:18.191909 0.668676 0.623019 0.821850 1745778.486802 0.016000
17:58:19.345043 0.331000 0.586517 1.027659 1781945.136728 0.016000
17:58:19.710837 0.365566 0.558898 1.110705 1647068.840058 0.016000
17:58:21.428721 0.286450 0.524842 1.211145 1072437.918231 0.016000
17:58:21.651013 0.222125 0.487002 1.304446 1438324.921486 0.016000
17:58:22.018807 0.367639 0.472082 1.204528 902450.342677 0.016000
17:58:22.277442 0.258487 0.445382 1.208312 1331068.945137 0.016000
17:58:22.471008 0.193419 0.413887 1.238047 1842383.827350 0.016000
17:58:22.819334 0.348173 0.405673 1.089507 1058784.290102 0.016000
17:58:23.133648 0.314155 0.394233 0.998626 1212547.553251 0.016000
17:58:23.346890 0.213093 0.371590 1.006026 1845280.519575 0.016000
17:58:23.644285 0.297250 0.362298 0.912465 1364184.880627 0.016000
17:58:23.929081 0.284646 0.352591 0.842869 1467759.777910 0.016000
17:58:24.190526 0.261295 0.341179 0.800184 1645955.215443 0.016000
17:58:24.544076 0.353399 0.342707 0.699180 1251752.132970 0.016000
17:58:24.807835 0.263606 0.332819 0.679275 1724756.977997 0.016000
17:58:25.036648 0.228652 0.319798 0.683807 2042160.134735 0.016000
17:58:25.372751 0.335945 0.321817 0.610970 1426519.684844 0.016000
17:58:25.702917 0.330002 0.322840 0.547890 1489445.204948 0.016000
17:58:26.008688 0.305605 0.320685 0.506708 1648558.481100 0.016000
17:58:26.425966 0.417130 0.332741 0.568702 1237254.592376 0.016000
17:58:27.058688 0.275244 0.325554 0.560022 1919693.089250 0.016000
17:58:27.408152 0.349302 0.328522 0.528122 1547863.789112 0.016000
17:58:27.694717 0.286416 0.323259 0.515065 1930618.038751 0.016000
17:58:27.992342 0.297473 0.320036 0.489676 1900164.501518 0.016000
17:58:28.360791 0.368255 0.326063 0.501512 1568304.997526 0.016000
17:58:28.688376 0.327420 0.326233 0.459176 1801429.377358 0.016000
17:58:29.071458 0.382888 0.333315 0.489677 1572554.509889 0.016000
17:58:29.368760 0.297158 0.328795 0.482224 2067586.920427 0.016000
17:58:29.980370 0.403212 0.338097 0.527585 1554240.104561 0.016000
17:58:30.241146 0.260596 0.328410 0.548027 2451978.961669 0.016000
17:58:30.429297 0.187980 0.310856 0.615999 3464539.949211 0.016000
17:58:30.858769 0.429321 0.325664 0.672986 1545584.589912 0.016000
17:58:31.105663 0.246737 0.315798 0.655217 2739110.838215 0.016000
17:58:31.504660 0.398837 0.326178 0.663781 1725336.028292 0.016000
17:58:31.774904 0.240989 0.315529 0.653921 2906423.478938 0.016000
17:58:32.474793 0.338307 0.318377 0.594948 2106678.852581 0.016000
17:58:32.767393 0.292423 0.315132 0.548514 2479257.703818 0.016000
17:58:33.067542 0.299994 0.313240 0.503415 2457649.219736 0.016000
17:58:33.419519 0.351783 0.318058 0.499232 2130767.890336 0.016000
17:58:33.743004 0.323292 0.318712 0.459827 2356556.796885 0.016000
17:58:34.473860 0.268191 0.312397 0.468754 1420360.337026 0.016000
17:58:35.106295 0.259801 0.305823 0.475686 1513528.180339 0.016000
17:58:35.326925 0.220466 0.295153 0.507908 1839304.866347 0.016000
17:58:35.622889 0.295809 0.295235 0.455457 1412370.674578 0.016000
17:58:36.012690 0.389645 0.307036 0.521613 1103773.665824 0.016000
17:58:36.245238 0.232398 0.297706 0.533277 1903492.873924 0.016000
17:58:36.594512 0.349106 0.304131 0.532209 1302344.316447 0.016000
17:58:36.899430 0.303114 0.304004 0.476080 1540490.034999 0.016000
17:58:37.257115 0.357509 0.310692 0.493254 1340474.833997 0.016000
17:58:37.544525 0.287261 0.307763 0.468116 1711057.136995 0.016000
17:58:37.898796 0.354120 0.313558 0.480179 1422704.103404 0.016000
17:58:38.271373 0.372424 0.320916 0.504748 1385774.885205 0.016000
17:58:38.637017 0.365491 0.326488 0.508937 1445682.056553 0.016000
17:58:38.942075 0.304322 0.323717 0.482720 1776644.450050 0.016000
17:58:39.304292 0.362053 0.328509 0.486097 1527290.551470 0.016000
17:58:39.544039 0.239594 0.317395 0.524501 2359191.135096 0.016000
17:58:39.958601 0.414400 0.329521 0.581855 1393667.614977 0.016000
17:58:40.604632 0.311219 0.327233 0.534785 1895205.767122 0.016000
17:58:41.007653 0.402855 0.336686 0.567972 1494611.619745 0.016000
17:58:41.410297 0.402489 0.344911 0.584180 1526500.642474 0.016000
17:58:41.666264 0.255786 0.333770 0.602347 2450048.641883 0.016000
17:58:42.042908 0.376487 0.339110 0.583259 1697205.937242 0.016000
17:58:42.344900 0.301856 0.334453 0.554819 2157531.775546 0.016000
17:58:42.644921 0.299875 0.330131 0.529984 2212761.829344 0.016000
17:58:42.940319 0.295231 0.325768 0.510558 2289189.692681 0.016000
17:58:43.292693 0.352217 0.329075 0.494115 1953704.903803 0.016000
17:58:43.579954 0.287111 0.323829 0.489573 2439529.982590 0.016000
17:58:44.341107 0.268031 0.316854 0.496960 1329518.440182 0.016000
17:58:44.634626 0.293363 0.313918 0.472489 1256600.801949 0.016000
17:58:44.864077 0.229301 0.303341 0.506886 1661257.649130 0.016000
17:58:45.491798 0.254184 0.297196 0.499012 1546973.799192 0.016000
17:58:45.819357 0.327306 0.300960 0.482432 1238913.921929 0.016000
17:58:46.181415 0.361892 0.308576 0.505612 1154466.021318 0.016000
17:58:46.449191 0.267587 0.303453 0.492219 1607253.289615 0.016000
17:58:46.870870 0.421526 0.318212 0.577860 1049443.680361 0.016000
17:58:47.162086 0.291057 0.314818 0.536709 1562085.187547 0.016000
17:58:47.547168 0.384931 0.323582 0.560113 1213058.688089 0.016000
17:58:47.826300 0.278979 0.318006 0.540008 1717806.328504 0.016000
17:58:48.213146 0.386697 0.326593 0.561784 1271073.306813 0.016000
17:58:48.506406 0.293108 0.322407 0.532285 1718846.341571 0.016000
17:58:48.861482 0.354933 0.326473 0.516407 1454065.882570 0.016000
17:58:49.107740 0.246109 0.316427 0.539242 2146951.070990 0.016000
17:58:49.438012 0.329958 0.318119 0.498760 1638608.738712 0.016000
17:58:49.696030 0.257865 0.310587 0.506322 2144376.287916 0.016000
17:58:50.071629 0.375445 0.318694 0.530353 1505541.869014 0.016000
17:58:50.396043 0.316067 0.318366 0.479737 1827258.258166 0.016000
17:58:51.225756 0.370794 0.324919 0.498376 1590705.103060 0.016000
17:58:51.584983 0.358132 0.329071 0.492376 1681257.727475 0.016000
17:58:51.917582 0.332446 0.329493 0.455347 1848119.148008 0.016000
17:58:52.318377 0.400616 0.338383 0.503897 1564311.232277 0.016000
17:58:52.635598 0.317047 0.335716 0.481188 2015397.590528 0.016000
17:58:53.050509 0.414727 0.345593 0.533707 1570343.968584 0.016000
17:58:53.391149 0.340487 0.344954 0.491146 1948832.094962 0.016000
17:58:53.975126 0.251725 0.333301 0.536174 2684835.084461 0.016000
17:58:54.242327 0.267032 0.325017 0.543440 2576950.466568 0.016000
17:58:54.594639 0.352162 0.328410 0.519373 1988902.141370 0.016000
17:58:54.961370 0.366574 0.333181 0.514566 1944229.281784 0.016000
17:58:55.243821 0.282280 0.326818 0.513758 2568343.777508 0.016000
17:58:55.560845 0.316864 0.325574 0.475733 2326802.565732 0.016000
17:58:56.184603 0.305210 0.323028 0.456011 2455908.132735 0.016000
17:58:56.525412 0.340505 0.325213 0.442427 2237428.890872 0.016000
17:58:57.261882 0.290951 0.320930 0.443103 1309251.324931 0.016000
17:58:57.485800 0.223756 0.308783 0.497587 1757342.231563 0.016000
17:58:57.789404 0.303447 0.308116 0.455055 1336325.582826 0.016000
17:58:57.977363 0.187808 0.293078 0.523591 2224569.337443 0.016000
17:58:58.291922 0.314413 0.295745 0.489964 1367882.063782 0.016000
17:58:58.461631 0.169434 0.279956 0.551931 2610856.237279 0.016000
