17:56:20.632877 0.107383 0.107383 0.536915 114431.507208 0.016000
17:56:20.678947 0.045885 0.099696 0.483343 535598.864696 0.016000
17:56:20.706797 0.027706 0.090697 0.450422 1774062.063456 0.016000
17:56:20.717079 0.010139 0.080627 0.430979 9695641.734845 0.016000
17:56:20.775255 0.058029 0.077803 0.363165 3388088.847752 0.016000
17:56:20.955496 0.180076 0.090587 0.406882 2183609.881270 0.016000
17:56:21.159006 0.203357 0.104683 0.454675 3867248.594367 0.016000
17:56:21.466816 0.307677 0.130057 0.595545 2595968.891592 0.016000
17:56:21.782512 0.315564 0.153246 0.687868 2570027.673946 0.016000
17:56:22.489938 0.314329 0.173381 0.735431 2619216.216409 0.016000
17:56:22.741378 0.251270 0.183117 0.682544 3325442.012724 0.016000
17:56:22.998071 0.256547 0.192296 0.640296 3304938.609013 0.016000
17:56:23.258146 0.259927 0.200750 0.604381 3309236.386504 0.016000
17:56:23.524959 0.266653 0.208988 0.577614 3271849.860198 0.016000
17:56:23.793900 0.268792 0.216463 0.552737 3291527.586821 0.016000
17:56:24.062621 0.268573 0.222977 0.527292 3339962.867680 0.016000
17:56:24.338502 0.275722 0.229570 0.510552 3297930.203369 0.016000
17:56:24.618478 0.279833 0.235853 0.496852 3293391.922502 0.016000
17:56:25.020624 0.257847 0.238602 0.456346 3621867.789642 0.016000
17:56:25.310353 0.289572 0.244973 0.459251 3267498.233098 0.016000
17:56:25.585567 0.275076 0.248736 0.439547 3484361.794438 0.016000
17:56:25.882295 0.296593 0.254718 0.445683 3273011.031830 0.016000
17:56:26.181738 0.299296 0.260291 0.448092 3284508.717302 0.016000
17:56:26.445315 0.263388 0.260678 0.404626 3778943.262748 0.016000
17:56:26.750050 0.304481 0.266153 0.417918 3309289.914120 0.016000
17:56:27.507298 0.303431 0.270813 0.421914 3361238.256545 0.016000
17:56:27.822007 0.314547 0.276280 0.433340 3281518.491061 0.016000
17:56:28.143502 0.321350 0.281913 0.444779 3250286.860399 0.016000
17:56:28.474818 0.331166 0.288070 0.459472 3191051.942333 0.016000
17:56:28.798492 0.323524 0.292502 0.456507 3304410.200628 0.016000
17:56:29.098367 0.299733 0.293406 0.423641 3607691.765540 0.016000
17:56:29.435255 0.336748 0.298823 0.439842 3247626.118027 0.016000
17:56:29.765927 0.330535 0.302787 0.440263 3345849.055284 0.016000
17:56:30.109681 0.343603 0.307889 0.451812 3254361.397632 0.016000
17:56:30.457084 0.347257 0.312810 0.460119 3255503.356870 0.016000
17:56:30.808000 0.350768 0.317555 0.465995 3257947.444132 0.016000
17:56:31.439897 0.320439 0.317915 0.432129 3604656.418209 0.016000
17:56:31.797413 0.357350 0.322845 0.447939 3266714.471009 0.016000
17:56:32.242558 0.445001 0.338114 0.554091 2650889.098609 0.016000
17:56:32.651842 0.409155 0.346994 0.580018 2913164.009149 0.016000
17:56:32.979996 0.328018 0.344622 0.538367 3671213.724088 0.016000
17:56:33.356926 0.376792 0.348644 0.526121 3228603.973505 0.016000
17:56:33.734183 0.377120 0.352203 0.513788 3258379.140146 0.016000
17:56:34.160916 0.426591 0.361502 0.557078 2909314.872045 0.016000
17:56:34.576733 0.415666 0.368272 0.569119 3015345.029998 0.016000
17:56:34.960834 0.383951 0.370232 0.536546 3296421.077315 0.016000
17:56:35.431345 0.357892 0.368690 0.505765 3570775.177674 0.016000
17:56:35.831247 0.399751 0.372572 0.506440 3227609.606955 0.016000
17:56:36.234685 0.403313 0.376415 0.507556 3229571.705955 0.016000
17:56:36.698369 0.463540 0.387305 0.572787 2836466.714842 0.016000
17:56:37.107072 0.408516 0.389957 0.550279 3248596.021466 0.016000
17:56:37.529321 0.422084 0.393973 0.546341 3173282.343294 0.016000
17:56:37.942615 0.413147 0.396369 0.529820 3271668.654159 0.016000
17:56:38.791381 0.447785 0.402796 0.554300 3046032.306455 0.016000
17:56:39.226000 0.434450 0.406753 0.552035 3167811.085966 0.016000
17:56:39.601392 0.375246 0.402815 0.543283 3700356.093018 0.016000
17:56:40.114996 0.513458 0.416645 0.632640 2728230.864208 0.016000
17:56:40.564789 0.449639 0.420769 0.615759 3142787.308114 0.016000
17:56:41.024693 0.459757 0.425643 0.610873 3100350.233194 0.016000
17:56:41.389909 0.365045 0.418068 0.617588 3938406.831373 0.016000
17:56:41.865653 0.468540 0.424377 0.624489 3094685.928059 0.016000
17:56:42.392123 0.372733 0.417922 0.619650 3923107.276070 0.016000
17:56:43.497484 0.484966 0.426302 0.644642 1520272.147266 0.016000
17:56:43.879793 0.382038 0.420769 0.628789 1962025.346420 0.016000
17:56:44.024846 0.144905 0.386286 0.818165 5257620.682988 0.016000
17:56:44.399253 0.374269 0.384784 0.720710 2068415.984589 0.016000
17:56:44.846081 0.446453 0.392493 0.706106 1761510.917315 0.016000
17:56:45.317189 0.470848 0.402287 0.715853 1696343.317508 0.016000
17:56:45.761821 0.444470 0.407560 0.684917 1824662.395638 0.016000
17:56:46.210267 0.448289 0.412651 0.661398 1836528.921242 0.016000
17:56:46.580791 0.370372 0.407366 0.636206 2256067.978628 0.016000
17:56:47.014889 0.433944 0.410688 0.608896 1953874.291637 0.016000
17:56:47.455825 0.440777 0.414449 0.593194 1951462.704125 0.016000
17:56:47.924261 0.468290 0.421180 0.609078 1863050.313439 0.016000
17:56:48.405620 0.481207 0.428683 0.629634 1838577.150862 0.016000
17:56:49.161782 0.453601 0.431798 0.607429 1977562.285837 0.016000
17:56:49.596665 0.434678 0.432158 0.566761 2091921.689654 0.016000
17:56:49.995906 0.399099 0.428025 0.562037 2309202.210351 0.016000
17:56:50.466487 0.470062 0.433280 0.575825 1986733.591207 0.016000
17:56:50.843796 0.377149 0.426264 0.589304 2508758.438706 0.016000
17:56:51.313005 0.469058 0.431613 0.596687 2043380.402413 0.016000
17:56:51.859981 0.546821 0.446014 0.685028 1775265.059019 0.016000
17:56:52.716987 0.525755 0.455982 0.714983 1869768.492021 0.016000
17:56:53.254011 0.536826 0.466087 0.741183 1854097.514009 0.016000
17:56:53.658002 0.403841 0.458306 0.726874 2495080.869451 0.016000
17:56:54.180514 0.522361 0.466313 0.731793 1952489.537284 0.016000
17:56:54.658380 0.477717 0.467739 0.678253 2160677.067994 0.016000
17:56:55.209276 0.550729 0.478112 0.718988 1896540.641761 0.016000
17:56:55.772299 0.562874 0.488708 0.754126 1877450.108105 0.016000
17:56:56.751950 0.617288 0.504780 0.832424 1731859.711885 0.016000
17:56:57.305144 0.553013 0.510809 0.804775 1955367.832609 0.016000
17:56:57.855868 0.550567 0.515779 0.776011 1986373.505520 0.016000
17:56:58.352241 0.496218 0.513334 0.728069 2228698.023042 0.016000
17:56:58.944251 0.591859 0.523150 0.762726 1889314.527310 0.016000
17:56:59.540364 0.595954 0.532250 0.784737 1896951.964859 0.016000
17:57:00.149704 0.609184 0.541867 0.808166 1875925.746373 0.016000
17:57:01.043370 0.620655 0.551715 0.830228 1861053.062784 0.016000
17:57:01.631739 0.588211 0.556277 0.801657 1984593.762744 0.016000
17:57:02.240848 0.608949 0.562861 0.799568 1937187.029800 0.016000
17:57:02.774700 0.533705 0.559217 0.765903 2233323.668862 0.016000
17:57:03.361669 0.586819 0.562667 0.745284 2052121.092243 0.016000
17:57:04.881538 0.256904 0.524447 0.967173 2343724.758358 0.016000
17:57:05.180587 0.298889 0.496252 1.053854 2055611.517255 0.016000
17:57:05.433794 0.253062 0.465853 1.127245 2476420.702053 0.016000
17:57:05.715176 0.281241 0.442777 1.123432 2271985.928161 0.016000
17:57:05.948027 0.232709 0.416518 1.137078 2798620.565560 0.016000
17:57:06.266941 0.318771 0.404300 1.042467 2081595.372259 0.016000
17:57:06.394938 0.127843 0.369743 1.124825 5286488.208694 0.016000
17:57:06.697056 0.301965 0.361270 0.995360 2278833.652903 0.016000
17:57:07.129743 0.173793 0.337836 1.000880 4030177.559832 0.016000
17:57:07.458565 0.328658 0.336689 0.843150 2168527.084681 0.016000
17:57:07.682402 0.223689 0.322564 0.815409 3241070.160056 0.016000
17:57:07.971869 0.289313 0.318407 0.721292 2548383.270005 0.016000
17:57:08.157372 0.185350 0.301775 0.736996 4044064.059315 0.016000
17:57:08.521367 0.363814 0.309530 0.697985 2094080.376464 0.016000
17:57:08.844106 0.322590 0.311163 0.615564 2399775.968190 0.016000
17:57:09.286315 0.442025 0.327520 0.686684 1779156.544340 0.016000
17:57:09.675136 0.388522 0.335146 0.665520 2055791.398195 0.016000
17:57:10.140435 0.465137 0.351394 0.729166 1743589.504898 0.016000
17:57:10.530441 0.389869 0.356204 0.678007 2111724.844645 0.016000
17:57:11.307142 0.477161 0.371323 0.733633 1751157.620744 0.016000
17:57:11.793684 0.486264 0.385691 0.772364 1743645.461591 0.016000
17:57:12.213903 0.420082 0.389990 0.714385 2047600.942728 0.016000
17:57:12.675975 0.461916 0.398981 0.714203 1888759.118430 0.016000
17:57:13.265018 0.588903 0.422721 0.849060 1502346.014006 0.016000
17:57:13.847409 0.582245 0.442661 0.921940 1540630.139525 0.016000
17:57:14.387139 0.539265 0.454737 0.910799 1686206.483501 0.016000
17:57:15.223466 0.479005 0.457770 0.824085 1923987.872338 0.016000
17:57:15.691623 0.467990 0.459048 0.744004 1995529.136816 0.016000
17:57:16.174254 0.482480 0.461977 0.699126 1961067.616577 0.016000
17:57:16.648077 0.473662 0.463438 0.652985 2023518.291069 0.016000
17:57:17.138206 0.489971 0.466754 0.635448 1981244.101397 0.016000
17:57:17.638682 0.500300 0.470947 0.631013 1964901.332037 0.016000
17:57:18.127393 0.488561 0.473149 0.610812 2037264.892575 0.016000
17:57:19.176659 0.497383 0.476178 0.603660 2025834.742258 0.016000
17:57:19.680127 0.503316 0.479571 0.602319 2026369.419541 0.016000
17:57:20.132587 0.452316 0.476164 0.595480 2282014.997419 0.016000
17:57:20.671894 0.539154 0.484038 0.636515 1937257.069112 0.016000
17:57:21.198179 0.526138 0.489300 0.645758 2008538.337485 0.016000
17:57:21.746557 0.548233 0.496667 0.672943 1950002.895043 0.016000
17:57:22.311279 0.564557 0.505153 0.705251 1915384.727118 0.016000
17:57:23.239414 0.528444 0.508064 0.681429 2069532.235993 0.016000
17:57:23.753646 0.514053 0.508813 0.644825 2151373.051596 0.016000
17:57:24.221956 0.468161 0.503731 0.646393 2388512.319526 0.016000
17:57:24.747635 0.525527 0.506456 0.635247 2151166.351264 0.016000
17:57:25.297418 0.549633 0.511853 0.651624 2079176.369842 0.016000
17:57:25.763103 0.465535 0.506063 0.657209 2481171.522967 0.016000
17:57:26.638036 0.561431 0.512984 0.681711 2079258.436529 0.016000
17:57:27.610118 0.288677 0.484946 0.835799 2043197.229677 0.016000
17:57:27.795525 0.185259 0.447485 1.010311 3250111.668564 0.016000
17:57:28.073109 0.277446 0.426230 1.018389 2214484.728876 0.016000
17:57:28.266406 0.193151 0.397095 1.074293 3244549.648764 0.016000
17:57:28.577078 0.310525 0.386274 0.980743 2057728.435565 0.016000
17:57:28.876250 0.299023 0.375368 0.908470 2177973.565676 0.016000
17:57:29.158240 0.281840 0.363677 0.857031 2354356.363769 0.016000
17:57:29.493731 0.335339 0.360134 0.758488 2015392.961151 0.016000
17:57:29.807811 0.313924 0.354358 0.699334 2192020.480789 0.016000
17:57:30.331827 0.308280 0.348598 0.653408 2272012.521434 0.016000
17:57:30.627185 0.295195 0.341923 0.623934 2414350.946637 0.016000
17:57:30.938953 0.311588 0.338131 0.579974 2326766.245440 0.016000
17:57:31.288707 0.349587 0.339563 0.532401 2109003.128419 0.016000
17:57:31.557458 0.268599 0.330693 0.546285 2790657.846513 0.016000
17:57:31.931904 0.374147 0.336124 0.541274 2036246.823063 0.016000
17:57:32.433062 0.501010 0.356735 0.675483 1545166.209481 0.016000
17:57:32.870462 0.437204 0.366794 0.686324 1798775.353318 0.016000
17:57:33.425433 0.554744 0.390288 0.817885 1439799.245253 0.016000
17:57:33.989015 0.563365 0.411922 0.905698 1439577.683774 0.016000
17:57:34.811807 0.584126 0.433448 0.975983 1409449.341667 0.016000
17:57:35.339831 0.527847 0.445248 0.946549 1583004.011171 0.016000
17:57:35.822191 0.481892 0.449828 0.862449 1759464.378666 0.016000
17:57:36.324281 0.501923 0.456340 0.817900 1713728.710585 0.016000
17:57:36.892359 0.567888 0.470284 0.853002 1536302.874892 0.016000
17:57:37.380890 0.488382 0.472546 0.777683 1811565.161953 0.016000
17:57:37.900006 0.518946 0.478346 0.753599 1728550.016515 0.016000
17:57:38.434855 0.534694 0.485389 0.748177 1700621.428685 0.016000
17:57:39.324224 0.608923 0.500831 0.821456 1513491.957112 0.016000
17:57:39.931652 0.607271 0.514136 0.861044 1537844.006390 0.016000
17:57:40.445855 0.514055 0.514126 0.774388 1840612.336936 0.016000
17:57:41.045913 0.599906 0.524848 0.805825 1597690.390804 0.016000
17:57:41.526679 0.480613 0.519319 0.774287 2019820.549284 0.016000
17:57:42.104775 0.577945 0.526647 0.776499 1700923.115957 0.016000
17:57:42.611248 0.506320 0.524106 0.731823 1965808.185732 0.016000
17:57:43.197607 0.586211 0.531869 0.749761 1718862.420275 0.016000
17:57:44.161967 0.583112 0.538275 0.752936 1749070.500209 0.016000
17:57:44.740375 0.578243 0.543271 0.744235 1785048.793160 0.016000
17:57:45.361179 0.620647 0.552943 0.781042 1682889.111065 0.016000
17:57:45.938231 0.576880 0.555935 0.750947 1831868.048765 0.016000
17:57:46.563768 0.625399 0.564618 0.780341 1709398.663734 0.016000
17:57:47.206119 0.635343 0.573459 0.805976 1701984.396923 0.016000
17:57:47.858695 0.652399 0.583326 0.836655 1676323.682603 0.016000
17:57:48.793678 0.570297 0.581697 0.784723 1939200.091505 0.016000
17:57:49.406815 0.612977 0.585607 0.769156 1824224.969480 0.016000
17:57:50.091172 0.684210 0.597933 0.834197 1652265.081548 0.016000
17:57:51.445469 0.649007 0.604317 0.832589 1760818.998313 0.016000
17:57:52.109572 0.663931 0.611769 0.842587 1739746.707808 0.016000
17:57:52.689712 0.579984 0.607796 0.812694 2012745.353870 0.016000
17:57:54.126877 0.279450 0.566752 1.048772 2110660.680673 0.016000
17:57:54.397542 0.270502 0.529721 1.187486 2225907.125844 0.016000
17:57:54.738437 0.340744 0.506099 1.188400 1803113.089427 0.016000
17:57:55.106884 0.368299 0.488874 1.138400 1701573.958608 0.016000
17:57:55.556430 0.449361 0.483935 1.010592 1421965.586388 0.016000
17:57:55.948716 0.392136 0.472460 0.959252 1660812.154318 0.016000
17:57:56.286698 0.331247 0.454808 0.961116 2003194.880921 0.016000
17:57:57.022203 0.374885 0.444818 0.904472 1802792.460967 0.016000
17:57:57.306093 0.283725 0.424681 0.930515 2425336.229830 0.016000
17:57:57.503467 0.197227 0.396250 1.003079 3551319.017038 0.016000
17:57:57.974842 0.471224 0.405621 0.935718 1512452.453059 0.016000
17:57:58.294943 0.319963 0.394914 0.878145 2265862.143518 0.016000
17:57:58.588308 0.293215 0.382202 0.846324 2514468.592988 0.016000
17:57:58.953495 0.364971 0.380048 0.745370 2053774.571758 0.016000
17:57:59.314206 0.360551 0.377611 0.671099 2113033.253689 0.016000
17:58:00.089192 0.539874 0.397894 0.780274 1433934.380637 0.016000
17:58:00.580272 0.490909 0.409521 0.789321 1601991.082819 0.016000
17:58:01.089907 0.509474 0.422015 0.806819 1567734.445205 0.016000
17:58:01.609523 0.519457 0.434195 0.820240 1561260.780064 0.016000
17:58:02.173769 0.564097 0.450433 0.869869 1459493.855853 0.016000
17:58:02.794436 0.620517 0.471693 0.956354 1346593.210477 0.016000
17:58:03.329556 0.534980 0.479604 0.906387 1584866.550181 0.016000
17:58:04.273014 0.565344 0.490322 0.896149 1521480.470491 0.016000
17:58:04.794582 0.521402 0.494207 0.829657 1673272.826379 0.016000
17:58:05.375821 0.581087 0.505067 0.843535 1522553.751554 0.016000
17:58:05.873611 0.497642 0.504139 0.765415 1802549.538029 0.016000
17:58:06.359808 0.486049 0.501877 0.715924 1870823.048941 0.016000
17:58:06.959152 0.599152 0.514037 0.771846 1538173.726177 0.016000
17:58:07.514133 0.554835 0.519137 0.753292 1683181.963638 0.016000
17:58:08.059541 0.545263 0.522402 0.724145 1735265.201910 0.016000
17:58:09.295788 0.641778 0.537324 0.808007 1493451.024461 0.016000
17:58:09.825130 0.529156 0.536303 0.747484 1834529.053310 0.016000
17:58:10.321802 0.496505 0.531328 0.729512 1979919.550347 0.016000
17:58:10.812173 0.490221 0.526190 0.715935 2030365.798620 0.016000
17:58:11.378190 0.565874 0.531151 0.713143 1780637.115244 0.016000
17:58:11.958258 0.579910 0.537245 0.722499 1758727.957483 0.016000
17:58:12.587000 0.628586 0.548663 0.778944 1642086.051997 0.016000
17:58:13.170082 0.582927 0.552946 0.759921 1791785.284304 0.016000
17:58:14.090441 0.690882 0.570188 0.863355 1529592.679566 0.016000
17:58:14.726927 0.636320 0.578455 0.864462 1680060.045645 0.016000
17:58:15.313977 0.586903 0.579511 0.802465 1842457.483629 0.016000
17:58:15.897743 0.583618 0.580024 0.751347 1873882.732483 0.016000
17:58:16.489949 0.592057 0.581528 0.722053 1867928.289499 0.016000
17:58:17.150545 0.660421 0.591390 0.775677 1693174.164265 0.016000
17:58:18.157541 0.634398 0.596766 0.777989 1781998.097901 0.016000
17:58:18.757867 0.600164 0.597191 0.736506 1904119.741758 0.016000
17:58:19.389680 0.631650 0.601498 0.740444 1828658.359876 0.016000
17:58:20.031280 0.641361 0.606481 0.750554 1820129.386353 0.016000
17:58:20.625797 0.594299 0.604958 0.725194 1984939.980042 0.016000
17:58:21.102516 0.476539 0.588906 0.807502 2501235.489070 0.016000
17:58:22.443466 0.813235 0.616947 1.005224 1480782.226707 0.016000
17:58:23.309284 0.865643 0.648034 1.187938 1405327.560723 0.016000
17:58:24.086473 0.777039 0.664160 1.198092 1581387.702883 0.016000
17:58:24.845416 0.758804 0.675990 1.171084 1635584.241067 0.016000
17:58:25.753845 0.908249 0.705022 1.308602 1379991.760093 0.016000
17:58:27.574502 0.847328 0.722811 1.317801 1493712.090531 0.016000
17:58:28.504026 0.929355 0.748629 1.401415 1375095.769804 0.016000
17:58:29.385668 0.881493 0.765237 1.387691 1463698.764395 0.016000
17:58:30.266650 0.880747 0.779676 1.362027 1478889.944458 0.016000
17:58:31.069345 0.802490 0.782527 1.242105 1638420.424709 0.016000
17:58:31.990292 0.920800 0.799811 1.282767 1441251.131988 0.016000
17:58:33.572300 0.916889 0.814446 1.293741 1460800.674613 0.016000
17:58:34.433794 0.861327 0.820306 1.226658 1569299.586904 0.016000
17:58:35.285493 0.851526 0.824209 1.160192 1601792.505254 0.016000
17:58:36.129310 0.843652 0.826639 1.098070 1631307.676323 0.016000
17:58:37.322869 0.929075 0.839444 1.145453 1494544.569609 0.016000
17:58:37.974717 0.651680 0.815973 1.233244 2149570.365431 0.016000
17:58:38.953353 0.978470 0.836285 1.311735 1444214.149240 0.016000
17:58:40.402156 0.888683 0.842835 1.251820 1603955.370592 0.016000
17:58:41.422929 1.020611 0.865057 1.349572 1408662.000256 0.016000
17:58:43.357437 0.954846 0.876281 1.329456 1518552.880570 0.016000
17:58:44.224240 0.866640 0.875076 1.224597 1687288.662598 0.016000
17:58:45.026171 0.801764 0.865912 1.201364 1839144.659856 0.016000
17:58:46.238144 0.911959 0.871668 1.169305 1630388.779235 0.016000
17:58:47.171084 0.932775 0.879306 1.163641 1607178.544551 0.016000
17:58:48.091513 0.920277 0.884427 1.138650 1642357.895122 0.016000
17:58:49.378952 0.923710 0.889338 1.119287 1649556.912296 0.016000
17:58:50.250703 0.871564 0.887116 1.077352 1762349.243518 0.016000
17:58:52.431125 0.679885 0.861212 1.211120 1138639.373336 0.016000
17:58:53.098523 0.667177 0.836958 1.293424 1178745.737505 0.016000
17:58:53.677953 0.579263 0.804746 1.404790 1378855.045172 0.016000
17:58:54.170649 0.492548 0.765721 1.527952 1646556.311853 0.016000
17:58:54.611979 0.441029 0.725135 1.621500 1866761.292232 0.016000
17:58:55.568649 0.558878 0.704353 1.542883 1495109.354545 0.016000
17:58:56.122511 0.553498 0.685496 1.465248 1531842.851267 0.016000
17:58:56.740935 0.618276 0.677093 1.329127 1391223.068858 0.016000
17:58:57.409822 0.668736 0.676049 1.173431 1304622.489000 0.016000
17:58:57.934605 0.524496 0.657105 1.181694 1686831.300468 0.016000
17:58:58.410442 0.475691 0.634428 1.209284 1885728.968087 0.016000
17:58:59.091538 0.396213 0.604651 1.274008 2295007.671535 0.016000
17:58:59.425711 0.334007 0.570820 1.343482 2759223.404503 0.016000
17:58:59.740292 0.314437 0.538773 1.374652 2970030.726850 0.016000
17:59:00.060992 0.320551 0.511495 1.356626 2951718.261155 0.016000
17:59:00.389298 0.328146 0.488576 1.305774 2920846.379289 0.016000
17:59:01.118502 0.438987 0.482378 1.144865 2211345.582260 0.016000
17:59:01.506839 0.388122 0.470596 1.061717 2532811.314293 0.016000
17:59:02.001043 0.494059 0.473529 0.940333 2014593.048716 0.016000
17:59:02.470727 0.469518 0.473027 0.827141 2146064.933326 0.016000
17:59:02.809370 0.338432 0.456203 0.856384 3013617.201449 0.016000
17:59:03.338832 0.365224 0.444830 0.835945 2826189.752567 0.016000
17:59:03.737661 0.398654 0.439058 0.778571 2620016.459730 0.016000
17:59:04.152634 0.414795 0.436025 0.714923 2547687.891701 0.016000
17:59:04.584851 0.432060 0.435530 0.648669 2474322.991905 0.016000
17:59:05.009398 0.424397 0.434138 0.605125 2547953.970156 0.016000
17:59:05.452829 0.443288 0.435282 0.572672 2467090.882854 0.016000
17:59:05.906628 0.453650 0.437578 0.558989 2437826.530541 0.016000
17:59:06.367002 0.460226 0.440409 0.554115 2429692.926400 0.016000
17:59:06.807860 0.440706 0.440446 0.526023 2565193.036771 0.016000
17:59:07.286315 0.478304 0.445178 0.547219 2389242.441418 0.016000
17:59:07.773262 0.486798 0.450381 0.568531 2372795.052691 0.016000
17:59:08.537587 0.434196 0.448358 0.553155 2688555.427856 0.016000
17:59:09.374409 0.283360 0.427733 0.671329 2081535.822943 0.016000
17:59:09.635319 0.260765 0.406862 0.756527 2309022.973784 0.016000
17:59:09.820785 0.185315 0.379169 0.862964 3315433.515338 0.016000
17:59:10.079793 0.258836 0.364127 0.847306 2421177.599098 0.016000
17:59:10.329147 0.249205 0.349762 0.827068 2564058.999507 0.016000
17:59:10.608825 0.279536 0.340984 0.769189 2329803.601027 0.016000
17:59:10.821206 0.212236 0.324890 0.774792 3126482.907774 0.016000
17:59:11.070203 0.248734 0.315371 0.728953 2717119.522116 0.016000
17:59:11.232883 0.162511 0.296263 0.759310 4234350.551498 0.016000
17:59:11.512336 0.279298 0.294142 0.658392 2507772.457183 0.016000
17:59:11.760779 0.248005 0.288375 0.607700 2873746.754754 0.016000
17:59:11.986275 0.225338 0.280496 0.583027 3217353.741227 0.016000
17:59:12.208946 0.222528 0.273250 0.558116 3313201.321176 0.016000
17:59:12.426552 0.217458 0.266276 0.535717 3446955.120051 0.016000
17:59:12.884197 0.200212 0.258018 0.526162 3805246.404554 0.016000
17:59:13.275146 0.390778 0.274613 0.608482 1981032.380974 0.016000
17:59:13.622289 0.347006 0.283662 0.606457 2266334.913369 0.016000
17:59:13.989509 0.367072 0.294088 0.619594 2175922.678443 0.016000
17:59:14.354010 0.364341 0.302870 0.617252 2225958.522869 0.016000
17:59:14.722774 0.368608 0.311087 0.612612 2233527.228663 0.016000
17:59:15.092215 0.369292 0.318363 0.602711 2262664.647330 0.016000
17:59:15.530622 0.438252 0.333349 0.666500 1934667.848148 0.016000
17:59:15.916195 0.385411 0.339857 0.641782 2231799.160449 0.016000
17:59:16.377393 0.461047 0.355005 0.702640 1892319.274719 0.016000
17:59:16.785584 0.408038 0.361634 0.675393 2168269.168121 0.016000
17:59:17.098077 0.312343 0.355473 0.640083 2871918.543776 0.016000
17:59:17.618071 0.388670 0.359623 0.606277 2339547.882989 0.016000
17:59:17.984043 0.365807 0.360396 0.551571 2519362.555946 0.016000
17:59:18.322659 0.338474 0.357655 0.522958 2759112.672481 0.016000
17:59:18.733332 0.410486 0.364259 0.541067 2305014.152559 0.016000
17:59:19.126774 0.393291 0.367888 0.529526 2437035.193798 0.016000
17:59:19.493544 0.366622 0.367730 0.490224 2647828.216642 0.016000
17:59:19.918102 0.424404 0.374814 0.523359 2316284.054899 0.016000
17:59:20.249934 0.331644 0.369418 0.523997 3001193.524526 0.016000
17:59:20.670911 0.420564 0.375811 0.542891 2395868.768549 0.016000
17:59:21.067888 0.396823 0.378438 0.524759 2570174.061231 0.016000
17:59:21.444785 0.376749 0.378227 0.489657 2739733.599777 0.016000
17:59:22.102916 0.362076 0.376208 0.475931 2884699.788445 0.016000
17:59:22.543584 0.440505 0.384245 0.523335 2398991.914683 0.016000
17:59:22.981523 0.437784 0.390937 0.548794 2441971.625638 0.016000
17:59:23.311035 0.329368 0.383241 0.563203 3283088.845697 0.016000
17:59:23.771693 0.460510 0.392900 0.605140 2374827.828320 0.016000
17:59:24.177543 0.405708 0.394501 0.566489 2725900.886180 0.016000
