17:57:32.420732 0.369118 0.369118 1.845590 33290.169605 0.016000
17:57:32.564117 0.143176 0.340875 1.674171 171648.785234 0.016000
17:57:32.870518 0.306256 0.336548 1.371139 160493.152916 0.016000
17:57:33.098984 0.228319 0.323019 1.207191 430555.177745 0.016000
17:57:33.419940 0.320759 0.322737 0.988126 612946.057476 0.016000
17:57:33.597224 0.177136 0.304537 0.949179 2219851.381110 0.016000
17:57:34.173385 0.576011 0.338471 1.093427 1365306.831027 0.016000
17:57:34.805145 0.631608 0.375113 1.234467 1264582.287892 0.016000
17:57:35.331869 0.526576 0.394046 1.190024 1540153.624631 0.016000
17:57:36.339755 0.595222 0.419193 1.217353 1383174.689624 0.016000
17:57:36.898862 0.558956 0.436663 1.175046 1494900.817569 0.016000
17:57:37.468436 0.569409 0.453257 1.139790 1489038.289597 0.016000
17:57:38.748931 0.475203 0.456000 0.992846 1810089.440834 0.016000
17:57:39.332446 0.583364 0.471920 1.001919 1495546.494570 0.016000
17:57:39.944448 0.611855 0.489412 1.026846 1445989.583372 0.016000
17:57:40.457851 0.513243 0.492391 0.919297 1747757.046763 0.016000
17:57:41.056531 0.598513 0.505656 0.931958 1519285.579810 0.016000
17:57:41.915176 0.584167 0.515470 0.913707 1577631.044326 0.016000
17:57:42.430786 0.515449 0.515467 0.814166 1811794.987836 0.016000
17:57:43.096334 0.665398 0.534209 0.908163 1421969.750604 0.016000
17:57:43.601561 0.505076 0.530567 0.840166 1897662.287376 0.016000
17:57:44.230084 0.628369 0.542792 0.872793 1544876.059679 0.016000
17:57:45.297722 0.697922 0.562184 0.964814 1408524.179186 0.016000
17:57:45.908257 0.610375 0.568208 0.918372 1630682.333657 0.016000
17:57:46.519528 0.611120 0.573572 0.879107 1648802.238145 0.016000
17:57:47.046625 0.525656 0.567582 0.844649 1940249.953086 0.016000
17:57:47.648721 0.601949 0.571878 0.814045 1714749.987570 0.016000
17:57:48.495171 0.529444 0.566574 0.790633 1972786.623154 0.016000
17:57:49.184722 0.689330 0.581918 0.872719 1533036.732258 0.016000
17:57:49.744938 0.560062 0.579186 0.819143 1908817.471180 0.016000
17:57:50.508384 0.763289 0.602199 0.966269 1416690.186488 0.016000
17:57:51.531508 0.727730 0.617890 1.016474 1502799.041165 0.016000
17:57:52.138746 0.607071 0.616538 0.926295 1821730.417380 0.016000
17:57:52.727116 0.588223 0.612999 0.873632 1900993.393782 0.016000
17:57:53.438926 0.711666 0.625332 0.919474 1588520.750575 0.016000
17:57:54.336422 0.573267 0.618824 0.891495 1993458.604498 0.016000
17:57:55.013382 0.676789 0.626070 0.888538 1706694.291173 0.016000
17:57:55.793546 0.780014 0.645313 0.996109 1496588.449696 0.016000
17:57:56.487114 0.693413 0.651325 0.962523 1701219.860848 0.016000
17:57:57.310564 0.823313 0.672824 1.078210 1447731.304084 0.016000
17:57:58.371993 0.877905 0.698459 1.207579 1371702.118325 0.016000
17:57:59.240253 0.868091 0.719663 1.271136 1401364.431694 0.016000
17:58:00.008915 0.768501 0.725768 1.188210 1598956.840308 0.016000
17:58:01.559793 0.818761 0.737392 1.177217 1515812.102429 0.016000
17:58:02.236443 0.676473 0.729777 1.120565 1852809.704569 0.016000
17:58:02.995737 0.759007 0.733431 1.055752 1667526.173300 0.016000
17:58:04.606094 0.893991 0.753501 1.155802 1429490.911309 0.016000
17:58:05.444039 0.837780 0.764036 1.150041 1540070.187734 0.016000
17:58:06.220134 0.775940 0.765524 1.066932 1678644.867049 0.016000
17:58:07.836203 0.793033 0.768962 1.022528 1657958.491064 0.016000
17:58:08.624841 0.788465 0.771400 0.981077 1683148.854063 0.016000
17:58:09.469084 0.844087 0.780486 1.010431 1586793.545502 0.016000
17:58:10.830866 0.781144 0.780568 0.953685 1730385.391913 0.016000
17:58:11.646859 0.815831 0.784976 0.950076 1671875.292466 0.016000
17:58:12.519545 0.872530 0.795920 1.007299 1577316.569050 0.016000
17:58:14.107155 0.917437 0.811110 1.091161 1513503.253208 0.016000
17:58:15.122014 1.014689 0.836557 1.250174 1380553.098800 0.016000
17:58:15.959945 0.837782 0.836710 1.148148 1686739.218780 0.016000
17:58:16.927053 0.966873 0.852981 1.216722 1474245.067277 0.016000
17:58:18.346018 1.040874 0.876467 1.337166 1381239.222012 0.016000
17:58:19.287538 0.941338 0.884576 1.294971 1540343.926734 0.016000
17:58:20.230049 0.942360 0.891799 1.257379 1551712.845875 0.016000
17:58:21.503077 0.805714 0.881039 1.241309 1830128.553910 0.016000
17:58:22.308032 0.804782 0.871506 1.217966 1847516.668284 0.016000
17:58:23.155874 0.847656 0.868525 1.152220 1768566.469791 0.016000
17:58:23.968954 0.812922 0.861575 1.129949 1859248.486761 0.016000
17:58:24.829460 0.860353 0.861422 1.063924 1771031.207396 0.016000
17:58:25.953323 0.857882 0.860980 1.016396 1790455.982378 0.016000
17:58:26.791583 0.838098 0.858119 0.997564 1847383.420109 0.016000
17:58:27.721328 0.929546 0.867048 1.043057 1678858.499236 0.016000
17:58:29.371110 0.603878 0.834151 1.229328 1302302.737206 0.016000
17:58:29.989725 0.618437 0.807187 1.319284 1291513.821350 0.016000
17:58:30.963886 0.639294 0.786200 1.338167 1268599.604173 0.016000
17:58:31.594609 0.630559 0.766745 1.336361 1305660.600064 0.016000
17:58:32.142923 0.548177 0.739424 1.385205 1524295.973956 0.016000
17:58:32.809211 0.666146 0.730264 1.287878 1272801.982051 0.016000
17:58:33.469321 0.659928 0.721472 1.210019 1303414.753230 0.016000
17:58:34.127685 0.658217 0.713565 1.143231 1325471.785033 0.016000
17:58:34.542940 0.415107 0.676258 1.296966 2131344.387979 0.016000
17:58:35.178535 0.635453 0.671158 1.177493 1411629.215845 0.016000
17:58:36.202220 0.633982 0.666511 1.083438 1434286.367131 0.016000
17:58:36.769805 0.567420 0.654124 1.065910 1624193.702341 0.016000
17:58:37.350767 0.577338 0.644526 1.030152 1617575.894734 0.016000
17:58:37.989133 0.638200 0.643735 0.939281 1482569.623676 0.016000
17:58:38.718779 0.729252 0.654425 0.961601 1314310.922124 0.016000
17:58:39.334875 0.615894 0.649608 0.918521 1576167.734938 0.016000
17:58:39.987444 0.652409 0.649959 0.854444 1506784.677164 0.016000
17:58:40.542426 0.554831 0.638068 0.886559 1793929.953080 0.016000
17:58:41.611204 0.674108 0.642573 0.864982 1494739.652299 0.016000
17:58:42.261224 0.649848 0.643482 0.817564 1569450.124673 0.016000
17:58:42.869103 0.607625 0.639000 0.805419 1698731.926829 0.016000
17:58:43.505549 0.636291 0.638661 0.766184 1641513.011446 0.016000
17:58:44.205532 0.698738 0.646171 0.801890 1512394.991494 0.016000
17:58:44.810380 0.604674 0.640984 0.799270 1767987.780480 0.016000
17:58:45.319649 0.508135 0.624378 0.875941 2128064.055884 0.016000
17:58:46.273173 0.565964 0.617076 0.864162 1932334.975042 0.016000
17:58:46.956337 0.683005 0.625317 0.876561 1619197.292758 0.016000
17:58:47.603247 0.646750 0.627996 0.837862 1728964.895506 0.016000
17:58:48.251670 0.648226 0.630525 0.808154 1743984.290010 0.016000
17:58:48.904618 0.652793 0.633308 0.788798 1750607.193225 0.016000
17:58:49.549543 0.644675 0.634729 0.762713 1791712.057409 0.016000
17:58:50.736750 0.707751 0.643857 0.812867 1649393.559504 0.016000
17:58:51.438337 0.701414 0.651052 0.835366 1681814.476009 0.016000
17:58:52.570802 0.296662 0.606753 1.099378 1988201.443630 0.016000
17:58:52.976878 0.405923 0.581649 1.151948 1483315.333070 0.016000
17:58:53.284260 0.307212 0.547345 1.249506 1999922.685830 0.016000
17:58:53.543146 0.258711 0.511265 1.326520 2422346.783378 0.016000
17:58:53.743319 0.200031 0.472361 1.395036 3194388.005464 0.016000
17:58:54.052302 0.308824 0.451919 1.307463 2108852.845984 0.016000
17:58:54.311367 0.258914 0.427793 1.262456 2562827.872570 0.016000
17:58:55.093842 0.450484 0.430630 1.079317 1500253.730610 0.016000
17:58:55.485780 0.391698 0.425763 0.951210 1756782.532663 0.016000
17:58:55.812639 0.326702 0.413380 0.906527 2143899.511901 0.016000
17:58:56.105413 0.292609 0.398284 0.888916 2435687.410741 0.016000
17:58:56.377735 0.272174 0.382520 0.876604 2663706.601256 0.016000
17:58:56.733002 0.352031 0.378709 0.779761 2094361.052552 0.016000
17:58:57.083843 0.350467 0.375179 0.704210 2138769.331700 0.016000
17:58:57.388808 0.304590 0.366355 0.683717 2501250.970201 0.016000
17:58:57.844553 0.455489 0.377497 0.704652 1699589.091300 0.016000
17:58:58.354357 0.509590 0.394009 0.771468 1543264.463806 0.016000
17:58:59.019112 0.409361 0.395928 0.694375 1951137.890477 0.016000
17:58:59.404322 0.385046 0.394567 0.629284 2106262.599648 0.016000
17:58:59.658271 0.253803 0.376972 0.693774 3243841.583939 0.016000
17:58:59.973099 0.314674 0.369185 0.669084 2655396.581653 0.016000
17:59:00.299784 0.326524 0.363852 0.631437 2596660.429361 0.016000
17:59:00.645385 0.345406 0.361546 0.580681 2490286.393150 0.016000
17:59:00.992295 0.346755 0.359697 0.538840 2516035.616292 0.016000
17:59:01.398487 0.406027 0.365489 0.546175 2179007.378002 0.016000
17:59:02.094882 0.411442 0.371233 0.552701 2180195.288148 0.016000
17:59:02.565080 0.470035 0.383583 0.618486 1934562.987725 0.016000
17:59:02.908529 0.343301 0.378548 0.595007 2684524.207016 0.016000
17:59:03.271238 0.362557 0.376549 0.554884 2575838.196715 0.016000
17:59:03.661667 0.390278 0.378265 0.525746 2424365.025012 0.016000
17:59:04.038350 0.376534 0.378049 0.490390 2545491.344291 0.016000
17:59:04.460388 0.421891 0.383529 0.511628 2300953.353192 0.016000
17:59:05.367362 0.440040 0.390593 0.543178 2233978.162936 0.016000
17:59:05.819670 0.452143 0.398287 0.574276 2201356.875021 0.016000
17:59:06.270712 0.450893 0.404862 0.589461 2234711.193610 0.016000
17:59:06.714114 0.443242 0.409660 0.586488 2301010.239314 0.016000
17:59:07.137721 0.423452 0.411384 0.557797 2437564.733241 0.016000
17:59:07.621278 0.483391 0.420385 0.602202 2160735.097414 0.016000
17:59:08.007688 0.386252 0.416118 0.586614 2735953.597660 0.016000
17:59:08.437555 0.363266 0.409512 0.590236 2942901.416222 0.016000
17:59:08.921634 0.483878 0.418807 0.628717 2234745.596187 0.016000
17:59:09.312986 0.391192 0.415356 0.600403 2795640.282919 0.016000
17:59:09.757409 0.444269 0.418970 0.586669 2489302.977881 0.016000
17:59:10.263835 0.506270 0.429882 0.642957 2208718.965472 0.016000
17:59:10.653471 0.389412 0.424823 0.625099 2903083.422947 0.016000
17:59:11.116379 0.462697 0.429558 0.617638 2469832.153859 0.016000
17:59:11.551259 0.434719 0.430203 0.576425 2657053.803280 0.016000
17:59:12.253379 0.461906 0.434166 0.575535 2527267.691958 0.016000
17:59:12.700916 0.447373 0.435817 0.555051 2636833.757186 0.016000
17:59:13.385401 0.128982 0.397462 0.793723 4572923.224864 0.016000
17:59:13.613412 0.227867 0.376263 0.843054 2642384.793870 0.016000
17:59:13.884113 0.270555 0.363049 0.818850 2270887.457239 0.016000
17:59:14.047090 0.162830 0.338022 0.880092 3848728.597003 0.016000
17:59:14.469844 0.145885 0.314005 0.912694 4379998.223042 0.016000
17:59:14.723150 0.253154 0.306398 0.816266 2572599.677206 0.016000
17:59:14.956679 0.233384 0.297272 0.752687 2843175.297388 0.016000
17:59:15.165413 0.208582 0.286185 0.716437 3240165.713397 0.016000
17:59:15.352491 0.186924 0.273778 0.695728 3681325.410339 0.016000
17:59:15.591200 0.238559 0.269375 0.621057 2936028.309790 0.016000
17:59:15.811158 0.219811 0.263180 0.576505 3242349.659545 0.016000
17:59:15.988513 0.177208 0.252433 0.573399 4091193.499978 0.016000
17:59:16.249174 0.260501 0.253442 0.502234 2830237.065844 0.016000
17:59:16.455836 0.206515 0.247576 0.481097 3629604.301002 0.016000
17:59:16.653725 0.197732 0.241346 0.466330 3852973.261193 0.016000
17:59:17.533578 0.414148 0.262946 0.604487 1869245.470672 0.016000
17:59:17.868857 0.335114 0.271967 0.600291 2346759.594562 0.016000
17:59:18.275644 0.406653 0.288803 0.669732 1964131.932135 0.016000
17:59:18.666867 0.391066 0.301586 0.689546 2073838.804104 0.016000
17:59:19.001165 0.334150 0.305656 0.629191 2463851.003929 0.016000
17:59:19.415211 0.413784 0.319172 0.669951 2019372.293940 0.016000
17:59:19.846293 0.430930 0.333142 0.707984 1967539.343279 0.016000
17:59:20.193407 0.346962 0.334869 0.629821 2479118.928689 0.016000
17:59:20.578049 0.384495 0.341073 0.611912 2269074.902968 0.016000
17:59:20.954886 0.376689 0.345525 0.584271 2348717.643710 0.016000
17:59:21.385447 0.430410 0.356135 0.620080 2084114.435614 0.016000
17:59:21.802761 0.417152 0.363762 0.622738 2179810.134099 0.016000
17:59:22.195297 0.392390 0.367341 0.590200 2348683.631273 0.016000
17:59:22.639538 0.444092 0.376935 0.620830 2102915.444954 0.016000
17:59:23.082870 0.443160 0.385213 0.634360 2135066.066785 0.016000
17:59:23.687496 0.394918 0.386426 0.582991 2426995.186600 0.016000
17:59:24.063941 0.376277 0.385157 0.542730 2579886.832386 0.016000
17:59:24.488503 0.424393 0.390062 0.547477 2316343.912815 0.016000
17:59:24.840022 0.351373 0.385226 0.541976 2832682.423393 0.016000
17:59:25.148035 0.307859 0.375555 0.570484 3272979.459707 0.016000
17:59:25.500107 0.351923 0.372601 0.542430 2898088.593792 0.016000
17:59:25.770535 0.270278 0.359811 0.589505 3819001.501699 0.016000
17:59:26.086264 0.315577 0.354281 0.570786 3309746.591499 0.016000
17:59:26.400591 0.314168 0.349267 0.551759 3363703.749117 0.016000
17:59:26.644482 0.243740 0.336076 0.593472 4386053.528325 0.016000
17:59:27.340355 0.319270 0.333975 0.543829 3386925.004687 0.016000
17:59:27.668622 0.328109 0.333242 0.496499 3333135.980689 0.016000
17:59:27.917493 0.248711 0.322676 0.529649 4446604.752514 0.016000
17:59:28.247466 0.329821 0.323569 0.485944 3390346.969525 0.016000
17:59:28.575995 0.328385 0.324171 0.450768 3442594.594811 0.016000
17:59:28.792350 0.216219 0.310677 0.513577 5285303.385901 0.016000
17:59:29.117160 0.324650 0.312424 0.478572 3557898.736847 0.016000
17:59:29.391625 0.274313 0.307660 0.470381 4255577.077299 0.016000
17:59:29.721058 0.329279 0.310362 0.454023 3582516.162871 0.016000
17:59:30.091300 0.370094 0.317829 0.485306 3220631.979251 0.016000
17:59:30.823668 0.378039 0.325355 0.511173 3185448.095464 0.016000
17:59:31.316462 0.492626 0.346264 0.652899 2469442.397169 0.016000
17:59:31.792382 0.475772 0.362452 0.721937 2582750.241640 0.016000
17:59:32.210703 0.418174 0.369418 0.694752 2967874.415249 0.016000
17:59:32.598298 0.387447 0.371671 0.633702 3234962.167971 0.016000
17:59:32.922545 0.324100 0.365725 0.609819 3905164.861073 0.016000
17:59:33.306491 0.383791 0.367983 0.569120 3329812.581323 0.016000
17:59:33.715070 0.408402 0.373035 0.564307 3159238.578393 0.016000
17:59:34.102159 0.386937 0.374773 0.532128 3366254.264976 0.016000
17:59:34.644053 0.366885 0.373787 0.499692 3583728.390562 0.016000
17:59:35.054155 0.409947 0.378307 0.508895 3237258.142825 0.016000
17:59:35.440436 0.386140 0.379286 0.485060 3468670.565087 0.016000
17:59:35.909522 0.468947 0.390494 0.559485 2882373.042087 0.016000
17:59:36.319645 0.409978 0.392929 0.539157 3326930.444478 0.016000
17:59:36.776799 0.457001 0.400938 0.574681 3011493.125437 0.016000
17:59:37.058050 0.281106 0.385959 0.636098 4939574.480152 0.016000
17:59:37.557827 0.499630 0.400168 0.701443 2803738.910540 0.016000
17:59:37.899080 0.341109 0.392786 0.677801 4142722.253195 0.016000
17:59:38.731411 0.466004 0.401938 0.688918 3058789.885423 0.016000
17:59:39.162294 0.430702 0.405533 0.649532 3338029.766805 0.016000
17:59:39.641583 0.479139 0.414734 0.671339 3026227.731196 0.016000
17:59:40.053100 0.411363 0.414313 0.610137 3554698.784784 0.016000
17:59:40.548778 0.493620 0.424226 0.650402 2987237.637240 0.016000
17:59:40.969657 0.420723 0.423788 0.596923 3534029.025616 0.016000
17:59:41.485501 0.515690 0.435276 0.657029 2907048.310785 0.016000
17:59:41.953996 0.468349 0.439410 0.638798 3227132.041926 0.016000
17:59:42.702322 0.494606 0.446310 0.651046 3080658.027488 0.016000
17:59:43.181340 0.478829 0.450375 0.636446 3207824.783965 0.016000
17:59:43.673483 0.491992 0.455577 0.636748 3146978.020334 0.016000
17:59:44.133774 0.460135 0.456147 0.596583 3391561.297106 0.016000
17:59:44.596874 0.462940 0.456996 0.569117 3397554.922775 0.016000
17:59:45.407132 0.240396 0.429921 0.730611 3271401.876167 0.016000
17:59:45.575815 0.168535 0.397248 0.884151 4739193.804498 0.016000
17:59:45.778859 0.202858 0.372949 0.932516 3997910.435744 0.016000
17:59:46.096519 0.211351 0.352749 0.934022 3895398.271779 0.016000
17:59:46.269620 0.172937 0.330273 0.946040 4831720.523631 0.016000
17:59:46.478577 0.208767 0.315084 0.898415 4061328.114733 0.016000
17:59:46.655001 0.176272 0.297733 0.874043 4879733.665306 0.016000
17:59:46.804530 0.149377 0.279188 0.859777 5840573.658837 0.016000
17:59:46.896880 0.092195 0.255814 0.878249 9596352.008937 0.016000
17:59:46.990266 0.093244 0.235493 0.864889 9620196.094781 0.016000
17:59:47.084807 0.094399 0.217856 0.830998 9632646.926660 0.016000
17:59:47.181751 0.096804 0.202725 0.783633 9520277.240071 0.016000
17:59:47.278456 0.096544 0.189452 0.731314 9673182.545228 0.016000
17:59:47.448985 0.050470 0.172079 0.717458 18747253.168612 0.016000
17:59:47.548576 0.099430 0.162998 0.644681 9639577.472319 0.016000
17:59:47.650049 0.101327 0.155289 0.578223 9580371.147580 0.016000
17:59:47.752384 0.102197 0.148653 0.518945 9619075.468418 0.016000
17:59:47.856354 0.103832 0.143050 0.465590 9585945.933121 0.016000
17:59:47.961295 0.104777 0.138266 0.418444 9616758.071173 0.016000
17:59:48.067853 0.106406 0.134284 0.376277 9585025.793954 0.016000
17:59:48.175316 0.107320 0.130913 0.339372 9617884.123954 0.016000
17:59:48.284469 0.109012 0.128175 0.306421 9581340.295388 0.016000
17:59:48.396082 0.111442 0.126084 0.276501 9482665.021056 0.016000
17:59:48.506245 0.110027 0.124077 0.252946 9716299.390934 0.016000
17:59:48.618793 0.112418 0.122619 0.230930 9618942.866363 0.016000
17:59:48.733489 0.114561 0.121612 0.210903 9546278.641027 0.016000
17:59:48.849532 0.115899 0.120898 0.193580 9542113.861288 0.016000
17:59:48.965105 0.115420 0.120213 0.180203 9688176.323433 0.016000
17:59:49.082689 0.117426 0.119865 0.167644 9627312.382815 0.016000
17:59:49.209627 0.126799 0.120732 0.163500 9012572.560063 0.016000
17:59:49.331576 0.078225 0.115418 0.190001 14766040.463055 0.016000
17:59:49.453237 0.121505 0.116179 0.178203 9607504.120527 0.016000
17:59:49.576033 0.122548 0.116975 0.169862 9626018.379255 0.016000
17:59:49.700551 0.124379 0.117901 0.164970 9583084.649987 0.016000
17:59:49.825961 0.125268 0.118822 0.161491 9613182.683486 0.016000
17:59:49.952969 0.126872 0.119828 0.159880 9588511.925734 0.016000
17:59:50.081185 0.128064 0.120857 0.159133 9595208.605594 0.016000
17:59:50.210538 0.129215 0.121902 0.158966 9604829.007582 0.016000
17:59:50.341024 0.130345 0.122957 0.159199 9615827.070632 0.016000
17:59:50.473315 0.132090 0.124099 0.160412 9581823.917751 0.016000
17:59:50.606247 0.132793 0.125186 0.161115 9623626.168873 0.016000
17:59:50.741057 0.134669 0.126371 0.162801 9580819.436481 0.016000
17:59:50.876601 0.135408 0.127501 0.163860 9619272.357458 0.016000
17:59:51.013891 0.137154 0.128707 0.165630 9586413.951223 0.016000
17:59:51.199172 0.104727 0.125710 0.177383 12672029.394218 0.016000
17:59:51.338511 0.139185 0.127394 0.179624 9623092.787872 0.016000
17:59:51.480499 0.141825 0.129198 0.182801 9530621.360630 0.016000
17:59:51.621668 0.141031 0.130677 0.182712 9671403.736891 0.016000
17:59:51.765338 0.143504 0.132281 0.184134 9590373.211825 0.016000
17:59:51.909916 0.144439 0.133800 0.184848 9613360.470132 0.016000
17:59:52.055732 0.145678 0.135285 0.185449 9615944.638174 0.016000
17:59:52.203239 0.147370 0.136796 0.186504 9588919.324851 0.016000
17:59:52.351653 0.148282 0.138232 0.186999 9612815.506370 0.016000
17:59:52.501768 0.149983 0.139700 0.188027 9585730.905401 0.016000
17:59:52.652682 0.150779 0.141085 0.188409 9616617.133323 0.016000
17:59:52.805370 0.152503 0.142512 0.189423 9588479.370850 0.016000
17:59:53.074206 0.112940 0.138816 0.203571 13056155.122693 0.016000
17:59:53.230570 0.156209 0.140990 0.206950 9518325.295628 0.016000
17:59:53.387657 0.156941 0.142984 0.208405 9552230.464869 0.016000
17:59:53.543164 0.155368 0.144532 0.205982 9728020.748358 0.016000
17:59:53.701812 0.158516 0.146280 0.206351 9612358.822929 0.016000
17:59:53.863777 0.161817 0.148222 0.208813 9492199.826141 0.016000
17:59:54.023288 0.159371 0.149616 0.206208 9714983.673526 0.016000
17:59:54.186204 0.162776 0.151261 0.206865 9587261.413123 0.016000
17:59:54.349959 0.163615 0.152805 0.206863 9613202.409404 0.016000
17:59:54.515325 0.165230 0.154358 0.207326 9593606.831223 0.016000
17:59:54.681748 0.166278 0.155848 0.207494 9607050.244845 0.016000
17:59:54.916210 0.125111 0.152006 0.221477 12866388.039561 0.016000
17:59:55.084892 0.168536 0.154072 0.222706 9624154.497460 0.016000
17:59:55.255452 0.170425 0.156116 0.223944 9589582.470987 0.016000
17:59:55.426896 0.171312 0.158016 0.224082 9611664.043689 0.016000
17:59:55.599987 0.172949 0.159882 0.224365 9591738.378164 0.016000
17:59:55.774004 0.173870 0.161631 0.223980 9611603.258457 0.016000
17:59:55.949692 0.175549 0.163371 0.224051 9589662.768773 0.016000
17:59:56.126209 0.176385 0.164997 0.223522 9613882.773159 0.016000
17:59:56.304427 0.178076 0.166632 0.223604 9591588.555075 0.016000
17:59:56.483486 0.178917 0.168168 0.223182 9615175.581671 0.016000
17:59:56.822352 0.141606 0.164848 0.232670 12235405.765292 0.016000
17:59:57.003929 0.181423 0.166920 0.234362 9617835.070937 0.016000
17:59:57.187264 0.183200 0.168955 0.235816 9591621.871972 0.016000
17:59:57.371454 0.184049 0.170841 0.236082 9614128.602188 0.016000
17:59:57.557419 0.185823 0.172714 0.236626 9588481.231720 0.016000
17:59:57.744152 0.186592 0.174449 0.236261 9614824.382355 0.016000
17:59:57.933088 0.188678 0.176227 0.236816 9573642.656679 0.016000
17:59:58.121967 0.188740 0.177792 0.235745 9635603.768029 0.016000
17:59:58.312975 0.190865 0.179426 0.235964 9592704.885476 0.016000
17:59:58.672563 0.151661 0.175955 0.246124 12153427.592625 0.016000
17:59:58.866067 0.193354 0.178130 0.248155 9596331.301260 0.016000
17:59:59.060483 0.194275 0.180148 0.248812 9614076.163687 0.016000
17:59:59.256632 0.196008 0.182131 0.249489 9591773.379526 0.016000
17:59:59.453660 0.196888 0.183975 0.249251 9611313.480867 0.016000
17:59:59.652313 0.198512 0.185792 0.249286 9594579.965122 0.016000
17:59:59.851885 0.199431 0.187497 0.248756 9611977.379016 0.016000
18:00:00.053128 0.201101 0.189198 0.248746 9593265.968286 0.016000
18:00:00.255327 0.202058 0.190805 0.248327 9608643.367221 0.016000
18:00:00.607988 0.168761 0.188050 0.253235 11577270.975253 0.016000
18:00:00.812425 0.204268 0.190077 0.255184 9625003.452908 0.016000
18:00:01.018823 0.206257 0.192099 0.257110 9591767.944515 0.016000
18:00:01.226049 0.207084 0.193973 0.257715 9612797.569604 0.016000
18:00:01.435038 0.208851 0.195832 0.258517 9590307.620888 0.016000
18:00:01.644815 0.209611 0.197555 0.258347 9614154.725728 0.016000
18:00:01.856324 0.211361 0.199280 0.258681 9592690.506254 0.016000
18:00:02.068578 0.212114 0.200885 0.258268 9616571.148439 0.016000
18:00:02.459778 0.178432 0.198078 0.263569 11500718.148878 0.016000
18:00:02.674609 0.214684 0.200154 0.265878 9615918.783648 0.016000
18:00:02.891280 0.216532 0.202201 0.267872 9590601.283513 0.016000
18:00:03.108666 0.217248 0.204082 0.268382 9615545.660790 0.016000
18:00:03.327929 0.219110 0.205960 0.269214 9589922.342197 0.016000
18:00:03.547873 0.219801 0.207691 0.268971 9615681.864369 0.016000
18:00:03.769642 0.221623 0.209432 0.269325 9592065.134926 0.016000
18:00:03.992188 0.222403 0.211053 0.268944 9613691.436280 0.016000
18:00:04.417111 0.182895 0.207534 0.279110 11757569.342877 0.016000
18:00:04.642164 0.224901 0.209705 0.280754 9616179.455755 0.016000
18:00:04.869128 0.226815 0.211843 0.282241 9589207.685552 0.016000
18:00:05.096799 0.227508 0.213801 0.282264 9614006.300583 0.016000
18:00:05.326167 0.229223 0.215729 0.282498 9595685.755720 0.016000
18:00:05.556373 0.230070 0.217522 0.281939 9613774.915579 0.016000
18:00:05.788327 0.231814 0.219308 0.281913 9594454.546767 0.016000
18:00:06.125491 0.187823 0.215373 0.293812 11907036.514266 0.016000
18:00:06.359873 0.234227 0.217729 0.295413 9600535.191213 0.016000
18:00:06.595370 0.235318 0.219928 0.295779 9608242.989648 0.016000
18:00:06.832309 0.236792 0.222036 0.295789 9600320.785519 0.016000
18:00:07.073480 0.241027 0.224410 0.298715 9482617.684585 0.016000
18:00:07.309914 0.236293 0.225895 0.293507 9724611.246094 0.016000
18:00:07.550373 0.240315 0.227698 0.292827 9612984.540739 0.016000
18:00:08.002646 0.199060 0.224118 0.301602 11666997.031239 0.016000
18:00:08.245678 0.242854 0.226460 0.303309 9613682.106650 0.016000
18:00:08.490352 0.244526 0.228718 0.304421 9598188.253931 0.016000
18:00:08.735933 0.245441 0.230809 0.304309 9612478.702287 0.016000
18:00:08.983249 0.247179 0.232855 0.304350 9594600.265385 0.016000
