17:55:51.248213 0.000701 0.000701 0.003505 17530478.759184 0.016000
17:55:51.248884 0.000531 0.000680 0.002953 46286131.613830 0.016000
17:55:51.249966 0.000977 0.000717 0.002719 50307083.994143 0.016000
17:55:51.251449 0.001376 0.000799 0.002960 71446345.592792 0.016000
17:55:51.254216 0.002660 0.001032 0.004513 73918404.520617 0.016000
17:55:51.297687 0.010038 0.002158 0.013774 4896642.207211 0.016000
17:55:51.309636 0.011817 0.003365 0.021737 5199298.639335 0.016000
17:55:51.319030 0.009267 0.004103 0.023784 7955894.036687 0.016000
17:55:51.449674 0.058891 0.010951 0.080500 208656.465412 0.016000
17:55:51.452049 0.002266 0.009866 0.070713 10844735.939400 0.016000
17:55:51.481602 0.029414 0.012309 0.077493 1253283.370128 0.016000
17:55:51.487849 0.006104 0.011534 0.066626 8052434.583548 0.016000
17:55:51.497290 0.009284 0.011252 0.054821 6617823.260401 0.016000
17:55:51.514350 0.016924 0.011961 0.050310 4356380.155131 0.016000
17:55:51.533929 0.019452 0.012898 0.049150 4421940.148845 0.016000
17:55:51.556115 0.022042 0.014041 0.050374 4459842.083006 0.016000
17:55:51.580840 0.024582 0.015358 0.053150 4498874.622647 0.016000
17:55:51.616027 0.035057 0.017821 0.065863 3505141.971708 0.016000
17:55:51.637951 0.021784 0.018316 0.058311 6204901.915004 0.016000
17:55:51.670378 0.032290 0.020063 0.064033 4566617.619091 0.016000
17:55:51.705313 0.034776 0.021902 0.069593 4593516.417521 0.016000
17:55:51.744924 0.039463 0.024097 0.077426 4359319.150121 0.016000
17:55:51.782987 0.037919 0.025825 0.079644 4860881.977817 0.016000
17:55:51.825566 0.042436 0.027901 0.084876 4633060.025238 0.016000
17:55:51.871021 0.045306 0.030077 0.090213 4610783.353860 0.016000
17:55:51.900393 0.029226 0.029970 0.075923 7568039.091359 0.016000
17:55:51.925128 0.024588 0.029298 0.069145 9495413.932919 0.016000
17:55:51.951390 0.026120 0.028900 0.061964 9408901.018119 0.016000
17:55:52.003418 0.051893 0.031775 0.079564 4972694.211445 0.016000
17:55:52.125500 0.033160 0.031948 0.069176 8152479.930286 0.016000
17:55:52.182125 0.056439 0.035009 0.087421 5007607.969247 0.016000
17:55:52.243507 0.061235 0.038287 0.103822 4816073.093732 0.016000
17:55:52.308339 0.064683 0.041587 0.117134 4749318.793955 0.016000
17:55:52.374841 0.066353 0.044683 0.126109 4814968.456736 0.016000
17:55:52.444757 0.069770 0.047819 0.133976 4755274.978571 0.016000
17:55:52.516364 0.071471 0.050775 0.139046 4814038.087260 0.016000
17:55:52.591432 0.074922 0.053793 0.144143 4756301.174901 0.016000
17:55:52.668202 0.076627 0.056648 0.147244 4810835.902513 0.016000
17:55:52.748357 0.080017 0.059569 0.150885 4760583.029748 0.016000
17:55:52.832029 0.083535 0.062565 0.155018 4707203.055230 0.016000
17:55:52.915482 0.083308 0.065158 0.155241 4867528.809870 0.016000
17:55:53.002526 0.086902 0.067876 0.157183 4807627.737070 0.016000
17:55:53.092853 0.090173 0.070663 0.159940 4769498.310000 0.016000
17:55:53.184993 0.091994 0.073329 0.161619 4808658.969063 0.016000
17:55:53.280507 0.095376 0.076085 0.164349 4766984.669940 0.016000
17:55:53.377722 0.097077 0.078709 0.165899 4810042.702007 0.016000
17:55:53.478366 0.100501 0.081433 0.168617 4768438.607191 0.016000
17:55:53.580681 0.102175 0.084026 0.170156 4810570.226040 0.016000
17:55:53.686443 0.105622 0.086725 0.172919 4769912.958441 0.016000
17:55:53.798012 0.111429 0.089813 0.179162 4631613.950459 0.016000
17:55:53.905329 0.107159 0.091981 0.176339 4930845.719915 0.016000
17:55:54.017450 0.111979 0.094481 0.177747 4828333.551118 0.016000
17:55:54.133337 0.115733 0.097138 0.180839 4777897.733381 0.016000
17:55:54.250991 0.117508 0.099684 0.182830 4810296.445656 0.016000
17:55:54.378510 0.127377 0.103146 0.193198 4534066.976899 0.016000
17:55:54.443934 0.065279 0.098412 0.203818 9035431.564996 0.016000
17:55:54.659877 0.115729 0.100577 0.196948 5202771.243787 0.016000
17:55:54.787868 0.127836 0.103984 0.203522 4806158.303415 0.016000
17:55:54.918793 0.130783 0.107334 0.208786 4791821.215752 0.016000
17:55:55.051836 0.132904 0.110530 0.212189 4807799.211940 0.016000
17:55:55.194130 0.142157 0.114484 0.222355 4581298.449067 0.016000
17:55:55.326501 0.132228 0.116702 0.215349 5018245.104269 0.016000
17:55:55.468010 0.141365 0.119785 0.218433 4780821.948334 0.016000
17:55:55.612623 0.144476 0.122871 0.221549 4762924.642085 0.016000
17:55:55.761750 0.148984 0.126135 0.226257 4701284.767195 0.016000
17:55:55.906364 0.144472 0.128427 0.221855 4933167.488256 0.016000
17:55:56.058138 0.151628 0.131327 0.224599 4781385.474199 0.016000
17:55:56.275904 0.217624 0.142114 0.298365 3387858.714479 0.016000
17:55:56.373516 0.097467 0.136533 0.298369 7690484.143266 0.016000
17:55:56.528751 0.155090 0.138853 0.278786 4912352.255707 0.016000
17:55:56.689442 0.160532 0.141563 0.268192 4822365.703939 0.016000
17:55:56.852226 0.162630 0.144196 0.260235 4835710.554342 0.016000
17:55:56.979644 0.127270 0.142081 0.246036 6275792.448010 0.016000
17:55:57.151387 0.171609 0.145772 0.253266 4725908.053061 0.016000
17:55:57.331376 0.179847 0.150031 0.264728 4577757.709107 0.016000
17:55:57.517270 0.185762 0.154497 0.276251 4498144.514782 0.016000
17:55:57.710057 0.192619 0.159263 0.288699 4401812.250852 0.016000
17:55:57.908679 0.198485 0.164165 0.300465 4333629.461698 0.016000
17:55:58.114253 0.205439 0.169325 0.312823 4246747.767940 0.016000
17:55:58.223684 0.109283 0.161819 0.329485 8095826.792877 0.016000
17:55:58.522183 0.169821 0.162820 0.296570 5282172.838102 0.016000
17:55:58.743778 0.221429 0.170146 0.329068 4106564.763925 0.016000
17:55:58.974347 0.230414 0.177679 0.357139 3999758.456830 0.016000
17:55:59.206806 0.232304 0.184507 0.373727 4020114.038703 0.016000
17:55:59.448149 0.241197 0.191594 0.390198 3922833.084735 0.016000
17:55:59.695494 0.247198 0.198544 0.403102 3877311.278535 0.016000
17:55:59.949753 0.254114 0.205490 0.414479 3820141.445001 0.016000
17:56:00.209747 0.259854 0.212286 0.423391 3783046.263727 0.016000
17:56:00.394861 0.184980 0.208873 0.394507 5380735.506716 0.016000
17:56:00.581641 0.186641 0.206094 0.367551 5398685.816780 0.016000
17:56:00.773278 0.191444 0.204262 0.340005 5327422.929501 0.016000
17:56:00.963605 0.190177 0.202502 0.318394 5427534.330878 0.016000
17:56:01.159943 0.196191 0.201713 0.294943 5323789.644871 0.016000
17:56:01.361966 0.201876 0.201733 0.271819 5234740.099219 0.016000
17:56:01.556308 0.194189 0.200790 0.260899 5505239.318766 0.016000
17:56:01.758424 0.201963 0.200937 0.247191 5354170.215556 0.016000
17:56:01.885685 0.127102 0.191707 0.300233 8604371.890153 0.016000
17:56:02.371361 0.239271 0.197653 0.326611 4622040.883521 0.016000
17:56:02.582618 0.211071 0.199330 0.309467 5297780.953751 0.016000
17:56:02.793962 0.211196 0.200813 0.295281 5352830.027301 0.016000
17:56:03.009916 0.215796 0.202686 0.288520 5295668.283041 0.016000
17:56:03.227200 0.217130 0.204492 0.283311 5319726.839076 0.016000
17:56:03.448076 0.220717 0.206520 0.281859 5288945.786289 0.016000
17:56:03.675470 0.227240 0.209110 0.286335 5191196.777082 0.016000
17:56:03.896683 0.221063 0.210604 0.280476 5391840.997993 0.016000
17:56:04.149136 0.252319 0.215818 0.309937 4772627.794425 0.016000
17:56:04.417751 0.268474 0.222400 0.345645 4531208.004220 0.016000
17:56:04.694880 0.276984 0.229223 0.376240 4436357.713287 0.016000
17:56:04.962344 0.267317 0.233985 0.382342 4642756.491209 0.016000
17:56:05.467005 0.122040 0.219992 0.443204 5135101.841965 0.016000
17:56:05.558804 0.091655 0.203950 0.499696 6971533.346090 0.016000
17:56:05.706362 0.147412 0.196883 0.475230 4417983.118396 0.016000
17:56:05.797105 0.090602 0.183598 0.498638 7323798.943215 0.016000
17:56:05.947231 0.149984 0.179396 0.449290 4506084.166606 0.016000
17:56:06.212934 0.149043 0.175602 0.408375 4616973.731807 0.016000
17:56:06.368050 0.154955 0.173021 0.368248 4520127.814872 0.016000
17:56:06.477258 0.109068 0.165027 0.375400 6534497.223860 0.016000
17:56:06.632446 0.155026 0.163777 0.331557 4676577.326946 0.016000
17:56:06.747567 0.114981 0.157677 0.332308 6412193.406364 0.016000
17:56:06.895414 0.147694 0.156429 0.297386 5075138.037548 0.016000
17:56:07.024849 0.129290 0.153037 0.285893 5892608.768545 0.016000
17:56:07.230274 0.205288 0.159568 0.311462 3771011.224525 0.016000
17:56:07.383485 0.153070 0.158756 0.279175 5137728.743451 0.016000
17:56:07.591838 0.208202 0.164937 0.304697 3836276.502218 0.016000
17:56:07.814474 0.222494 0.172131 0.334509 3645076.015671 0.016000
17:56:08.042124 0.227505 0.179053 0.356210 3618804.481107 0.016000
17:56:08.276677 0.234406 0.185972 0.374192 3564686.995673 0.016000
17:56:08.521689 0.244863 0.193334 0.393389 3462641.192301 0.016000
17:56:08.686289 0.164451 0.189723 0.368647 5230490.300424 0.016000
17:56:08.898583 0.212150 0.192527 0.349146 4112413.773323 0.016000
17:56:09.073511 0.174774 0.190308 0.325525 5062166.797276 0.016000
17:56:09.248533 0.174862 0.188377 0.305235 5129899.418748 0.016000
17:56:09.425717 0.177037 0.186959 0.285943 5136282.227048 0.016000
17:56:09.606572 0.180702 0.186177 0.266672 5100103.660545 0.016000
17:56:09.960249 0.227945 0.191398 0.293537 4096990.988057 0.016000
17:56:10.146565 0.186152 0.190742 0.272592 5082808.043638 0.016000
17:56:10.335899 0.189196 0.190549 0.253483 5065981.542413 0.016000
17:56:10.528608 0.192569 0.190802 0.240022 5041060.151082 0.016000
17:56:10.725579 0.196825 0.191555 0.234493 4994486.791934 0.016000
17:56:10.920987 0.195240 0.192015 0.227905 5097971.185245 0.016000
17:56:11.120506 0.199355 0.192933 0.227189 5054383.241461 0.016000
17:56:11.323380 0.202718 0.194156 0.229634 5031146.232529 0.016000
17:56:11.528094 0.204571 0.195458 0.232481 5045641.641252 0.016000
17:56:11.736184 0.207951 0.197019 0.237280 5022720.035221 0.016000
17:56:11.945991 0.209666 0.198600 0.241443 5040244.631269 0.016000
17:56:12.161113 0.214981 0.200648 0.249160 4972791.114770 0.016000
17:56:12.374078 0.212815 0.202169 0.250720 5081144.490238 0.016000
17:56:12.592393 0.218168 0.204169 0.256582 5012797.011930 0.016000
17:56:12.744059 0.151518 0.197587 0.289548 7298929.651604 0.016000
17:56:12.941972 0.197773 0.197611 0.266766 5653997.838789 0.016000
17:56:13.164409 0.222292 0.200696 0.277244 5085636.336591 0.016000
17:56:13.460962 0.192160 0.199629 0.265576 5947040.120619 0.016000
17:56:13.692370 0.231251 0.203582 0.284664 4994884.317113 0.016000
17:56:13.924803 0.232288 0.207170 0.296688 5025482.960811 0.016000
17:56:14.201199 0.276253 0.215805 0.352027 4270172.863462 0.016000
17:56:14.514197 0.312862 0.227937 0.427160 3809782.930036 0.016000
17:56:14.788993 0.274646 0.233776 0.429902 4384643.699278 0.016000
17:56:15.011302 0.222171 0.232325 0.391024 5475564.437361 0.016000
17:56:15.293469 0.282022 0.238537 0.407258 4357106.902271 0.016000
17:56:15.621416 0.327799 0.249695 0.465498 3786124.089110 0.016000
17:56:15.900014 0.278455 0.253290 0.443902 4501179.416747 0.016000
17:56:16.130179 0.230033 0.250383 0.416599 5502093.715939 0.016000
17:56:16.449148 0.318833 0.258939 0.452051 4008219.048344 0.016000
17:56:16.652875 0.203581 0.252019 0.452211 6337720.119033 0.016000
17:56:16.913578 0.260557 0.253087 0.411768 4999014.874354 0.016000
17:56:17.174270 0.260546 0.254019 0.380489 5046387.802502 0.016000
17:56:17.514596 0.231560 0.251212 0.368524 5731145.477569 0.016000
17:56:17.787943 0.273179 0.253958 0.363909 4902986.331035 0.016000
17:56:18.061727 0.273641 0.256418 0.358565 4939612.985529 0.016000
17:56:18.338459 0.276585 0.258939 0.355716 4931462.922220 0.016000
17:56:18.616174 0.277572 0.261268 0.352484 4958196.120688 0.016000
17:56:18.898433 0.282108 0.263873 0.353125 4922028.666353 0.016000
17:56:19.181522 0.282940 0.266256 0.352262 4950983.462155 0.016000
17:56:19.451051 0.269384 0.266647 0.334279 5245747.654596 0.016000
17:56:19.745413 0.294213 0.270093 0.348383 4844815.579041 0.016000
17:56:20.031814 0.286253 0.272113 0.346990 5022466.570593 0.016000
17:56:20.331510 0.299555 0.275543 0.359143 4840462.846249 0.016000
17:56:20.516260 0.184608 0.264176 0.417811 7920957.583331 0.016000
17:56:21.465349 0.328036 0.272159 0.451245 2247557.716114 0.016000
17:56:21.700582 0.235069 0.267523 0.438927 3188714.307985 0.016000
17:56:21.864556 0.163823 0.254560 0.486813 4650485.674652 0.016000
17:56:22.160244 0.295530 0.259681 0.474841 2619512.106710 0.016000
17:56:22.291815 0.131389 0.243645 0.533307 5985528.336514 0.016000
17:56:22.572577 0.280597 0.248264 0.502462 2846502.568066 0.016000
17:56:22.827663 0.254924 0.249096 0.446406 3181370.967709 0.016000
17:56:23.091336 0.263299 0.250872 0.413056 3126848.322447 0.016000
17:56:23.345118 0.253543 0.251206 0.375515 3295631.625726 0.016000
17:56:23.612034 0.266764 0.253150 0.361941 3178360.785644 0.016000
17:56:23.880111 0.267923 0.254997 0.351362 3210476.110024 0.016000
17:56:24.153650 0.273368 0.257293 0.347939 3191476.750773 0.016000
17:56:24.429990 0.276187 0.259655 0.346533 3203395.461843 0.016000
17:56:24.711346 0.281195 0.262348 0.349046 3190043.344547 0.016000
17:56:24.990440 0.278885 0.264415 0.345976 3260528.053400 0.016000
17:56:25.275716 0.285124 0.267003 0.348883 3232277.166345 0.016000
17:56:25.564990 0.289128 0.269769 0.353304 3230015.044189 0.016000
17:56:25.865700 0.300566 0.273619 0.367067 3147981.249185 0.016000
17:56:26.159054 0.293182 0.276064 0.365713 3269178.664819 0.016000
17:56:26.704138 0.315946 0.281049 0.388168 3072524.058432 0.016000
17:56:26.985476 0.281179 0.281065 0.361535 3496136.519405 0.016000
17:56:27.193392 0.207635 0.271887 0.405669 4793644.402368 0.016000
17:56:27.476568 0.283025 0.273279 0.384754 3560165.731972 0.016000
17:56:27.794697 0.317980 0.278867 0.407174 3207446.494402 0.016000
17:56:28.119558 0.324694 0.284595 0.426653 3178969.306332 0.016000
17:56:28.440045 0.320331 0.289062 0.431341 3260628.731710 0.016000
17:56:28.766066 0.325872 0.293663 0.437183 3242893.468036 0.016000
17:56:29.065180 0.298966 0.294326 0.407268 3575845.570909 0.016000
17:56:29.372143 0.306513 0.295849 0.392743 3527888.700667 0.016000
17:56:30.073040 0.323173 0.299265 0.399259 3384044.595170 0.016000
17:56:30.418251 0.345042 0.304987 0.425760 3205175.112461 0.016000
17:56:30.769817 0.351380 0.310786 0.447759 3182331.523198 0.016000
17:56:31.121028 0.351041 0.315818 0.458802 3220409.430752 0.016000
17:56:31.476824 0.355608 0.320792 0.467820 3213606.115565 0.016000
17:56:31.840894 0.363841 0.326173 0.479493 3174660.963454 0.016000
17:56:32.202508 0.361447 0.330582 0.480847 3229684.270078 0.016000
17:56:32.648493 0.445837 0.344989 0.572942 2645917.554553 0.016000
17:56:32.977487 0.328848 0.342971 0.530077 3624581.619317 0.016000
17:56:33.351006 0.373385 0.346773 0.517516 3225154.071666 0.016000
17:56:34.192606 0.445665 0.359135 0.586084 2729654.941486 0.016000
17:56:34.578811 0.386057 0.362500 0.559634 3182950.492330 0.016000
17:56:34.972161 0.393159 0.366332 0.544842 3156708.292856 0.016000
17:56:35.382106 0.409751 0.371760 0.549061 3058871.019442 0.016000
17:56:35.812486 0.430230 0.379068 0.570515 2941831.781867 0.016000
17:56:36.214167 0.401535 0.381877 0.547928 3182666.246323 0.016000
17:56:36.646205 0.431892 0.388129 0.562682 2987414.085982 0.016000
17:56:37.092093 0.445731 0.395329 0.583846 2922229.372239 0.016000
17:56:37.519415 0.427172 0.399309 0.572540 3077954.939760 0.016000
17:56:38.064970 0.359091 0.394282 0.564424 3695731.275187 0.016000
17:56:38.436371 0.371233 0.391401 0.542056 3607955.243438 0.016000
17:56:38.871977 0.435430 0.396905 0.553925 3104241.428266 0.016000
17:56:39.580011 0.153610 0.366493 0.727553 4399713.815986 0.016000
17:56:39.749924 0.169758 0.341901 0.809431 4053585.906654 0.016000
17:56:39.973885 0.223789 0.327137 0.795896 3129805.633970 0.016000
17:56:40.190854 0.216811 0.313346 0.775242 3287214.171131 0.016000
17:56:40.364591 0.173588 0.295876 0.782056 4176514.731304 0.016000
17:56:40.590279 0.225537 0.287084 0.722058 3269000.552999 0.016000
17:56:40.798868 0.208446 0.277254 0.682123 3595981.247180 0.016000
17:56:41.010908 0.211891 0.269084 0.638099 3595510.099438 0.016000
17:56:41.272002 0.260943 0.268066 0.552968 2966717.597472 0.016000
17:56:41.500095 0.227937 0.263050 0.516856 3450216.762874 0.016000
17:56:41.782832 0.282586 0.265492 0.475382 2826468.394357 0.016000
17:56:42.348626 0.316908 0.271919 0.480753 2559126.592155 0.016000
17:56:42.677688 0.327899 0.278917 0.491522 2510822.089295 0.016000
17:56:43.095002 0.416992 0.296176 0.593705 2003837.248754 0.016000
17:56:43.513607 0.418450 0.311460 0.656881 2026221.163330 0.016000
17:56:43.930035 0.416234 0.324557 0.688396 2066529.803117 0.016000
17:56:44.397557 0.467361 0.342407 0.758091 1866753.119463 0.016000
17:56:44.796361 0.398608 0.349433 0.717396 2219564.254044 0.016000
17:56:45.224538 0.427957 0.359248 0.713745 2096060.769019 0.016000
17:56:45.674161 0.449468 0.370526 0.726619 2023084.458063 0.016000
17:56:46.112707 0.438345 0.379003 0.713892 2102453.760568 0.016000
17:56:46.561390 0.448536 0.387695 0.708394 2082080.743249 0.016000
17:56:47.644589 0.497103 0.401371 0.751304 1903380.277278 0.016000
17:56:48.123482 0.478721 0.411039 0.750840 2002135.259187 0.016000
17:56:48.597122 0.473491 0.418846 0.736148 2050200.757016 0.016000
17:56:49.067829 0.470560 0.425310 0.715001 2089085.017247 0.016000
17:56:49.542002 0.474025 0.431400 0.697382 2099737.306622 0.016000
17:56:49.981430 0.439290 0.432386 0.639763 2293737.378272 0.016000
17:56:50.425687 0.444020 0.433840 0.601007 2296977.443514 0.016000
17:56:51.561003 0.440408 0.434661 0.566604 2343717.689357 0.016000
17:56:52.056960 0.495790 0.442302 0.602389 2106698.380433 0.016000
17:56:52.617523 0.560371 0.457061 0.695194 1885836.609903 0.016000
17:56:53.165389 0.547712 0.468392 0.737643 1951858.448081 0.016000
17:56:54.114971 0.479622 0.469796 0.682964 2254574.887657 0.016000
17:56:54.609527 0.494384 0.472869 0.657334 2212110.198909 0.016000
17:56:55.116337 0.506660 0.477093 0.649232 2182765.629099 0.016000
17:56:55.674104 0.557615 0.487158 0.696784 2005340.452304 0.016000
17:56:56.206868 0.532599 0.492839 0.695498 2122602.668710 0.016000
17:56:56.776640 0.569616 0.502436 0.731208 2006236.340216 0.016000
17:56:57.583072 0.513814 0.503858 0.686815 2248035.401685 0.016000
17:56:58.140155 0.556922 0.510491 0.700773 2096092.605608 0.016000
17:56:58.713651 0.573347 0.518348 0.723916 2057476.207918 0.016000
17:56:59.729160 0.290837 0.489909 0.871596 2028022.224287 0.016000
17:57:00.029532 0.300224 0.466198 0.942149 2005542.088821 0.016000
17:57:00.333481 0.303803 0.445899 0.965257 2022363.395336 0.016000
17:57:00.493397 0.159766 0.410132 1.085784 3922537.721815 0.016000
17:57:00.865768 0.372217 0.405393 0.950047 1716675.202476 0.016000
17:57:01.463710 0.336472 0.396778 0.874189 1935566.505716 0.016000
17:57:01.700841 0.236969 0.376802 0.894669 2800163.803735 0.016000
17:57:02.062740 0.361752 0.374921 0.778371 1868242.285696 0.016000
17:57:02.313076 0.250187 0.359329 0.786650 2750455.537577 0.016000
17:57:02.581505 0.268280 0.347948 0.759488 2610764.587419 0.016000
17:57:02.928540 0.346886 0.347815 0.657532 2054577.484383 0.016000
17:57:03.244955 0.316266 0.343871 0.607708 2292348.411605 0.016000
17:57:03.441475 0.196366 0.325433 0.670816 3754620.101188 0.016000
17:57:03.830297 0.388666 0.333337 0.655607 1928565.156247 0.016000
17:57:04.111940 0.281507 0.326859 0.620391 2706348.185967 0.016000
17:57:04.872947 0.413415 0.337678 0.644384 1872559.254029 0.016000
17:57:05.368078 0.494953 0.357337 0.744642 1588902.646760 0.016000
17:57:05.798812 0.430581 0.366493 0.730215 1854982.616641 0.016000
17:57:06.289401 0.490421 0.381984 0.778703 1653697.346070 0.016000
17:57:06.707594 0.418030 0.386490 0.720075 1969466.195178 0.016000
17:57:07.056785 0.348998 0.381803 0.669484 2394236.737662 0.016000
17:57:07.563851 0.506917 0.397442 0.738317 1672605.180545 0.016000
17:57:07.999637 0.435645 0.402218 0.696076 1974452.286793 0.016000
17:57:08.583912 0.584131 0.424957 0.827264 1493582.768893 0.016000
17:57:09.283373 0.469051 0.430469 0.776293 1886225.098391 0.016000
17:57:09.676162 0.392632 0.425739 0.722944 2284643.082172 0.016000
17:57:10.125685 0.449375 0.428694 0.675233 2023504.141705 0.016000
17:57:10.509152 0.383317 0.423021 0.653303 2404276.395555 0.016000
17:57:10.802308 0.292970 0.406765 0.709527 3187655.475276 0.016000
17:57:11.280278 0.477823 0.415647 0.713777 1980180.866810 0.016000
17:57:11.766399 0.485973 0.424438 0.718361 1972257.232090 0.016000
17:57:12.205347 0.438763 0.426229 0.660996 2212475.104185 0.016000
17:57:13.023001 0.609436 0.449130 0.808412 1613032.284427 0.016000
17:57:13.624075 0.600908 0.468102 0.889342 1656373.241974 0.016000
17:57:14.203105 0.578615 0.481916 0.908359 1741427.523928 0.016000
17:57:14.728622 0.525358 0.487346 0.850621 1941350.611282 0.016000
17:57:15.143342 0.414561 0.478248 0.823489 2489843.273283 0.016000
17:57:15.593872 0.449821 0.474695 0.762053 2321990.326912 0.016000
17:57:16.074037 0.480014 0.475360 0.696197 2201536.488649 0.016000
17:57:17.116230 0.528965 0.482060 0.701294 2021033.541730 0.016000
17:57:17.614878 0.498485 0.484113 0.664963 2169260.475941 0.016000
17:57:18.104328 0.489047 0.484730 0.625301 2236251.090637 0.016000
17:57:18.613522 0.509024 0.487767 0.617489 2172628.808923 0.016000
17:57:19.129634 0.515966 0.491292 0.616782 2167212.826302 0.016000
17:57:19.548963 0.419178 0.482277 0.648509 2696936.906607 0.016000
17:57:20.462727 0.567310 0.492907 0.702613 2014390.384390 0.016000
17:57:21.004651 0.541760 0.499013 0.705147 2132073.369470 0.016000
17:57:21.575044 0.570243 0.507917 0.733747 2047127.701737 0.016000
17:57:22.125241 0.550046 0.513183 0.724684 2144635.304237 0.016000
17:57:22.824494 0.699052 0.536417 0.880912 1705074.640103 0.016000
17:57:23.386492 0.561845 0.539595 0.823395 2143339.129988 0.016000
17:57:24.337600 0.610177 0.548418 0.831849 1993703.335347 0.016000
17:57:24.822691 0.484927 0.540482 0.816546 2533988.724893 0.016000
17:57:25.595037 0.772200 0.569446 1.008213 1607210.343312 0.016000
17:57:26.147334 0.552148 0.567284 0.913657 2269999.646054 0.016000
17:57:27.028309 0.880829 0.606477 1.179802 1436900.763130 0.016000
17:57:27.732438 0.703986 0.618666 1.146168 1815309.008985 0.016000
17:57:28.950525 0.835174 0.645729 1.257864 1544875.964776 0.016000
17:57:29.858536 0.907746 0.678481 1.399599 1434903.852198 0.016000
17:57:30.577628 0.718943 0.683539 1.264839 1828817.837132 0.016000
17:57:31.158243 0.580464 0.670655 1.209705 2286281.767757 0.016000
17:57:32.020774 0.862300 0.694610 1.290543 1553278.157585 0.016000
17:57:32.757397 0.736462 0.699842 1.188643 1835369.950167 0.016000
17:57:34.087728 0.688317 0.698401 1.076527 1981599.107129 0.016000
17:57:34.832204 0.744303 0.704139 1.033635 1849053.439381 0.016000
17:57:35.647452 0.815095 0.718008 1.076087 1703536.506664 0.016000
17:57:36.420526 0.772798 0.724857 1.048205 1812675.913926 0.016000
17:57:37.806499 0.823674 0.737209 1.078537 1715630.288853 0.016000
17:57:38.589041 0.782279 0.742843 1.043909 1822122.252317 0.016000
17:57:39.359441 0.770247 0.746268 0.999472 1866538.957666 0.016000
17:57:40.294162 0.934568 0.769806 1.148008 1551501.989390 0.016000
17:57:41.092757 0.795902 0.773068 1.082816 1837251.288080 0.016000
17:57:42.513211 0.818996 0.778809 1.057048 1800447.933897 0.016000
17:57:43.442256 0.928860 0.797565 1.156296 1600723.555173 0.016000
17:57:44.259685 0.817280 0.800030 1.088792 1834299.017201 0.016000
17:57:45.196310 0.936476 0.817085 1.170104 1613948.475545 0.016000
17:57:46.048982 0.852523 0.821515 1.121716 1787297.048765 0.016000
17:57:47.440044 0.892067 0.830334 1.126037 1721843.848621 0.016000
17:57:48.364566 0.924353 0.842086 1.157883 1674996.234619 0.016000
17:57:49.346815 0.982103 0.859589 1.236452 1589014.803006 0.016000
17:57:50.614711 1.003129 0.877531 1.303719 1567957.851366 0.016000
17:57:51.574651 0.959769 0.887811 1.289690 1651597.397484 0.016000
17:57:52.561968 0.987123 0.900225 1.300946 1618278.552625 0.016000
17:57:53.955792 1.124527 0.928263 1.453106 1431471.216033 0.016000
17:57:54.830676 0.874645 0.921560 1.368810 1854484.973632 0.016000
17:57:57.423013 1.128476 0.947425 1.489778 1448240.049729 0.016000
17:57:58.578298 1.155124 0.973387 1.587851 1425467.804864 0.016000
17:57:59.428210 0.849767 0.957935 1.542403 1952158.720200 0.016000
17:58:00.757417 0.933276 0.954852 1.417862 1790646.801199 0.016000
17:58:01.819992 1.062401 0.968296 1.423102 1584576.737790 0.016000
17:58:02.924126 1.103981 0.985257 1.462046 1536026.410101 0.016000
17:58:04.395490 1.087907 0.998088 1.458330 1570016.789289 0.016000
17:58:05.476474 1.080822 1.008430 1.436345 1591677.458803 0.016000
17:58:07.496288 1.175730 1.029342 1.517579 1473644.471714 0.016000
17:58:08.590022 1.093566 1.037370 1.467772 1595601.997839 0.016000
17:58:09.990101 1.142724 1.050539 1.478694 1537715.414625 0.016000
17:58:10.904588 0.914313 1.033511 1.490854 1935302.078378 0.016000
17:58:13.052731 1.140198 1.046847 1.496541 1562675.966800 0.016000
17:58:14.153167 1.100265 1.053524 1.444213 1630559.871899 0.016000
17:58:16.385152 1.201987 1.072082 1.513561 1502791.890455 0.016000
17:58:17.596809 1.211442 1.089502 1.559971 1501206.008573 0.016000
17:58:19.796245 1.172462 1.099872 1.535684 1561596.044065 0.016000
17:58:20.693584 0.897180 1.074536 1.604086 2054437.052537 0.016000
17:58:22.407123 1.122495 1.080530 1.525653 1653003.448398 0.016000
17:58:23.523753 1.116470 1.085023 1.454804 1672929.711702 0.016000
17:58:25.773395 1.083352 1.084814 1.363821 1735413.647340 0.016000
17:58:26.821464 1.047903 1.080200 1.326367 1805846.839400 0.016000
17:58:28.052765 1.226547 1.098494 1.429465 1552847.135629 0.016000
17:58:30.361102 0.990802 1.085032 1.440952 1934723.490633 0.016000
17:58:31.611691 1.250427 1.105706 1.538042 1542845.754417 0.016000
17:58:32.803885 1.192003 1.116494 1.527041 1628774.408234 0.016000
17:58:34.036837 1.232411 1.130983 1.554812 1585341.065830 0.016000
17:58:35.482981 1.112523 1.128676 1.465007 1767226.260071 0.016000
17:58:36.573410 1.089943 1.123834 1.414816 1815111.545460 0.016000
17:58:37.744982 1.171423 1.129783 1.395608 1699348.630458 0.016000
17:58:39.002949 1.257796 1.145784 1.473166 1592423.510476 0.016000
17:58:41.529530 0.650326 1.083852 1.824847 1549401.344837 0.016000
17:58:42.115406 0.585697 1.021583 2.075484 1741351.094592 0.016000
17:58:42.672601 0.557043 0.963515 2.218481 1852984.168162 0.016000
17:58:43.329632 0.656884 0.925186 2.173042 1590052.538271 0.016000
17:58:44.041029 0.711248 0.898444 2.048274 1485794.149710 0.016000
17:58:45.221733 0.583024 0.859017 2.036809 1833639.703042 0.016000
17:58:45.775038 0.553142 0.820782 2.010001 1954911.870099 0.016000
17:58:46.369175 0.593761 0.792405 1.911340 1841872.504784 0.016000
17:58:47.051316 0.681660 0.778561 1.728508 1622392.545206 0.016000
17:58:47.737140 0.685662 0.766949 1.572308 1630844.277735 0.016000
17:58:48.454931 0.717632 0.760784 1.414121 1575314.769265 0.016000
17:58:49.487627 0.602456 0.740993 1.389324 1896875.914847 0.016000
17:58:50.184071 0.696245 0.735400 1.266396 1659002.326122 0.016000
17:58:50.888837 0.704606 0.731551 1.160592 1656755.558238 0.016000
17:58:51.614912 0.725823 0.730835 1.058343 1625255.910837 0.016000
17:58:52.569998 0.954927 0.758846 1.228570 1248195.977719 0.016000
17:58:53.476570 0.906423 0.777293 1.277163 1328545.147158 0.016000
17:58:54.604205 0.830978 0.784004 1.212591 1463951.840949 0.016000
17:58:55.379864 0.775501 0.782941 1.112884 1584524.042799 0.016000
17:58:56.236683 0.856652 0.792155 1.113323 1448765.623596 0.016000
17:58:56.950765 0.713919 0.782375 1.101488 1755627.925360 0.016000
