17:56:42.052213 0.127841 0.127841 0.639205 96119.401482 0.016000
17:56:42.275682 0.223287 0.139772 0.618741 110064.690837 0.016000
17:56:42.363509 0.087663 0.133258 0.544594 560693.066641 0.016000
17:56:42.514261 0.150597 0.135426 0.461266 652761.593313 0.016000
17:56:42.729736 0.215329 0.145413 0.469697 913058.911075 0.016000
17:56:43.060454 0.330571 0.168558 0.596929 1189505.661074 0.016000
17:56:43.508171 0.447567 0.203434 0.803721 1757126.920555 0.016000
17:56:43.913365 0.405020 0.228632 0.880433 1972050.769983 0.016000
17:56:44.387466 0.473939 0.259296 0.993453 1711206.909207 0.016000
17:56:45.050572 0.450561 0.283204 1.025087 1827268.482733 0.016000
17:56:45.490729 0.439976 0.302800 1.015985 1899158.235420 0.016000
17:56:45.939763 0.448839 0.321055 1.001982 1889033.920752 0.016000
17:56:47.023574 0.413131 0.332565 0.935336 2082051.462831 0.016000
17:56:47.381855 0.358100 0.335757 0.813370 2436323.852427 0.016000
17:56:47.845483 0.463478 0.351722 0.837653 1908905.776095 0.016000
17:56:48.309736 0.464038 0.365761 0.842526 1933083.503037 0.016000
17:56:48.756204 0.446323 0.375832 0.813967 2037341.044911 0.016000
17:56:49.562924 0.467528 0.387294 0.807592 1971218.394303 0.016000
17:56:49.981019 0.417927 0.391123 0.736980 2234571.923394 0.016000
17:56:50.444565 0.463394 0.400157 0.731820 2041839.449430 0.016000
17:56:50.828038 0.383316 0.398052 0.663640 2500453.672386 0.016000
17:56:51.230814 0.402630 0.398624 0.602394 2411026.951015 0.016000
17:56:52.079261 0.494954 0.410665 0.659823 1986123.524876 0.016000
17:56:52.640110 0.560690 0.429418 0.766311 1775183.627076 0.016000
17:56:53.177432 0.537180 0.442889 0.803320 1875751.330287 0.016000
17:56:53.623234 0.442372 0.442824 0.713664 2305535.514889 0.016000
17:56:54.082851 0.459412 0.444897 0.664616 2246767.128355 0.016000
17:56:55.149748 0.533582 0.455983 0.709456 1957487.423808 0.016000
17:56:55.705311 0.555357 0.468405 0.757884 1902862.553737 0.016000
17:56:56.238499 0.533034 0.476483 0.758222 2005605.321728 0.016000
17:56:56.809950 0.571299 0.488335 0.794455 1892781.725980 0.016000
17:56:57.420573 0.610437 0.503598 0.855289 1791555.431144 0.016000
17:56:57.991214 0.570406 0.511949 0.842525 1938829.671133 0.016000
17:56:58.748244 0.563934 0.518447 0.818364 1982870.027338 0.016000
17:56:59.343365 0.594968 0.528012 0.829471 1900095.210168 0.016000
17:56:59.886827 0.543301 0.529923 0.771306 2103409.122353 0.016000
17:57:00.422365 0.535248 0.530589 0.716951 2158012.568363 0.016000
17:57:01.010844 0.588310 0.537804 0.735296 1984259.987915 0.016000
17:57:01.595974 0.584981 0.543701 0.738997 2016557.924555 0.016000
17:57:02.553952 0.694025 0.562492 0.859287 1717425.656613 0.016000
17:57:03.363106 0.809007 0.593306 1.062418 1488521.242824 0.016000
17:57:04.200620 0.837380 0.623815 1.219723 1452759.502062 0.016000
17:57:04.913618 0.712861 0.634946 1.170923 1723758.060386 0.016000
17:57:05.691914 0.778142 0.652846 1.198024 1594937.735312 0.016000
17:57:06.298022 0.605911 0.646979 1.102797 2068580.973018 0.016000
17:57:07.042429 0.744250 0.659138 1.098273 1700589.720454 0.016000
17:57:07.991742 0.790346 0.675539 1.136098 1616952.765036 0.016000
17:57:08.713636 0.721729 0.681312 1.072923 1787706.920785 0.016000
17:57:09.298672 0.584895 0.669260 1.059385 2226942.787426 0.016000
17:57:09.710227 0.411402 0.637028 1.187480 3195939.838175 0.016000
17:57:10.516975 0.806603 0.658225 1.240639 1645299.710008 0.016000
17:57:12.299918 0.219650 0.603403 1.478789 3020951.099296 0.016000
17:57:12.582790 0.282707 0.563316 1.540551 2390600.471731 0.016000
17:57:12.842050 0.259119 0.525291 1.562415 2655644.357239 0.016000
17:57:13.174201 0.332000 0.501130 1.472264 2109686.637906 0.016000
17:57:13.441953 0.267604 0.471939 1.433816 2663279.827742 0.016000
17:57:13.756333 0.314233 0.452226 1.331340 2307179.229544 0.016000
17:57:14.083299 0.326818 0.436550 1.221293 2255932.923434 0.016000
17:57:14.298591 0.215145 0.408874 1.218836 3484011.308569 0.016000
17:57:14.624663 0.325921 0.398505 1.088930 2337549.345414 0.016000
17:57:15.242636 0.446028 0.404446 0.969787 1735639.937724 0.016000
17:57:15.693635 0.450847 0.410246 0.880654 1744342.848628 0.016000
17:57:16.177236 0.483458 0.419397 0.845415 1652097.866563 0.016000
17:57:16.650065 0.472652 0.426054 0.798822 1715867.215769 0.016000
17:57:17.147875 0.497663 0.435005 0.786190 1654325.034282 0.016000
17:57:17.645601 0.497586 0.442828 0.768797 1679275.502203 0.016000
17:57:18.140574 0.494826 0.449328 0.745803 1713475.593769 0.016000
17:57:18.644420 0.503698 0.456124 0.732851 1707689.550411 0.016000
17:57:19.142555 0.497955 0.461353 0.710729 1752062.477170 0.016000
17:57:19.855829 0.473411 0.462860 0.661950 1868853.584879 0.016000
17:57:20.343164 0.487175 0.465899 0.639532 1841276.794738 0.016000
17:57:20.880599 0.537285 0.474823 0.676433 1692419.942006 0.016000
17:57:21.399557 0.518789 0.480318 0.675493 1776444.577494 0.016000
17:57:21.923008 0.523293 0.485690 0.675045 1784636.842587 0.016000
17:57:22.477384 0.554226 0.494257 0.704810 1707201.983962 0.016000
17:57:23.006561 0.529034 0.498604 0.691295 1811725.111104 0.016000
17:57:23.570019 0.563060 0.506661 0.715635 1724064.792383 0.016000
17:57:24.321334 0.505503 0.506516 0.664405 1944677.119996 0.016000
17:57:24.774341 0.444688 0.498788 0.679033 2238261.021304 0.016000
17:57:25.342867 0.568376 0.507486 0.712258 1772798.087900 0.016000
17:57:25.912290 0.569276 0.515210 0.730578 1791581.338323 0.016000
17:57:26.560622 0.648184 0.531832 0.826332 1592437.151253 0.016000
17:57:27.097746 0.536916 0.532467 0.758426 1945332.167218 0.016000
17:57:27.692395 0.594496 0.540221 0.771719 1777586.357422 0.016000
17:57:28.609457 0.497361 0.534863 0.751347 2149457.071950 0.016000
17:57:29.188096 0.578396 0.540305 0.746200 1869557.003463 0.016000
17:57:29.841425 0.653169 0.554413 0.821698 1674347.282669 0.016000
17:57:30.279516 0.437937 0.539854 0.856794 2525294.611608 0.016000
17:57:30.798871 0.519204 0.537272 0.795627 2153697.222266 0.016000
17:57:31.425295 0.626222 0.548391 0.831107 1805264.249993 0.016000
17:57:32.004498 0.579043 0.552223 0.794911 1973573.126808 0.016000
17:57:32.989980 0.514233 0.547474 0.767480 2246203.078512 0.016000
17:57:33.466711 0.476557 0.538609 0.774531 2449570.481378 0.016000
17:57:34.070189 0.599668 0.546242 0.784241 1967168.414709 0.016000
17:57:34.818017 0.747586 0.571410 0.951254 1594379.751692 0.016000
17:57:35.573838 0.755666 0.594442 1.063581 1593592.899589 0.016000
17:57:36.942796 0.798609 0.619963 1.175985 1523288.583130 0.016000
17:57:37.763756 0.820786 0.645066 1.262905 1497101.560030 0.016000
17:57:38.478600 0.714694 0.653769 1.186778 1736530.542904 0.016000
17:57:39.303930 0.825174 0.675195 1.246356 1518923.548858 0.016000
17:57:40.073398 0.769314 0.686960 1.209450 1645185.082595 0.016000
17:57:41.006773 0.933101 0.717727 1.355736 1369574.952004 0.016000
17:57:41.927991 0.775137 0.724904 1.260820 1664531.672683 0.016000
17:57:42.740469 0.812315 0.735830 1.225179 1603476.509177 0.016000
17:57:43.580347 0.839731 0.748818 1.219730 1565758.599394 0.016000
17:57:44.482544 0.902048 0.767971 1.274386 1471211.993986 0.016000
17:57:45.378667 0.895972 0.783971 1.291783 1494904.233917 0.016000
17:57:46.264767 0.885953 0.796719 1.279559 1525679.214372 0.016000
17:57:47.463782 0.876691 0.806716 1.248818 1555813.667278 0.016000
17:57:48.382284 0.918339 0.820669 1.263869 1498636.101635 0.016000
17:57:49.390033 1.007578 0.844032 1.363342 1378100.568487 0.016000
17:57:50.703888 1.043805 0.869004 1.458259 1342043.921743 0.016000
17:57:51.620952 0.916890 0.874990 1.364817 1541210.117879 0.016000
17:57:52.666283 1.044533 0.896183 1.433096 1364636.617981 0.016000
17:57:54.146833 0.735484 0.876095 1.439479 1954762.068470 0.016000
17:57:55.085407 0.938406 0.883884 1.368733 1545156.376370 0.016000
17:57:56.191903 1.106337 0.911691 1.497780 1321723.766686 0.016000
17:57:57.339696 0.768212 0.893756 1.476802 1919469.946368 0.016000
17:57:58.292836 0.952937 0.901153 1.397619 1560279.614660 0.016000
17:57:59.051908 0.758908 0.883373 1.397967 1975386.219474 0.016000
17:58:00.123046 0.727670 0.863910 1.405559 2077073.529103 0.016000
17:58:00.915544 0.792213 0.854948 1.332881 1923361.609774 0.016000
17:58:01.672480 0.756779 0.842677 1.299296 2029654.747822 0.016000
17:58:02.889502 0.840833 0.842446 1.186754 1841374.083190 0.016000
17:58:03.795871 0.906209 0.850417 1.172410 1722092.821600 0.016000
17:58:04.649614 0.853499 0.850802 1.095380 1842842.368293 0.016000
17:58:06.077721 0.762807 0.839802 1.111231 2078051.490887 0.016000
17:58:06.888362 0.810479 0.836137 1.069032 1970982.772452 0.016000
17:58:08.580725 0.936400 0.848670 1.123604 1719059.909229 0.016000
17:58:09.603479 1.022584 0.870409 1.250524 1586193.467812 0.016000
17:58:10.689313 1.085658 0.897315 1.397650 1505358.269707 0.016000
17:58:11.997706 1.128178 0.926173 1.532287 1459514.212611 0.016000
17:58:13.177674 1.179809 0.957878 1.666099 1406057.987834 0.016000
17:58:15.414395 1.144909 0.981257 1.699454 1459651.499485 0.016000
17:58:16.619141 1.204402 1.009150 1.770943 1397752.612549 0.016000
17:58:17.572893 0.953601 1.002206 1.629100 1778252.941457 0.016000
17:58:19.211295 1.179939 1.024423 1.672326 1447559.538464 0.016000
17:58:20.379999 1.168544 1.042438 1.672487 1472190.966241 0.016000
17:58:21.619798 0.944992 1.030257 1.600240 1833463.013483 0.016000
17:58:22.621172 1.001211 1.026626 1.483159 1742785.197158 0.016000
17:58:23.704993 1.083667 1.033757 1.433197 1621516.513235 0.016000
17:58:24.850654 1.145502 1.047725 1.459050 1544713.025621 0.016000
17:58:26.730741 1.167440 1.062689 1.490899 1526211.278737 0.016000
17:58:27.917031 1.186070 1.078112 1.522650 1512598.794669 0.016000
17:58:29.212647 1.295458 1.105280 1.656030 1394361.085535 0.016000
17:58:30.285125 1.072323 1.101160 1.547179 1695966.474417 0.016000
17:58:32.020953 1.053567 1.095211 1.477319 1737822.195450 0.016000
17:58:33.235832 1.214644 1.110140 1.516154 1517481.721341 0.016000
17:58:34.376064 1.140084 1.113883 1.448337 1627501.091176 0.016000
17:58:36.609065 1.060031 1.107152 1.411844 1762001.404358 0.016000
17:58:37.844713 1.235487 1.123194 1.480048 1521718.985277 0.016000
17:58:39.093302 1.248421 1.138847 1.531716 1515796.120628 0.016000
17:58:40.271584 1.178130 1.143757 1.477692 1616663.490240 0.016000
17:58:41.857721 1.262992 1.158662 1.528347 1517767.447352 0.016000
17:58:43.095976 1.238089 1.168590 1.525282 1558220.667606 0.016000
17:58:44.361712 1.265589 1.180715 1.545232 1534071.489124 0.016000
17:58:46.402627 1.113862 1.172358 1.512599 1754070.014009 0.016000
17:58:47.695518 1.292724 1.187404 1.562950 1520881.612032 0.016000
17:58:48.940006 1.244324 1.194519 1.533099 1589913.920704 0.016000
17:58:50.225408 1.285236 1.205859 1.550510 1548864.032590 0.016000
17:58:52.037466 1.316796 1.219726 1.589152 1521073.804962 0.016000
17:58:53.374982 1.337353 1.234429 1.629126 1506881.140137 0.016000
17:58:54.610649 1.235523 1.234566 1.531682 1641021.675730 0.016000
17:58:56.024954 1.414153 1.257014 1.659438 1442423.981715 0.016000
17:58:57.661824 1.258719 1.257227 1.560750 1630305.138070 0.016000
17:58:58.524662 0.862673 1.207908 1.830105 2393008.584038 0.016000
17:59:00.673563 0.318433 1.096724 2.452846 3241475.043776 0.016000
17:59:01.095397 0.421682 1.012343 2.704477 2476938.296814 0.016000
17:59:01.819811 0.472475 0.944860 2.753829 2236664.128181 0.016000
17:59:02.288805 0.468118 0.885267 2.718736 2283732.112047 0.016000
17:59:02.678999 0.390045 0.823364 2.693688 2772355.855723 0.016000
17:59:02.973778 0.294643 0.757274 2.688738 3711716.865706 0.016000
17:59:03.372368 0.398442 0.712420 2.519850 2775610.796207 0.016000
17:59:04.077027 0.397715 0.673082 2.343360 2811582.194527 0.016000
17:59:04.503800 0.426609 0.642273 2.141455 2649959.395227 0.016000
17:59:04.924950 0.421001 0.614614 1.960272 2714443.595668 0.016000
17:59:05.341064 0.415965 0.589783 1.797675 2776848.477941 0.016000
17:59:05.796112 0.454766 0.572906 1.613842 2566946.319539 0.016000
17:59:06.245027 0.448766 0.557388 1.462230 2628648.378196 0.016000
17:59:07.187276 0.468197 0.546239 1.314062 2545800.878185 0.016000
17:59:07.670255 0.482815 0.538311 1.177603 2494172.575555 0.016000
17:59:08.049647 0.379240 0.518427 1.156967 3207762.589616 0.016000
17:59:08.389366 0.339571 0.496070 1.153832 3618683.583381 0.016000
17:59:09.044310 0.654800 0.515912 1.167962 1895369.067256 0.016000
17:59:09.653231 0.608770 0.527519 1.109416 2058865.791836 0.016000
17:59:10.601852 0.704342 0.549622 1.162868 1796944.910376 0.016000
17:59:11.123081 0.521052 0.546051 1.034555 2452637.549599 0.016000
17:59:11.765526 0.642303 0.558082 1.020713 2008771.592486 0.016000
17:59:12.267324 0.501649 0.551028 0.954434 2596493.269472 0.016000
17:59:12.902815 0.635330 0.561566 0.948422 2069501.013809 0.016000
17:59:14.066493 0.453132 0.548012 0.946588 2928736.552406 0.016000
17:59:14.617031 0.550374 0.548307 0.849601 2433603.194183 0.016000
17:59:15.201323 0.584103 0.552781 0.814548 2314112.927122 0.016000
17:59:15.903983 0.702500 0.571496 0.917540 1941591.169137 0.016000
17:59:16.495126 0.590998 0.573934 0.852969 2328697.555143 0.016000
17:59:17.218863 0.407523 0.553133 0.928820 3407276.328326 0.016000
17:59:17.787130 0.568109 0.555005 0.851746 2465780.180361 0.016000
17:59:18.305329 0.518033 0.550383 0.809911 2727856.960035 0.016000
17:59:18.817289 0.511788 0.545559 0.778800 2785153.818576 0.016000
17:59:19.448860 0.631323 0.556279 0.816974 2277275.368051 0.016000
17:59:19.944638 0.495620 0.548697 0.804877 2925596.150405 0.016000
17:59:20.775582 0.557301 0.549772 0.750512 2623845.791292 0.016000
17:59:21.419133 0.643394 0.561475 0.805651 2291846.077485 0.016000
17:59:22.069385 0.650108 0.572554 0.844319 2287078.106432 0.016000
17:59:22.673774 0.604240 0.576515 0.812025 2481027.650049 0.016000
17:59:23.960462 0.654077 0.586210 0.840405 2310773.620487 0.016000
17:59:24.558639 0.598015 0.587686 0.790136 2547949.168067 0.016000
17:59:25.118029 0.559240 0.584130 0.764414 2746585.316816 0.016000
17:59:25.538478 0.420304 0.563652 0.862691 3683733.152769 0.016000
17:59:26.015471 0.476843 0.552801 0.863889 3272725.806842 0.016000
17:59:26.612145 0.450377 0.539998 0.875738 3492327.636188 0.016000
17:59:27.071005 0.458479 0.529808 0.863132 3457415.171195 0.016000
17:59:27.671208 0.600065 0.538590 0.858840 2662111.636054 0.016000
17:59:28.208399 0.537054 0.538398 0.780121 2997329.532033 0.016000
17:59:29.395118 0.509435 0.534778 0.745033 3183949.742206 0.016000
17:59:29.982927 0.587638 0.541385 0.751937 2781140.109057 0.016000
17:59:30.449267 0.466189 0.531986 0.765096 3532027.410078 0.016000
17:59:30.876179 0.426767 0.518833 0.798885 3887087.089604 0.016000
17:59:31.392449 0.516120 0.518494 0.731246 3237944.933984 0.016000
17:59:32.010463 0.617864 0.530915 0.789849 2724638.901360 0.016000
17:59:32.593174 0.582575 0.537373 0.783233 2910773.306526 0.016000
17:59:33.316864 0.420383 0.522749 0.824134 4063037.980488 0.016000
17:59:33.881067 0.564023 0.527908 0.795221 3050088.286212 0.016000
17:59:34.293521 0.412310 0.513459 0.829541 4202198.547568 0.016000
17:59:34.873557 0.579894 0.521763 0.825261 3008990.956687 0.016000
17:59:35.411396 0.537692 0.523754 0.767306 3268013.194115 0.016000
17:59:35.939470 0.527926 0.524276 0.711112 3351742.681144 0.016000
17:59:36.526553 0.586935 0.532108 0.734894 3035702.196066 0.016000
17:59:37.037136 0.510431 0.529398 0.703165 3514770.497585 0.016000
17:59:37.598027 0.560715 0.533313 0.694955 3221487.080857 0.016000
17:59:38.474940 0.592178 0.540671 0.720767 3071077.287103 0.016000
17:59:39.072622 0.597531 0.547779 0.739711 3064128.478884 0.016000
17:59:39.666245 0.593473 0.553490 0.743134 3105785.994731 0.016000
17:59:40.314051 0.647652 0.565261 0.801655 2864945.329512 0.016000
17:59:40.939370 0.625158 0.572748 0.809941 2987687.110533 0.016000
17:59:41.554039 0.614520 0.577969 0.797636 3059402.097338 0.016000
17:59:42.217671 0.663488 0.588659 0.838928 2852126.297988 0.016000
17:59:42.901647 0.683833 0.600556 0.883431 2785241.899043 0.016000
17:59:43.459866 0.558080 0.595246 0.849879 3434862.644056 0.016000
17:59:44.509032 0.681169 0.605987 0.882884 2832213.307408 0.016000
17:59:45.197875 0.688619 0.616316 0.906621 2819417.248836 0.016000
17:59:45.620204 0.422177 0.592048 1.003916 4627896.940638 0.016000
17:59:45.935374 0.315016 0.557419 1.143352 6241206.176407 0.016000
17:59:46.310495 0.374972 0.534613 1.156510 5276040.466694 0.016000
17:59:46.695961 0.385319 0.515952 1.131669 5166254.527548 0.016000
