17:56:41.941533 0.106141 0.106141 0.530705 115770.433057 0.016000
17:56:42.047941 0.106234 0.106153 0.424669 231338.205890 0.016000
17:56:42.248319 0.200235 0.117913 0.450882 245471.705775 0.016000
17:56:42.360038 0.111568 0.117120 0.373192 881113.068524 0.016000
17:56:42.501381 0.141194 0.120129 0.336257 1392466.065021 0.016000
17:56:42.708077 0.206517 0.130928 0.379412 1904037.129819 0.016000
17:56:43.096666 0.388419 0.163114 0.606968 2024700.584618 0.016000
17:56:43.511812 0.414998 0.194600 0.779374 1924635.528602 0.016000
17:56:43.927332 0.415360 0.222195 0.881536 1952541.374770 0.016000
17:56:44.885130 0.467181 0.252818 0.992311 1762263.571446 0.016000
17:56:45.326492 0.441171 0.276362 1.019335 1894014.182590 0.016000
17:56:45.774086 0.444677 0.297401 1.022946 1906714.843140 0.016000
17:56:46.222225 0.447947 0.316220 1.010923 1920227.061282 0.016000
17:56:46.599778 0.377374 0.323864 0.906046 2311892.586838 0.016000
17:56:47.466393 0.418122 0.335646 0.866541 2115975.451049 0.016000
17:56:47.939944 0.473369 0.352862 0.888755 1894978.803979 0.016000
17:56:48.425890 0.485796 0.369478 0.904333 1871798.136044 0.016000
17:56:48.854092 0.428050 0.376800 0.836513 2153019.299844 0.016000
17:56:49.361392 0.507154 0.393094 0.868233 1841428.880202 0.016000
17:56:50.362991 0.519549 0.408901 0.891710 1821149.102219 0.016000
17:56:50.800912 0.437754 0.412508 0.803468 2189502.922571 0.016000
17:56:51.191185 0.390111 0.409708 0.725325 2488399.649813 0.016000
17:56:51.661498 0.470167 0.417265 0.714437 2090831.904172 0.016000
17:56:52.162811 0.501163 0.427753 0.734529 1986036.456051 0.016000
17:56:52.665736 0.502783 0.437131 0.742244 2004077.066264 0.016000
17:56:53.199058 0.533177 0.449137 0.774017 1912880.220299 0.016000
17:56:54.200161 0.516564 0.457565 0.768653 1998187.521141 0.016000
17:56:54.684003 0.483691 0.460831 0.720272 2159395.253287 0.016000
17:56:55.240009 0.555866 0.472711 0.762326 1901120.043729 0.016000
17:56:55.808273 0.568117 0.484636 0.797254 1881753.550688 0.016000
17:56:56.307627 0.499172 0.486453 0.735452 2166275.472303 0.016000
17:56:56.882368 0.574586 0.497470 0.772352 1903338.592885 0.016000
17:56:57.464618 0.582110 0.508050 0.798852 1899847.342495 0.016000
17:56:58.589260 0.560812 0.514645 0.785509 1993908.844780 0.016000
17:56:59.182271 0.592824 0.524418 0.805744 1906967.386391 0.016000
17:56:59.766575 0.584153 0.531884 0.802615 1956308.804292 0.016000
17:57:00.375370 0.608645 0.541480 0.821288 1897776.325322 0.016000
17:57:00.959613 0.584087 0.546805 0.799269 1998606.731319 0.016000
17:57:02.429290 0.799997 0.578454 1.020993 1474565.800804 0.016000
17:57:03.306791 0.877343 0.615815 1.246608 1358574.790431 0.016000
17:57:04.070922 0.763974 0.634335 1.255588 1576263.166942 0.016000
17:57:04.807875 0.736798 0.647143 1.215546 1651079.826987 0.016000
17:57:05.483213 0.675191 0.650649 1.104999 1819929.672354 0.016000
17:57:06.289691 0.806339 0.670110 1.166563 1539164.000198 0.016000
17:57:07.134302 0.588003 0.659847 1.114293 2131581.250785 0.016000
17:57:07.862281 0.727808 0.668342 1.077138 1739008.093254 0.016000
17:57:08.594708 0.732276 0.676334 1.046865 1745178.136207 0.016000
17:57:09.231924 0.637071 0.671426 0.988587 2025268.347371 0.016000
17:57:10.874421 0.181907 0.610236 1.337625 3580199.587740 0.016000
17:57:11.260646 0.386060 0.582214 1.351932 1718779.466710 0.016000
17:57:11.424503 0.163692 0.529899 1.525710 4128729.627629 0.016000
17:57:11.745898 0.321246 0.503817 1.459328 2142058.375151 0.016000
17:57:11.867039 0.120981 0.455963 1.555432 5789472.126189 0.016000
17:57:12.178614 0.311430 0.437896 1.407031 2288488.750862 0.016000
17:57:12.659196 0.327298 0.424071 1.261521 2215082.780918 0.016000
17:57:12.920620 0.261257 0.403720 1.194621 2822049.508638 0.016000
17:57:13.257427 0.336418 0.395307 1.055784 2228085.871951 0.016000
17:57:13.526328 0.268748 0.379487 1.001404 2834833.645364 0.016000
17:57:14.101228 0.573329 0.403717 1.063997 1350261.434521 0.016000
17:57:14.626009 0.524600 0.418828 1.034920 1499108.490190 0.016000
17:57:15.326234 0.512458 0.430531 0.986231 1558605.516820 0.016000
17:57:15.806084 0.479683 0.436675 0.902602 1690716.851049 0.016000
17:57:16.291527 0.485275 0.442750 0.840795 1696556.289450 0.016000
17:57:16.690051 0.398355 0.437201 0.780129 2097586.285993 0.016000
17:57:17.189493 0.499264 0.444959 0.764218 1698243.808615 0.016000
17:57:17.677403 0.487749 0.450308 0.732543 1763529.651769 0.016000
17:57:18.148811 0.471272 0.452928 0.685569 1851262.148633 0.016000
17:57:18.657183 0.508227 0.459840 0.689620 1740828.032881 0.016000
17:57:19.152740 0.495381 0.464283 0.672158 1810775.521023 0.016000
17:57:19.916047 0.534020 0.473000 0.698644 1702767.855433 0.016000
17:57:20.479665 0.563464 0.484308 0.744005 1635596.472112 0.016000
17:57:21.020297 0.540469 0.491328 0.742261 1727921.710374 0.016000
17:57:21.594662 0.574218 0.501689 0.772779 1647764.338195 0.016000
17:57:22.145650 0.550841 0.507833 0.760302 1740000.904199 0.016000
17:57:22.705450 0.559602 0.514304 0.755424 1734719.273928 0.016000
17:57:23.182187 0.476587 0.509590 0.728147 2062666.170486 0.016000
17:57:23.715423 0.533009 0.512517 0.699855 1867375.414636 0.016000
17:57:24.348920 0.496779 0.510550 0.666791 2028298.440550 0.016000
17:57:24.850221 0.500991 0.509355 0.636095 2035772.666855 0.016000
17:57:25.413427 0.562987 0.516059 0.664746 1833420.374782 0.016000
17:57:25.978947 0.563674 0.522011 0.681141 1852985.250499 0.016000
17:57:26.591404 0.612291 0.533296 0.742924 1725924.162660 0.016000
17:57:27.126975 0.535419 0.533561 0.692905 1996670.923829 0.016000
17:57:27.725207 0.598089 0.541627 0.725663 1807998.536446 0.016000
17:57:28.511192 0.441618 0.529126 0.767162 2476420.990416 0.016000
17:57:29.004518 0.493157 0.524630 0.739126 2242531.692659 0.016000
17:57:29.661796 0.657125 0.541192 0.834559 1701667.120398 0.016000
17:57:30.181962 0.520013 0.538545 0.779749 2173977.023795 0.016000
17:57:30.755024 0.572890 0.542838 0.758087 1994770.224142 0.016000
17:57:31.372347 0.617097 0.552120 0.787816 1871783.105656 0.016000
17:57:31.961222 0.588724 0.556696 0.770071 1982864.979826 0.016000
17:57:32.687259 0.446196 0.542883 0.813415 2643788.358633 0.016000
17:57:33.426259 0.738845 0.567378 0.966239 1613242.050282 0.016000
17:57:34.171405 0.744992 0.589580 1.066339 1616425.372776 0.016000
17:57:34.855732 0.684168 0.601404 1.053561 1778089.950839 0.016000
17:57:35.688694 0.832799 0.630328 1.200841 1475506.169232 0.016000
17:57:37.045700 0.708508 0.640100 1.146165 1751692.252292 0.016000
17:57:37.905116 0.859248 0.667494 1.266190 1458689.589582 0.016000
17:57:38.609843 0.704584 0.672130 1.158242 1796328.343615 0.016000
17:57:39.372386 0.762383 0.683412 1.138249 1676259.867481 0.016000
17:57:40.322703 0.950106 0.716749 1.324571 1357995.638923 0.016000
17:57:41.099162 0.776321 0.724195 1.239634 1677821.558660 0.016000
17:57:42.293500 0.818672 0.736005 1.217061 1606035.254094 0.016000
17:57:43.177060 0.883167 0.754400 1.262354 1502664.793050 0.016000
17:57:44.106408 0.929192 0.776249 1.332007 1441459.083006 0.016000
17:57:44.894375 0.787796 0.777692 1.206058 1715774.089756 0.016000
17:57:45.888852 0.993725 0.804696 1.342003 1372581.189916 0.016000
17:57:47.664950 1.004627 0.829688 1.432598 1369917.406729 0.016000
17:57:48.593860 0.928746 0.842070 1.393311 1495074.027107 0.016000
17:57:49.556282 0.962272 0.857095 1.390728 1455754.821577 0.016000
17:57:50.680587 0.754436 0.844263 1.347147 1873081.308256 0.016000
17:57:51.594632 0.913885 0.852966 1.299751 1559723.398646 0.016000
17:57:52.579132 0.984357 0.869390 1.335870 1460543.456277 0.016000
17:57:54.901286 0.337548 0.802909 1.684611 2147818.865492 0.016000
17:57:55.262926 0.361472 0.747730 1.850443 2039659.324119 0.016000
17:57:55.677533 0.414459 0.706071 1.866377 1808545.641209 0.016000
17:57:56.028062 0.350381 0.661610 1.887529 2174365.113475 0.016000
17:57:56.673163 0.644954 0.659528 1.595623 1200308.922251 0.016000
17:57:57.309033 0.635716 0.656551 1.382434 1237080.320047 0.016000
17:57:58.144245 0.650146 0.655751 1.206568 1228524.040353 0.016000
17:57:58.748084 0.603674 0.649241 1.114430 1343453.200081 0.016000
17:57:59.377859 0.629629 0.646790 1.015294 1307589.286797 0.016000
17:58:00.623841 0.230196 0.594715 1.287687 1814940.318471 0.016000
17:58:00.887869 0.263764 0.553346 1.404027 1630549.110572 0.016000
17:58:01.130841 0.242725 0.514519 1.463150 1822507.737124 0.016000
17:58:01.504671 0.373685 0.496915 1.349222 1216682.104256 0.016000
17:58:01.705831 0.200970 0.459921 1.395096 2323452.019062 0.016000
17:58:02.360505 0.281155 0.437576 1.317723 1704512.528336 0.016000
17:58:02.744905 0.384238 0.430908 1.144357 1279207.142468 0.016000
17:58:02.945777 0.200513 0.402109 1.167591 2512593.633668 0.016000
17:58:03.320244 0.374051 0.398602 1.000771 1379747.334528 0.016000
17:58:03.599339 0.278936 0.383644 0.954936 1894284.609610 0.016000
17:58:03.904703 0.305201 0.373838 0.880750 1771527.304995 0.016000
17:58:04.253180 0.348321 0.370649 0.776350 1587501.362005 0.016000
17:58:04.498511 0.245050 0.354949 0.784823 2306664.384210 0.016000
17:58:04.789663 0.290994 0.346954 0.733315 1984699.574233 0.016000
17:58:06.171753 0.295587 0.340533 0.681671 997716.196273 0.016000
17:58:06.387313 0.215387 0.324890 0.705890 1426270.800688 0.016000
17:58:06.788710 0.401241 0.334434 0.696535 796249.508358 0.016000
17:58:06.988505 0.199644 0.317585 0.723951 1661839.317652 0.016000
17:58:07.284379 0.295685 0.314848 0.641523 1163617.416864 0.016000
17:58:07.553890 0.269355 0.309161 0.599660 1322982.392681 0.016000
17:58:07.834584 0.280215 0.305543 0.552363 1315561.148330 0.016000
17:58:08.124372 0.289620 0.303553 0.504590 1315267.551162 0.016000
17:58:08.416706 0.292094 0.302120 0.464357 1346196.808067 0.016000
17:58:08.658913 0.242056 0.294612 0.476354 1675249.443703 0.016000
17:58:09.025543 0.366480 0.303596 0.511770 1140013.490593 0.016000
17:58:09.340910 0.315222 0.305049 0.472806 1364371.668231 0.016000
17:58:09.590800 0.249743 0.298136 0.479259 1771292.997096 0.016000
17:58:09.871113 0.280165 0.295889 0.449703 1622815.375602 0.016000
17:58:10.491606 0.352150 0.302922 0.474543 1325980.543969 0.016000
17:58:10.740036 0.248269 0.296090 0.479459 1930292.720488 0.016000
17:58:10.888301 0.148112 0.277593 0.563098 3318568.417149 0.016000
17:58:11.273299 0.384837 0.290999 0.612371 1309146.768637 0.016000
17:58:11.547927 0.274479 0.288934 0.546482 1880273.960876 0.016000
17:58:11.878659 0.330583 0.294140 0.528950 1598340.593291 0.016000
17:58:12.076698 0.197889 0.282108 0.554467 2732197.116757 0.016000
17:58:12.495121 0.418281 0.299130 0.639572 1321981.864913 0.016000
17:58:13.106001 0.364168 0.307260 0.627629 1552162.025800 0.016000
17:58:13.352220 0.246058 0.299610 0.601088 2347154.045033 0.016000
17:58:13.706621 0.354261 0.306441 0.587201 1664942.318613 0.016000
17:58:14.020330 0.313558 0.307331 0.525018 1920256.554762 0.016000
17:58:14.272567 0.252093 0.300426 0.518929 2437197.360203 0.016000
17:58:14.693580 0.420860 0.315480 0.599792 1489065.062982 0.016000
17:58:15.034272 0.340516 0.318610 0.556879 1876492.823768 0.016000
17:58:15.280419 0.245993 0.309533 0.560852 2647491.056870 0.016000
17:58:15.847050 0.311306 0.309754 0.500017 2131510.476895 0.016000
17:58:16.122496 0.275267 0.305443 0.482628 2455215.100688 0.016000
17:58:16.453267 0.330591 0.308587 0.466623 2081508.801688 0.016000
17:58:16.770913 0.317496 0.309700 0.437137 2206062.012476 0.016000
17:58:17.112945 0.341886 0.313724 0.441486 2084625.887667 0.016000
17:58:17.407195 0.294103 0.311271 0.426714 2465096.339746 0.016000
17:58:17.753373 0.345897 0.315599 0.436807 2131501.824942 0.016000
17:58:18.526810 0.339777 0.318621 0.433705 2206058.726425 0.016000
17:58:18.830032 0.303061 0.316676 0.418550 2513870.074834 0.016000
17:58:19.557798 0.308669 0.315675 0.400088 1234099.254635 0.016000
17:58:19.878121 0.320174 0.316238 0.384046 1228132.284413 0.016000
17:58:20.196601 0.318335 0.316500 0.369453 1273827.660412 0.016000
17:58:20.476996 0.280251 0.311969 0.387933 1490777.770680 0.016000
17:58:20.672386 0.195239 0.297378 0.471080 2202840.505415 0.016000
17:58:20.892472 0.219941 0.287698 0.495412 2011303.938402 0.016000
17:58:21.193331 0.300698 0.289323 0.458108 1512001.864406 0.016000
17:58:21.471580 0.278096 0.287920 0.425736 1679075.089634 0.016000
17:58:21.703364 0.231627 0.280883 0.440538 2068981.707446 0.016000
17:58:22.073905 0.370382 0.292070 0.501310 1327062.077496 0.016000
17:58:22.360138 0.286085 0.291322 0.454238 1761042.253895 0.016000
17:58:22.608779 0.248490 0.285968 0.450987 2076927.853854 0.016000
17:58:22.928152 0.319223 0.290125 0.447144 1655219.456857 0.016000
17:58:23.221431 0.293117 0.290499 0.411255 1844561.571901 0.016000
17:58:23.867400 0.319962 0.294182 0.414212 1728205.091020 0.016000
17:58:24.145353 0.277769 0.292130 0.398565 2034956.454491 0.016000
17:58:24.495871 0.350375 0.299411 0.437482 1648337.078132 0.016000
17:58:24.765534 0.269311 0.295648 0.429302 2190122.597317 0.016000
17:58:24.989382 0.223697 0.286654 0.458846 2691641.561549 0.016000
17:58:25.322672 0.333113 0.292462 0.468064 1844419.409710 0.016000
17:58:25.636644 0.313812 0.295131 0.448182 1997017.211485 0.016000
17:58:25.926222 0.289402 0.294414 0.414932 2207918.335781 0.016000
17:58:26.290914 0.364525 0.303178 0.463677 1786609.581122 0.016000
17:58:26.621215 0.330146 0.306549 0.453891 2009873.966900 0.016000
17:58:27.166046 0.370018 0.314483 0.488458 1826505.711046 0.016000
17:58:27.536828 0.370608 0.321499 0.508105 1856753.848750 0.016000
17:58:27.861657 0.324673 0.321895 0.465025 2157295.558060 0.016000
17:58:28.221369 0.359559 0.326603 0.471614 1982162.469451 0.016000
17:58:28.580297 0.358778 0.330625 0.471558 2020725.909188 0.016000
17:58:28.962867 0.382425 0.337100 0.494600 1927907.080904 0.016000
17:58:29.324736 0.357618 0.339665 0.478307 2096001.331151 0.016000
17:58:29.539734 0.214845 0.324062 0.552864 3546073.705894 0.016000
17:58:30.326442 0.233386 0.312728 0.575006 1632179.887170 0.016000
17:58:30.648655 0.322051 0.313893 0.519925 1220974.134696 0.016000
17:58:30.958667 0.309865 0.313390 0.471942 1308647.323175 0.016000
17:58:31.546909 0.368136 0.320233 0.493893 1134885.152375 0.016000
17:58:31.820682 0.273596 0.314403 0.491285 1571952.528502 0.016000
17:58:32.138002 0.317171 0.314749 0.450178 1394730.910195 0.016000
17:58:32.448274 0.310125 0.314171 0.420367 1466041.707546 0.016000
17:58:32.697585 0.249158 0.306045 0.450705 1874088.638350 0.016000
17:58:32.985752 0.288019 0.303791 0.430312 1663890.565228 0.016000
17:58:33.339109 0.353202 0.309968 0.454269 1391612.126396 0.016000
17:58:33.621308 0.282025 0.306475 0.442643 1786394.197334 0.016000
17:58:34.004778 0.383306 0.316079 0.495036 1346433.304918 0.016000
17:58:34.270233 0.265301 0.309732 0.494727 1991639.766180 0.016000
17:58:34.530151 0.259768 0.303486 0.492197 2081364.836627 0.016000
17:58:34.856094 0.325781 0.306273 0.470101 1697337.239276 0.016000
17:58:35.166580 0.310269 0.306772 0.433639 1821799.104010 0.016000
17:58:35.387506 0.220775 0.296023 0.477171 2615949.679042 0.016000
17:58:35.680030 0.292375 0.295567 0.435075 2017353.819586 0.016000
17:58:36.425719 0.281352 0.293790 0.412636 2140066.207641 0.016000
17:58:36.757484 0.331363 0.298487 0.425194 1854160.147989 0.016000
17:58:37.164271 0.406637 0.312005 0.515186 1541148.670408 0.016000
17:58:37.452200 0.287777 0.308977 0.485591 2220386.332587 0.016000
17:58:37.813542 0.361194 0.315504 0.500182 1803086.952472 0.016000
17:58:38.133722 0.320025 0.316069 0.459098 2073438.225208 0.016000
17:58:38.552880 0.419004 0.328936 0.539143 1612968.035916 0.016000
17:58:38.873906 0.320833 0.327923 0.493681 2144816.989377 0.016000
17:58:39.170912 0.296849 0.324039 0.479431 2359502.544396 0.016000
17:58:39.486111 0.314905 0.322897 0.448575 2263233.746325 0.016000
17:58:40.189654 0.288423 0.318588 0.447321 2513640.887640 0.016000
17:58:40.489439 0.299589 0.316213 0.431761 2460972.198952 0.016000
17:58:40.804361 0.314770 0.316033 0.404137 2381319.820148 0.016000
17:58:41.137382 0.332867 0.318137 0.401049 2288770.627853 0.016000
17:58:41.904482 0.359474 0.323304 0.426825 1059681.811895 0.016000
17:58:42.235268 0.330639 0.324221 0.409197 1189261.206853 0.016000
17:58:42.502417 0.266961 0.317063 0.438055 1518964.244666 0.016000
17:58:42.838470 0.335905 0.319419 0.429004 1243780.840314 0.016000
17:58:43.141480 0.302856 0.317348 0.416100 1420079.860376 0.016000
17:58:43.475527 0.333900 0.319417 0.410033 1324851.851919 0.016000
17:58:43.843923 0.368241 0.325520 0.442306 1234669.446023 0.016000
17:58:44.176292 0.332209 0.326356 0.420634 1405573.539959 0.016000
17:58:44.413708 0.237241 0.315217 0.475041 2020023.611167 0.016000
17:58:45.153270 0.312290 0.314851 0.437646 1573921.911075 0.016000
17:58:45.375059 0.221609 0.303196 0.488534 2273408.287536 0.016000
17:58:45.746273 0.370512 0.311610 0.517930 1392926.512306 0.016000
17:58:46.039366 0.292943 0.309277 0.482684 1803709.249133 0.016000
17:58:46.352269 0.312758 0.309712 0.443248 1728723.338040 0.016000
17:58:46.672126 0.319707 0.310961 0.421109 1729582.810263 0.016000
17:58:47.006467 0.334193 0.313865 0.419708 1691381.970263 0.016000
17:58:47.312036 0.305420 0.312810 0.400637 1890957.199041 0.016000
17:58:47.666896 0.354705 0.318047 0.425812 1662858.538788 0.016000
17:58:47.992377 0.325169 0.318937 0.406883 1851688.936860 0.016000
17:58:48.317702 0.324551 0.319639 0.391213 1893076.281638 0.016000
17:58:48.700913 0.383051 0.327565 0.444658 1636043.590039 0.016000
17:58:49.013756 0.312602 0.325695 0.428478 2044057.296935 0.016000
17:58:49.768535 0.293193 0.321632 0.431221 2221281.897195 0.016000
17:58:50.143445 0.374725 0.328269 0.463553 1770771.203217 0.016000
17:58:50.459448 0.315717 0.326700 0.440715 2140651.402274 0.016000
17:58:50.846256 0.386662 0.334195 0.479669 1779662.828644 0.016000
17:58:51.186296 0.339890 0.334907 0.449707 2060713.740907 0.016000
17:58:51.508318 0.321868 0.333277 0.432416 2214272.927754 0.016000
17:58:51.853476 0.345005 0.334743 0.420825 2101395.416327 0.016000
17:58:52.235587 0.381955 0.340645 0.452418 1930279.003168 0.016000
17:58:52.518861 0.283112 0.333453 0.474816 2647604.132758 0.016000
17:58:52.851486 0.332438 0.333326 0.440363 2291723.623996 0.016000
17:58:53.592523 0.300179 0.329183 0.442608 1269002.808574 0.016000
17:58:53.790663 0.197991 0.312784 0.529044 1986030.728106 0.016000
17:58:54.521274 0.296675 0.310770 0.489074 1366829.174559 0.016000
17:58:54.659282 0.137843 0.289154 0.595809 3030923.585966 0.016000
17:58:55.067933 0.408500 0.304072 0.653410 1052827.530444 0.016000
17:58:55.374015 0.305819 0.304291 0.568040 1446502.506336 0.016000
17:58:55.618491 0.244321 0.296795 0.554576 1860895.294615 0.016000
17:58:55.975338 0.356697 0.304282 0.557521 1309078.024441 0.016000
17:58:56.245204 0.269715 0.299961 0.524458 1776808.387877 0.016000
17:58:56.653077 0.407711 0.313430 0.589552 1205559.734653 0.016000
17:58:57.011482 0.358259 0.319034 0.570954 1406267.679390 0.016000
17:58:57.317461 0.305801 0.317380 0.519553 1687686.252991 0.016000
17:58:57.539760 0.222150 0.305476 0.552335 2378500.077526 0.016000
17:58:57.842094 0.302184 0.305064 0.493501 1789215.308748 0.016000
17:58:58.059994 0.217660 0.294139 0.522871 2540476.552295 0.016000
17:58:58.374405 0.314265 0.296655 0.488330 1798634.837107 0.016000
17:58:58.633846 0.259139 0.291965 0.473237 2228674.168944 0.016000
17:58:58.890267 0.256271 0.287503 0.459152 2301562.466562 0.016000
17:58:59.410736 0.300776 0.289162 0.431171 2001861.818791 0.016000
17:58:59.595417 0.184521 0.276082 0.487230 3329703.034743 0.016000
17:58:59.730876 0.135127 0.258463 0.557779 4637768.074811 0.016000
17:58:59.888163 0.157122 0.245795 0.571623 4066753.350375 0.016000
17:59:00.041337 0.153012 0.234197 0.571352 4256292.587099 0.016000
17:59:00.209370 0.167883 0.225908 0.545088 3952463.183155 0.016000
17:59:00.371984 0.162466 0.217978 0.520805 4159884.501109 0.016000
17:59:00.822213 0.166755 0.211575 0.489918 4126581.876884 0.016000
17:59:01.067384 0.245004 0.215754 0.457940 2858794.857699 0.016000
17:59:01.271082 0.203548 0.214228 0.408073 3501405.855652 0.016000
17:59:01.475311 0.204080 0.212959 0.368491 3552491.545374 0.016000
17:59:01.708517 0.233057 0.215472 0.352218 3163517.637758 0.016000
17:59:01.976282 0.267624 0.221991 0.376703 2800826.070357 0.016000
17:59:02.193556 0.217120 0.221382 0.342287 3508913.971089 0.016000
17:59:03.091002 0.175993 0.215708 0.351776 2164450.144292 0.016000
17:59:03.308333 0.217172 0.215891 0.319405 1810620.925434 0.016000
17:59:03.494318 0.185836 0.212134 0.319825 2182052.091936 0.016000
17:59:03.704855 0.210386 0.211916 0.294432 1985835.202355 0.016000
17:59:03.942585 0.237585 0.215124 0.302681 1810214.775174 0.016000
17:59:04.122405 0.179672 0.210693 0.311813 2462086.430412 0.016000
17:59:04.359988 0.237428 0.214035 0.316610 1914921.980252 0.016000
17:59:04.553360 0.193197 0.211430 0.309199 2416931.790470 0.016000
17:59:04.788936 0.235415 0.214428 0.311740 2035690.321194 0.016000
17:59:04.976128 0.187045 0.211005 0.311372 2627818.817396 0.016000
17:59:05.222000 0.245728 0.215346 0.325343 2050268.818464 0.016000
17:59:05.422740 0.200591 0.213501 0.310754 2572879.085819 0.016000
17:59:05.673833 0.250932 0.218180 0.328551 2105686.185301 0.016000
17:59:05.869889 0.195910 0.215396 0.320444 2759798.190944 0.016000
17:59:06.122254 0.252210 0.219998 0.335598 2192459.518965 0.016000
17:59:06.331698 0.209296 0.218660 0.316062 2700711.108596 0.016000
17:59:06.591135 0.259291 0.223739 0.337421 2227364.686132 0.016000
17:59:06.770080 0.178801 0.218122 0.348322 3298772.394940 0.016000
17:59:07.032647 0.262388 0.223655 0.365571 2294739.167812 0.016000
17:59:07.249159 0.216360 0.222743 0.336475 2839713.511387 0.016000
17:59:07.510632 0.261326 0.227566 0.351448 2398109.613488 0.016000
17:59:07.736898 0.226117 0.227385 0.321745 2825865.789864 0.016000
17:59:07.995168 0.258130 0.231228 0.332744 2523007.067910 0.016000
17:59:08.309986 0.222190 0.230098 0.315273 2986418.330745 0.016000
17:59:08.492610 0.182463 0.224144 0.335660 3703985.228582 0.016000
17:59:08.767159 0.274407 0.230427 0.364327 2507689.774518 0.016000
17:59:08.994897 0.227593 0.230073 0.333332 3077494.338393 0.016000
17:59:09.200288 0.205236 0.226968 0.329249 3472603.819851 0.016000
17:59:09.453220 0.252775 0.230194 0.332711 2868132.261445 0.016000
17:59:09.721931 0.268528 0.234986 0.350208 2745635.621724 0.016000
17:59:09.922729 0.200650 0.230694 0.351446 3735694.972685 0.016000
17:59:10.225143 0.302269 0.239641 0.401780 2520457.094626 0.016000
17:59:10.610541 0.385263 0.257843 0.525070 2009391.163973 0.016000
17:59:11.072732 0.462060 0.283370 0.688007 1702012.818922 0.016000
17:59:11.464496 0.391581 0.296897 0.708585 2039732.180523 0.016000
17:59:11.771754 0.307108 0.298173 0.617150 2640791.503195 0.016000
17:59:12.139758 0.367850 0.306883 0.615792 2238129.275530 0.016000
17:59:12.591010 0.451103 0.324910 0.700813 1852313.222940 0.016000
17:59:13.275152 0.391651 0.333253 0.681921 2164865.320282 0.016000
17:59:13.619764 0.344464 0.334654 0.607366 2497098.205990 0.016000
17:59:13.991465 0.371562 0.339268 0.580709 2348054.942104 0.016000
17:59:14.359697 0.368099 0.342872 0.552784 2403527.480227 0.016000
17:59:14.735145 0.375307 0.346926 0.536796 2390106.769420 0.016000
17:59:15.178412 0.443126 0.358951 0.597553 2052039.545169 0.016000
17:59:15.606871 0.428312 0.367621 0.615934 2151702.179662 0.016000
17:59:16.006481 0.399461 0.371601 0.589675 2337870.099007 0.016000
17:59:16.475504 0.468883 0.383761 0.644599 2017936.082545 0.016000
17:59:16.851580 0.375914 0.382780 0.586256 2549688.899876 0.016000
17:59:17.168853 0.317123 0.374573 0.592837 3061122.009915 0.016000
17:59:17.556584 0.387585 0.376200 0.552910 2536321.557827 0.016000
17:59:18.271448 0.444927 0.384791 0.586050 2237059.227918 0.016000
17:59:18.672405 0.400807 0.386793 0.553754 2513968.672567 0.016000
17:59:19.106317 0.433765 0.392664 0.564857 2351282.731238 0.016000
17:59:19.471311 0.364847 0.389187 0.546149 2829109.616199 0.016000
17:59:19.893886 0.422424 0.393342 0.544300 2472587.723897 0.016000
17:59:20.226843 0.332814 0.385776 0.559522 3175251.249153 0.016000
17:59:21.089422 0.414005 0.389304 0.547843 2582229.426728 0.016000
17:59:21.477417 0.387839 0.389121 0.509491 2788127.147474 0.016000
17:59:21.963763 0.486184 0.401254 0.588594 2249419.416659 0.016000
17:59:22.394692 0.430765 0.404943 0.574959 2567340.015841 0.016000
17:59:22.790542 0.395703 0.403788 0.540540 2825876.431348 0.016000
17:59:23.245996 0.455293 0.410226 0.564295 2483006.671832 0.016000
17:59:23.666793 0.420644 0.411528 0.537498 2716749.854524 0.016000
17:59:24.522928 0.444761 0.415682 0.543392 2597062.021540 0.016000
17:59:24.882820 0.359718 0.408687 0.560434 3245207.986018 0.016000
17:59:25.285172 0.402203 0.407876 0.528170 2932967.819050 0.016000
17:59:25.709934 0.424619 0.409969 0.516932 2807072.019603 0.016000
17:59:26.103082 0.393008 0.407849 0.505033 3064120.881279 0.016000
17:59:26.541300 0.438057 0.411625 0.514721 2777063.602487 0.016000
17:59:27.069165 0.364979 0.405794 0.529762 3366768.782225 0.016000
17:59:27.458873 0.389552 0.403764 0.512982 3185935.713784 0.016000
17:59:27.864027 0.404997 0.403918 0.487065 3094777.636474 0.016000
17:59:28.254484 0.390325 0.402219 0.478172 3242589.572472 0.016000
17:59:28.717807 0.463164 0.409837 0.527747 2759177.631704 0.016000
17:59:29.127366 0.409409 0.409784 0.498644 3151469.201915 0.016000
17:59:29.773794 0.414083 0.410321 0.481266 3145572.234128 0.016000
17:59:30.165141 0.391192 0.407930 0.480268 3361050.677218 0.016000
17:59:30.818776 0.173081 0.378574 0.667676 3833767.439546 0.016000
17:59:30.953930 0.134999 0.348127 0.808529 5006266.782804 0.016000
17:59:31.176714 0.222640 0.332441 0.803229 3090764.840025 0.016000
17:59:31.349934 0.173069 0.312520 0.824983 4047033.258480 0.016000
17:59:31.549304 0.199174 0.298351 0.796044 3578299.678256 0.016000
17:59:31.744687 0.195229 0.285461 0.761853 3713545.637868 0.016000
17:59:31.911922 0.167081 0.270664 0.746338 4412713.193034 0.016000
17:59:32.089369 0.177298 0.258993 0.709114 4227727.939885 0.016000
17:59:32.289634 0.200121 0.251634 0.648097 3806978.188618 0.016000
17:59:32.590139 0.300362 0.257725 0.603800 2577369.028485 0.016000
17:59:32.835200 0.244908 0.256123 0.528496 3211134.231807 0.016000
17:59:33.296459 0.328893 0.265219 0.542269 2428510.581097 0.016000
17:59:33.558977 0.262357 0.264861 0.475511 3091238.315377 0.016000
17:59:33.791736 0.232615 0.260830 0.451064 3539307.529876 0.016000
17:59:34.090198 0.298319 0.265517 0.445680 2800976.082555 0.016000
17:59:34.284711 0.194358 0.256622 0.462903 4362421.501904 0.016000
17:59:34.586888 0.302028 0.262298 0.462415 2847948.431075 0.016000
17:59:34.857135 0.270098 0.263273 0.421161 3230116.823503 0.016000
17:59:35.102745 0.245466 0.261047 0.397270 3604311.888628 0.016000
17:59:35.426041 0.323156 0.268810 0.433087 2775822.424347 0.016000
17:59:35.738942 0.312761 0.274304 0.441462 2907371.745421 0.016000
17:59:35.956419 0.217332 0.267183 0.449523 4240519.031634 0.016000
17:59:36.306468 0.349906 0.277523 0.497002 2668966.664885 0.016000
17:59:36.560167 0.253553 0.274527 0.463106 3731670.783508 0.016000
17:59:36.847179 0.286859 0.276068 0.429835 3341236.919229 0.016000
17:59:37.319188 0.299759 0.279030 0.418045 3238442.508119 0.016000
17:59:37.576510 0.257155 0.276295 0.402432 3822750.138987 0.016000
17:59:37.876890 0.300241 0.279289 0.397836 3315096.943951 0.016000
17:59:38.162588 0.285538 0.280070 0.375230 3528833.807405 0.016000
17:59:38.406693 0.243952 0.275555 0.383043 4180756.254896 0.016000
17:59:38.704290 0.297453 0.278292 0.380806 3470099.233308 0.016000
17:59:39.005331 0.300890 0.281117 0.380600 3471302.163762 0.016000
17:59:39.291018 0.285539 0.281670 0.360704 3700959.680998 0.016000
17:59:39.615913 0.324750 0.287055 0.389411 3291935.876238 0.016000
17:59:40.287678 0.316207 0.290699 0.396618 3419735.275658 0.016000
17:59:40.582881 0.295027 0.291240 0.375007 3706887.623110 0.016000
17:59:40.921741 0.338711 0.297174 0.407471 3265084.168578 0.016000
17:59:41.242716 0.320829 0.300131 0.406508 3485371.638796 0.016000
17:59:41.526008 0.283151 0.298008 0.394771 3992556.459328 0.016000
17:59:41.876381 0.350216 0.304534 0.429314 3263084.175455 0.016000
17:59:42.187761 0.311233 0.305371 0.405655 3711276.882355 0.016000
17:59:42.498336 0.310422 0.306003 0.386266 3760558.890326 0.016000
17:59:42.788870 0.290383 0.304050 0.379868 4062385.166112 0.016000
17:59:43.727727 0.153061 0.285177 0.493029 3853524.640016 0.016000
17:59:43.906910 0.179033 0.271909 0.533942 3363133.400604 0.016000
17:59:44.102113 0.194932 0.262287 0.535788 3151868.603383 0.016000
17:59:44.242087 0.139833 0.246980 0.574560 4481689.721692 0.016000
17:59:44.433355 0.191103 0.239995 0.541557 3343621.301768 0.016000
17:59:44.619933 0.186433 0.233300 0.513034 3493285.692507 0.016000
17:59:44.847767 0.227684 0.232598 0.448014 2914354.714472 0.016000
17:59:45.017776 0.169860 0.224756 0.449056 3978803.157240 0.016000
17:59:45.205543 0.187626 0.220115 0.425469 3667548.992786 0.016000
