15:45:22.580200	750	4	2.208	450283	2142	-9.494399999999999
15:45:24.987720	750	5.842195	0.0	398865	2054	0.75
15:45:28.174792	1200	6.660843	0.0	571051	2787	0.75
15:45:31.434401	1200	7.395856	0.0	617681	2926	1.2
15:45:36.716194	1850	6.112088	0.0	996749	4913	1.2000000000000002
15:45:40.864038	1850	5.963779	0.0	801058	3834	1.85
15:45:43.993798	1200	6.835928	0.0	561791	2787	0.5499999999999999
15:45:49.280433	1850	5.544202	0.0	1060487	4976	1.2000000000000002
15:45:53.845642	1850	4.980982	0.0	852833	4246	1.85
15:45:57.027133	1200	5.799457	0.0	560821	2747	0.5499999999999999
15:46:00.370475	1200	6.45203	0.0	607410	2996	1.2
15:46:03.692053	1200	7.137531	0.0	594078	2993	1.2
15:46:08.703391	1850	6.12737	0.0	946851	4680	1.2000000000000002
15:46:12.377062	1200	6.441133	0.0	687371	3347	0.5499999999999999
15:46:15.464019	1200	7.368161	0.0	526950	2736	1.2
15:46:20.369420	1850	6.447638	0.0	923170	4599	1.2000000000000002
15:46:23.673462	1200	7.162038	0.0	617242	3002	0.5499999999999999
15:46:28.355439	1850	6.467446	0.0	885714	4364	1.2000000000000002
15:46:31.384048	1200	7.442885	0.0	639204	2715	0.5499999999999999
15:46:36.163731	1850	6.636676	0.0	923755	4487	1.2000000000000002
15:46:40.911649	1850	5.889871	0.0	891604	4474	1.85
15:46:46.019738	1850	4.794428	0.0	955231	4786	1.85
15:46:49.659373	1200	5.177263	0.0	656471	3320	0.5499999999999999
15:46:52.589928	1200	6.238042	0.0	536667	2630	1.2
15:46:55.773784	1200	7.053628	0.0	587236	2872	1.2
15:46:58.999580	1200	7.829415	0.0	590335	2916	1.2
15:47:04.762004	1850	6.066777	0.0	1076599	5426	1.2000000000000002
15:47:07.727637	1850	7.05512	0.0	758197	2671	1.85
15:47:11.154765	1850	7.630218	0.0	972798	3205	1.85
15:47:14.667576	1850	8.083873	0.0	975811	3290	1.85
15:47:17.806762	1850	8.949208	0.0	873429	2927	1.85
15:47:21.337835	1850	9.448037	0.0	954453	3289	1.85
15:47:25.720478	2850	9.033555	0.0	1358081	4131	1.85
15:47:29.910792	2850	8.841958	0.0	1587293	4000	2.85
15:47:33.886256	2850	8.865502	0.0	1492672	3778	2.85
15:47:37.730756	2850	9.020657	0.0	1439896	3658	2.85
15:47:40.845461	2850	9.905748	0.0	1139291	2912	2.85
15:47:44.598857	2850	10.130194	0.0	1499009	3570	2.85
15:47:46.237506	2850	12.459345	0.0	1427478	1516	2.85
15:47:48.244618	4300	14.451666	0.0	2146120	1864	2.8499999999999996
15:47:50.198159	4300	16.499475	0.0	2108491	1829	4.3
15:47:52.199460	4300	18.497727	0.0	2184571	1896	4.3
15:47:54.140021	4300	20.556083	0.0	2121928	1847	4.3
15:47:56.175717	4300	22.520415	0.0	2219102	1926	4.3
15:47:58.191058	4300	24.50507	0.0	2124950	1844	4.3
15:48:00.241805	4300	26.454755	0.0	2246506	1949	4.3
15:48:02.022652	4300	28.673533	0.0	1961140	1710	4.3
15:48:03.964925	4300	30.731526	0.0	2155012	1879	4.3
15:48:05.264114	4300	31.112384	0.0	1433658	1248	4.3

