15:44:31.781916	750	4	1.963	450283	1895	-8.4409
15:44:36.067861	1850	4.498758	0.563	957685	3958	-1.6709
15:44:39.934510	1850	4.612097	0.0	877771	3601	1.85
15:44:44.072189	1850	4.489301	0.0	933276	3841	1.85
15:44:48.455911	1850	4.307318	0.198	996749	4091	0.9986000000000002
15:44:52.037317	1850	4.697656	0.0	801058	3309	1.85
15:44:56.083255	1850	4.64232	0.0	905515	3792	1.85
15:45:00.790281	1850	4.252134	0.284	1060487	4414	0.6288
15:45:04.655969	1850	4.397212	0.0	852833	3565	1.85
15:45:08.677071	1850	4.297543	0.0	913888	3792	1.85
15:45:12.843309	1850	4.290435	0.143	939819	3918	1.2351
15:45:17.015830	1850	4.429924	0.304	917428	3940	0.5428
15:45:21.956244	1850	4.482895	0.97	946851	4614	-2.321
15:45:27.476782	1850	4.453589	1.438	1036454	5176	-4.333399999999999
15:45:31.755200	1850	4.389823	0.221	821631	3908	0.8997000000000002
15:45:35.056239	1200	5.031561	0.0	587876	2935	0.5499999999999999
15:45:38.403751	1200	5.681466	0.0	617242	3070	1.2
15:45:41.603899	1200	6.518133	0.0	581493	2886	1.2
15:45:45.020356	1200	7.046316	0.0	639204	3172	1.2
15:45:49.943922	1850	6.18966	0.0	923755	4570	1.2000000000000002
15:45:54.688264	1850	5.449045	0.0	891604	4412	1.85
15:45:58.041150	1200	6.085475	0.0	616206	3033	0.5499999999999999
15:46:01.550637	1200	6.573487	0.0	656471	3217	1.2
15:46:06.207465	1850	5.924034	0.0	874175	4350	1.2000000000000002
15:46:09.366528	1200	6.755673	0.0	587236	2834	0.5499999999999999
15:46:12.470449	1200	7.534467	0.0	590335	2905	1.2
15:46:18.263876	1850	5.849324	0.0	1076599	5479	1.2000000000000002
15:46:22.376177	1850	5.740428	0.0	758197	3808	1.85
15:46:25.921285	1200	6.176951	0.0	622896	3196	0.5499999999999999
15:46:29.461170	1200	6.642688	0.0	641447	3244	1.2
15:46:32.667200	1200	7.427008	0.0	570392	2905	1.2
15:46:36.146889	1200	7.977374	0.0	620283	3192	1.2
15:46:40.863617	1850	7.265813	0.0	885062	4449	1.2000000000000002
15:46:46.328955	1850	5.81459	0.0	1035329	5152	1.85
15:46:50.049697	1200	6.051291	0.0	690253	3423	0.5499999999999999
15:46:53.342242	1200	6.763816	0.0	598727	2992	1.2
15:46:57.336152	1850	6.797795	0.0	728962	3685	1.2000000000000002
15:47:02.331451	1850	5.77503	0.0	938587	4698	1.85
15:47:05.641325	1200	6.44316	0.0	605884	3008	0.5499999999999999
15:47:07.819947	1200	8.23798	0.0	587506	1961	1.2
15:47:10.952684	1850	9.13265	0.0	858450	2893	1.2000000000000002
15:47:14.606660	1850	9.472353	0.0	1025005	3427	1.85
15:47:17.776157	1850	10.2981	0.0	886255	2965	1.85
15:47:23.387898	2850	8.694258	0.0	1587250	5356	1.85
15:47:27.469447	2850	8.589743	0.0	1464921	3871	2.85
15:47:31.416086	2850	8.640913	0.0	1483527	3759	2.85
15:47:36.637155	4300	7.422465	0.0	1961140	4999	2.8499999999999996
15:47:42.241710	4300	5.819002	0.0	2155012	5445	4.3
15:47:45.285692	4300	4.427366	0.0	1433658	2923	4.3

