15:43:43.233945	750	4	0.819	450283	759	-3.5216999999999996
15:43:47.073622	4300	4.484491	0.249	2123065	3703	-0.3207
15:43:50.973107	4300	4.574667	0.0	2177073	3791	4.3
15:43:54.931848	4300	4.618901	0.0	2160877	3763	4.3
15:43:59.083887	4300	4.483071	0.019	2233056	3943	4.2183
15:44:02.565367	4300	5.002768	0.0	1941625	3375	4.3
15:44:06.442541	4300	5.129175	0.0	2157535	3777	4.3
15:44:11.795132	4300	4.254642	0.435	2290172	5127	2.4295
15:44:17.253594	4300	4.442963	1.641	2055469	5281	-2.7562999999999995
15:44:22.981955	4300	4.333875	1.627	2169201	5543	-2.6960999999999995
15:44:26.640314	2850	4.671755	0.0	1354548	3453	1.4000000000000001
15:44:32.614413	2850	4.45886	1.692	1519951	5738	-4.425599999999999
15:44:38.971382	2850	4.40152	2.304	1422919	6077	-7.0572
15:44:43.611354	1850	4.455813	0.708	1036454	4367	-2.1944
15:44:47.376981	1850	4.689951	0.0	821631	3512	1.85
15:44:51.545417	1850	4.513015	0.0	923170	3829	1.85
15:44:55.903076	1850	4.414155	0.24	966699	4063	0.8180000000000001
15:44:59.944021	1850	4.404323	0.026	885714	3779	1.7382000000000002
15:45:04.383035	1850	4.43047	0.47	987708	4180	-0.17099999999999982
15:45:08.566691	1850	4.400737	0.16	923755	3888	1.1620000000000001
15:45:12.597145	1850	4.377521	0.0	891604	3803	1.85
15:45:16.995030	1850	4.312512	0.337	955231	4082	0.40090000000000026
15:45:21.915605	1850	4.399172	1.006	968026	4669	-2.4758
15:45:26.676408	1850	4.405613	0.728	874175	4448	-1.2804000000000002
15:45:29.961969	1200	5.107963	0.0	587236	2938	0.5499999999999999
15:45:33.331025	1200	5.733452	0.0	590335	3001	1.2
15:45:37.082453	1200	5.9823	0.0	696376	3451	1.2
15:45:39.808683	1200	7.267649	0.0	487160	2384	1.2
15:45:44.952323	1850	6.070447	0.0	972798	4862	1.2000000000000002
15:45:48.519031	1200	6.528353	0.0	641447	3288	0.5499999999999999
15:45:51.761753	1200	7.300095	0.0	570392	2894	1.2
15:45:55.097004	1200	7.961611	0.0	620283	3041	1.2
15:45:59.884964	1850	7.180157	0.0	885062	4447	1.2000000000000002
15:46:05.383024	1850	5.680536	0.0	1035329	5171	1.85
15:46:09.125164	1200	5.924142	0.0	690253	3426	0.5499999999999999
15:46:12.459697	1200	6.530819	0.0	598727	3113	1.2
15:46:16.522533	1850	6.536182	0.0	728962	3723	1.2000000000000002
15:46:21.553760	1850	5.512752	0.0	938587	4725	1.85
15:46:26.246355	1850	4.815155	0.0	908665	4389	1.85
15:46:29.498061	1200	5.510704	0.0	587506	3001	0.5499999999999999
15:46:32.699989	1200	6.317855	0.0	566904	2855	1.2
15:46:36.237851	1200	6.780106	0.0	641452	3296	1.2
15:46:39.626148	1200	7.437965	0.0	599477	3082	1.2
15:46:44.870173	1850	6.198003	0.0	973972	4941	1.2000000000000002
15:46:49.891349	1850	5.166168	0.0	958994	4732	1.85
15:46:53.374894	1200	5.660509	0.0	638661	3204	0.5499999999999999
15:46:57.827430	1850	5.23229	0.0	830730	4170	1.2000000000000002
15:47:02.337013	1850	4.703776	0.0	846370	4273	1.85
15:47:05.584897	1850	3.153997	0.0	598850	3009	1.85

