15:44:30.728079	750	4	1.92	450283	1861	-8.256
15:44:35.090916	1850	4.499039	0.64	957685	4009	-2.002
15:44:39.045851	1850	4.489597	0.0	877771	3724	1.85
15:44:43.306410	1850	4.388902	0.108	933276	3954	1.3856000000000002
15:44:47.686570	1850	4.49685	0.504	996749	4010	-0.3171999999999997
15:44:51.369316	1850	4.826922	0.0	801058	3417	1.85
15:44:55.406166	1850	4.785694	0.0	905515	3753	1.85
15:45:00.027769	1850	4.251373	0.13	1060487	4372	1.291
15:45:03.949409	1850	4.375465	0.0	852833	3637	1.85
15:45:08.010738	1850	4.38161	0.063	913888	3786	1.5791000000000002
15:45:12.078446	1850	4.444938	0.128	939819	3768	1.2996
15:45:16.084894	1850	4.433515	0.0	917428	3733	1.85
15:45:20.233505	1850	4.323613	0.009	946851	3841	1.8113000000000001
15:45:25.729684	1850	4.332428	1.507	1036454	5155	-4.630099999999999
15:45:30.040518	1850	4.339244	0.36	821631	4034	0.30200000000000005
15:45:34.973823	1850	4.449846	1.019	923170	4620	-2.5316999999999994
15:45:38.375321	1200	5.029335	0.0	617242	3074	0.5499999999999999
15:45:41.557943	1200	5.869274	0.0	581493	2886	1.2
15:45:45.020932	1200	6.362436	0.0	639204	3211	1.2
15:45:48.374479	1200	7.069024	0.0	586839	3019	1.2
15:45:53.075908	1850	6.375024	0.0	891604	4381	1.2000000000000002
15:45:58.081982	1850	5.33413	0.0	955231	4709	1.85
15:46:01.602527	1200	5.808081	0.0	656471	3212	0.5499999999999999
15:46:04.693496	1200	6.747252	0.0	536667	2765	1.2
15:46:07.878816	1200	7.55983	0.0	587236	2870	1.2
15:46:12.461736	1850	6.861909	0.0	905935	4380	1.2000000000000002
15:46:18.266867	1850	5.153702	0.0	1076599	5452	1.85
15:46:22.359390	1850	5.059979	0.0	758197	3801	1.85
15:46:25.921510	1200	5.477393	0.0	622896	3193	0.5499999999999999
15:46:29.476409	1200	5.931241	0.0	641447	3237	1.2
15:46:32.571600	1200	6.864416	0.0	570392	2837	1.2
15:46:35.920710	1200	7.519065	0.0	620283	3074	1.2
15:46:40.542399	1850	6.901218	0.0	885062	4300	1.2000000000000002
15:46:45.994412	1850	5.43061	0.0	1035329	5139	1.85
15:46:49.771925	1200	5.64211	0.0	690253	3494	0.5499999999999999
15:46:53.038729	1200	6.40113	0.0	598727	2973	1.2
15:46:56.936092	1850	6.477618	0.0	728962	3597	1.2000000000000002
15:47:01.964275	1850	5.491053	0.0	938587	4702	1.85
15:47:05.240098	1200	6.177767	0.0	605884	2966	0.5499999999999999
15:47:07.526152	1200	7.863185	0.0	587506	2020	1.2
15:47:10.606054	1850	8.780207	0.0	858450	2846	1.2000000000000002
15:47:14.245763	1850	9.144584	0.0	1025005	3405	1.85
15:47:17.392446	1850	9.996693	0.0	886255	2913	1.85
15:47:22.970689	2850	8.415277	0.0	1587250	5299	1.85
15:47:27.259572	2850	8.10007	0.0	1464921	3988	2.85
15:47:31.205037	2850	8.154565	0.0	1483527	3744	2.85
15:47:34.465529	2850	8.897515	0.0	1231456	3090	2.85
15:47:40.186600	4300	7.175514	0.0	2155012	5519	2.8499999999999996
15:47:43.974080	4300	5.071375	0.0	1433658	3627	4.3

