15:43:43.233939	750	4	0.841	450283	782	-3.6163
15:43:47.073038	4300	4.487253	0.244	2123065	3702	-0.2991999999999999
15:43:50.981741	4300	4.574954	0.0	2177073	3791	4.3
15:43:54.936053	4300	4.614816	0.0	2160877	3763	4.3
15:43:59.089911	4300	4.481586	0.021	2233056	3946	4.2097
15:44:02.572633	4300	4.999586	0.0	1941625	3374	4.3
15:44:06.435004	4300	5.13486	0.0	2157535	3762	4.3
15:44:11.825471	4300	4.252681	0.472	2290172	5159	2.2704
15:44:17.264261	4300	4.477225	1.657	2055469	5264	-2.8251
15:44:22.976378	4300	4.383202	1.615	2169201	5539	-2.6445
15:44:26.648516	2850	4.711909	0.0	1354548	3451	1.4000000000000001
15:44:32.645144	2850	4.497958	1.736	1519951	5757	-4.614799999999999
15:44:38.995950	2850	4.484835	2.344	1422919	6071	-7.229199999999999
15:44:43.634520	1850	4.329027	0.48	1036454	4345	-1.214
15:44:47.387464	1850	4.580312	0.0	821631	3508	1.85
15:44:51.550937	1850	4.407182	0.0	923170	3827	1.85
15:44:55.911027	1850	4.309682	0.245	966699	4066	0.7965
15:44:59.949814	1850	4.305246	0.027	885714	3776	1.7339
15:45:04.395016	1850	4.333247	0.472	987708	4167	-0.17959999999999976
15:45:08.566170	1850	4.306178	0.162	923755	3881	1.1534
15:45:12.627703	1850	4.468832	0.22	891604	3806	0.9040000000000001
15:45:16.995562	1850	4.438776	0.339	955231	4079	0.3923000000000001
15:45:22.000651	1850	4.278621	0.836	968026	4695	-1.7447999999999997
15:45:26.761611	1850	4.365182	0.831	874175	4440	-1.7232999999999996
15:45:30.027376	1200	5.084003	0.0	587236	2944	0.5499999999999999
15:45:33.330462	1200	5.798685	0.0	590335	3003	1.2
15:45:37.090614	1200	6.038716	0.0	696376	3453	1.2
15:45:39.804316	1200	7.335174	0.0	487160	2391	1.2
15:45:44.942195	1850	6.157811	0.0	972798	4848	1.2000000000000002
15:45:48.529202	1200	6.585355	0.0	641447	3280	0.5499999999999999
15:45:51.761217	1200	7.367401	0.0	570392	2891	1.2
15:45:55.102594	1200	8.024244	0.0	620283	3038	1.2
15:45:59.879833	1850	7.248053	0.0	885062	4448	1.2000000000000002
15:46:05.365058	1850	5.762564	0.0	1035329	5162	1.85
15:46:09.136628	1200	5.983304	0.0	690253	3433	0.5499999999999999
15:46:12.442430	1200	6.646586	0.0	598727	3061	1.2
15:46:16.490676	1850	6.647334	0.0	728962	3738	1.2000000000000002
15:46:21.532102	1850	5.600086	0.0	938587	4728	1.85
15:46:26.236314	1850	4.904422	0.0	908665	4395	1.85
15:46:29.501235	1200	5.57337	0.0	587506	3001	0.5499999999999999
15:46:32.689921	1200	6.391062	0.0	566904	2856	1.2
15:46:36.232315	1200	6.845892	0.0	641452	3274	1.2
15:46:39.615618	1200	7.514221	0.0	599477	3087	1.2
15:46:44.849651	1850	6.277289	0.0	973972	4932	1.2000000000000002
15:46:49.893126	1850	5.221194	0.0	958994	4760	1.85
15:46:53.364200	1200	5.745671	0.0	638661	3187	0.5499999999999999
15:46:57.814622	1850	5.313833	0.0	830730	4158	1.2000000000000002
15:47:02.338029	1850	4.773444	0.0	846370	4274	1.85
15:47:05.575177	1850	3.229142	0.0	598850	3007	1.85

