15:44:10.168293	750	4	1.205	450283	1165	-5.1815
15:44:13.982187	2850	4.355031	0.0	1431809	3553	0.75
15:44:17.409579	2850	4.910158	0.0	1300868	3189	2.85
15:44:21.592767	2850	4.739054	0.0	1520281	3968	2.85
15:44:25.376115	2850	4.961728	0.0	1472558	3572	2.85
15:44:29.163179	2850	5.225781	0.0	1224260	3491	2.85
15:44:35.212198	2850	4.239391	1.096	1388403	5789	-1.8628000000000005
15:44:39.928854	1850	4.341682	0.811	1060487	4390	-2.6372999999999998
15:44:43.756679	1850	4.490688	0.0	852833	3584	1.85
15:44:47.774599	1850	4.487123	0.0	913888	3755	1.85
15:44:51.945837	1850	4.399787	0.063	939819	3900	1.5791000000000002
15:44:56.041784	1850	4.462837	0.195	917428	3859	1.0115
15:45:00.289603	1850	4.403788	0.143	946851	3947	1.2351
15:45:04.856610	1850	4.296537	0.466	1036454	4267	-0.15379999999999994
15:45:08.614040	1850	4.486167	0.0	821631	3514	1.85
15:45:12.771165	1850	4.344985	0.0	923170	3889	1.85
15:45:17.074626	1850	4.256816	0.251	966699	4103	0.7707000000000002
15:45:21.789884	1850	4.262906	0.629	885714	4333	-0.8546999999999998
15:45:26.922584	1850	4.39744	1.274	987708	4862	-3.6282
15:45:30.123704	1200	5.146179	0.0	586839	2882	0.5499999999999999
15:45:34.933373	1850	4.420957	0.022	891604	4468	1.1054
15:45:38.289878	1200	5.054159	0.0	616206	3067	0.5499999999999999
15:45:41.790000	1200	5.558691	0.0	656471	3178	1.2
15:45:44.872828	1200	6.48192	0.0	536667	2772	1.2
15:45:48.046388	1200	7.30765	0.0	587236	2907	1.2
15:45:52.798342	1850	6.555947	0.0	905935	4405	1.2000000000000002
15:45:56.516888	1200	6.835757	0.0	696376	3391	0.5499999999999999
15:46:00.550223	1850	6.785567	0.0	758197	3702	1.2000000000000002
15:46:05.691242	1850	5.66009	0.0	972798	4818	1.85
15:46:09.193453	1200	6.109451	0.0	641447	3239	0.5499999999999999
15:46:12.420279	1200	6.887503	0.0	570392	2937	1.2
15:46:15.682960	1200	7.670331	0.0	620283	3008	1.2
15:46:20.412580	1850	6.919614	0.0	885062	4434	1.2000000000000002
15:46:25.884085	1850	5.449407	0.0	1035329	5163	1.85
15:46:29.509554	1200	5.74429	0.0	690253	3405	0.5499999999999999
15:46:32.795650	1200	6.487628	0.0	598727	2986	1.2
15:46:36.671286	1850	6.683742	0.0	728962	3545	1.2000000000000002
15:46:41.673323	1850	5.677419	0.0	938587	4685	1.85
15:46:45.067764	1200	6.277443	0.0	605884	3061	0.5499999999999999
15:46:48.311093	1200	7.042522	0.0	587506	2922	1.2
15:46:51.378256	1200	7.973333	0.0	566904	2734	1.2
15:46:56.811280	1850	6.540305	0.0	1025005	5080	1.2000000000000002
15:47:01.624405	1850	5.730611	0.0	886255	4493	1.85
15:47:05.085811	1200	6.276976	0.0	634861	3087	0.5499999999999999
15:47:08.558580	1850	6.744595	0.0	958994	3206	1.2000000000000002
15:47:12.045164	1850	7.257965	0.0	982064	3245	1.85
15:47:16.413978	2850	6.889642	0.0	1231456	4144	1.85
15:47:21.188730	2850	6.110279	0.0	1364537	4559	2.85
15:47:24.293565	2850	4.690988	0.0	889412	2927	2.85

