14:47:41.334757 0.133088 0.133088 0.665439 3262325.775565 0.280684
14:47:41.817387 0.334907 0.158315 0.759398 2568354.375974 0.284694
14:47:42.232182 0.414606 0.190352 0.897454 2114162.131186 0.288703
14:47:42.650767 0.418390 0.218856 0.977222 2114620.150237 0.292713
14:47:43.408748 0.385594 0.239699 0.975210 2336965.038920 0.457114
14:47:43.839023 0.358732 0.254578 0.925245 2534794.882498 0.463291
14:47:44.309555 0.365782 0.268478 0.882683 2530731.263755 0.469468
14:47:44.783098 0.369631 0.281122 0.842929 2526540.978912 0.475645
14:47:45.266705 0.377402 0.293157 0.810792 2517930.034378 0.481822
14:47:45.977544 0.420341 0.309055 0.824465 2280205.752262 0.488000
14:47:46.438669 0.393371 0.319595 0.790468 2478189.137758 0.494177
14:47:46.932622 0.392974 0.328767 0.755301 2501538.661941 0.500354
14:47:47.440889 0.400674 0.337756 0.729563 2494357.840952 0.506531
14:47:47.951609 0.404738 0.346128 0.706966 2489551.576681 0.512708
14:47:48.472109 0.412377 0.354409 0.691286 2483165.395685 0.518886
14:47:48.994893 0.416198 0.362133 0.676579 2480050.269994 0.525063
14:47:49.683882 0.465757 0.375086 0.714545 2251337.587063 0.531240
14:47:50.183786 0.434436 0.382505 0.696449 2432506.464579 0.537417
14:47:50.722519 0.435500 0.389129 0.677582 2464182.876684 0.543595
14:47:51.270220 0.439436 0.395417 0.662064 2460754.469888 0.549772
14:47:51.827980 0.447215 0.401892 0.653675 2454587.588098 0.555949
14:47:52.388062 0.451071 0.408040 0.646055 2451764.669647 0.562126
14:47:52.958100 0.458824 0.414388 0.643684 2446045.100965 0.568303
14:47:53.618094 0.508794 0.426188 0.692567 2221912.691666 0.574481
14:47:54.160690 0.476863 0.432523 0.682981 2405051.812962 0.580658
14:47:54.739049 0.474324 0.437748 0.667393 2435196.256816 0.586835
14:47:55.333762 0.482018 0.443282 0.659786 2430315.910940 0.593012
14:47:55.930904 0.485999 0.448621 0.653717 2427263.717429 0.599189
14:47:56.538025 0.493718 0.454258 0.653177 2422500.740886 0.605367
14:47:57.147402 0.497540 0.459669 0.652139 2420356.166373 0.611544
14:47:57.821598 0.529228 0.468364 0.682276 2306393.585578 0.617721
14:47:58.419376 0.509231 0.473472 0.674773 2413050.966703 0.623898
14:47:59.051177 0.516922 0.478903 0.673329 2408843.127314 0.630076
14:47:59.685957 0.521437 0.484220 0.672574 2403695.165260 0.636253
14:48:00.329682 0.528634 0.489772 0.675451 2401963.983814 0.642430
14:48:01.190347 0.564046 0.499056 0.712590 2265687.927621 0.648607
14:48:01.815287 0.540309 0.504213 0.705616 2395546.887150 0.654784
14:48:02.474110 0.544157 0.509206 0.700203 2393661.999208 0.660962
14:48:03.143128 0.551848 0.514536 0.700426 2389990.697064 0.667139
14:48:03.814513 0.555681 0.519679 0.700242 2388247.975654 0.673316
14:48:04.977918 0.608616 0.530796 0.755155 2207447.305190 0.679493
14:48:05.617522 0.568718 0.535536 0.741728 2376713.127828 0.685670
14:48:06.309768 0.575072 0.540478 0.734657 2378944.633041 0.271797
14:48:06.565603 0.255658 0.504876 0.935330 2114826.008119 0.543595
14:48:07.293449 0.439411 0.496693 0.884999 2460894.663049 0.549772
14:48:07.851218 0.447193 0.490505 0.831234 2454706.675242 0.555949
14:48:08.411341 0.451127 0.485583 0.780508 2451460.169245 0.562126
14:48:09.427490 0.499312 0.487299 0.722222 2247700.105295 0.568303
14:48:09.962306 0.465770 0.484608 0.682329 2427155.001397 0.574481
14:48:10.541699 0.470448 0.482838 0.645289 2437846.389533 0.580658
14:48:11.126365 0.474281 0.481768 0.612164 2435417.829930 0.586835
14:48:11.721242 0.482089 0.481808 0.579926 2429957.738777 0.593012
14:48:12.318383 0.486040 0.482337 0.560157 2427058.925239 0.599189
14:48:13.017847 0.538424 0.489348 0.603800 2221357.083970 0.605367
14:48:13.587571 0.502704 0.491018 0.590212 2395492.488997 0.611544
14:48:14.202119 0.505449 0.492822 0.581648 2414899.305394 0.617721
14:48:14.823892 0.509191 0.494868 0.577857 2413239.653847 0.623898
14:48:15.455722 0.516968 0.497630 0.581973 2408628.718689 0.630076
14:48:16.089935 0.520867 0.500535 0.587029 2406325.870120 0.636253
14:48:16.857719 0.573375 0.509640 0.647350 2214536.785816 0.642430
14:48:17.462313 0.535450 0.512866 0.641959 2386687.914281 0.648607
14:48:18.116096 0.540380 0.516305 0.640639 2395232.979462 0.654784
14:48:18.774847 0.544108 0.519781 0.640834 2393877.015589 0.660962
14:48:19.443925 0.551942 0.523801 0.646752 2389583.936353 0.667139
14:48:20.115079 0.555778 0.527798 0.651988 2387832.022558 0.673316
14:48:20.822620 0.563331 0.532240 0.660915 2384900.290104 0.679493
14:48:21.506292 0.567445 0.536640 0.668352 2382045.670181 0.327392
14:48:21.816336 0.309865 0.508293 0.833853 2114985.572808 0.654784
14:48:22.705778 0.544087 0.512768 0.792731 2393970.376191 0.660962
14:48:23.374850 0.551952 0.517666 0.766822 2389541.616415 0.667139
14:48:24.046011 0.555744 0.522425 0.747371 2387976.462752 0.673316
14:48:24.888116 0.608028 0.533126 0.787438 2209582.689549 0.679493
14:48:25.527698 0.568070 0.537494 0.763172 2379425.343763 0.685670
14:48:26.220633 0.575094 0.542194 0.749053 2378852.912089 0.691848
14:48:26.916713 0.579064 0.546803 0.738817 2376691.101185 0.698025
14:48:27.622671 0.586808 0.551803 0.735819 2373246.581742 0.704202
14:48:28.828684 0.634993 0.562202 0.783404 2206058.699267 0.710379
14:48:29.502563 0.598415 0.566729 0.768843 2368283.284606 0.716556
14:48:30.223121 0.602223 0.571165 0.758245 2366910.912770 0.407696
14:48:30.606843 0.383535 0.547712 0.875652 2114559.791847 0.413873
14:48:30.998490 0.361141 0.524390 0.956916 2291049.969247 0.420050
14:48:31.393833 0.336318 0.500881 1.013348 2484505.617059 0.426228
14:48:31.814809 0.330928 0.479637 1.033940 2574482.634352 0.432405
14:48:32.251265 0.334790 0.461531 1.022106 2569252.433317 0.438582
14:48:32.792655 0.383961 0.451835 0.949836 2282897.330172 0.444759
14:48:33.211193 0.357660 0.440063 0.907739 2473680.180400 0.450936
14:48:33.658968 0.354214 0.429332 0.865938 2543999.162997 0.457114
14:48:34.120114 0.358001 0.420416 0.819201 2539970.603236 0.463291
14:48:34.591432 0.365801 0.413589 0.767292 2530600.956529 0.469468
14:48:35.064982 0.369630 0.408094 0.717330 2526549.127257 0.475645
14:48:35.548675 0.377469 0.404266 0.666818 2517483.136070 0.481822
14:48:36.251945 0.428467 0.407291 0.628406 2236960.888586 0.488000
14:48:36.713246 0.401716 0.406594 0.578006 2426709.453565 0.494177
14:48:37.198854 0.392967 0.404891 0.547076 2501584.193498 0.500354
14:48:37.707340 0.400834 0.404384 0.515079 2493360.821841 0.506531
14:48:38.217763 0.404583 0.404409 0.487630 2490505.178288 0.512708
14:48:38.738468 0.412305 0.405396 0.475708 2483597.604394 0.518886
14:48:39.261427 0.416174 0.406743 0.470256 2480193.768400 0.525063
14:48:40.129287 0.469643 0.414605 0.525140 2232709.256459 0.531240
14:48:40.629356 0.438384 0.417578 0.524257 2410599.929555 0.537417
14:48:41.164135 0.435568 0.419826 0.517826 2463799.808971 0.543595
14:48:41.711754 0.439448 0.422279 0.515401 2460686.381831 0.549772
14:48:42.269559 0.447254 0.425401 0.520217 2454372.998681 0.555949
14:48:42.829594 0.451111 0.428615 0.525437 2451546.976545 0.562126
14:48:43.399791 0.458905 0.432401 0.535308 2445613.024410 0.568303
14:48:44.191252 0.511640 0.442306 0.598725 2209553.281999 0.574481
14:48:44.733758 0.479677 0.446977 0.601663 2390942.428129 0.580658
14:48:45.309225 0.474317 0.450395 0.593749 2435231.754768 0.586835
14:48:45.904023 0.482063 0.454353 0.593537 2430088.735812 0.593012
14:48:46.501130 0.485975 0.458306 0.594315 2427383.989415 0.599189
14:48:47.108296 0.493795 0.462742 0.600238 2422122.942654 0.605367
14:48:47.904817 0.541927 0.472640 0.654947 2222115.357415 0.611544
14:48:48.482473 0.507872 0.477044 0.649006 2403377.861959 0.617721
14:48:49.101804 0.509223 0.481067 0.642217 2413088.249847 0.623898
14:48:49.733661 0.516960 0.485553 0.642309 2408666.487387 0.630076
14:48:50.367745 0.520814 0.489961 0.642788 2406571.520136 0.636253
14:48:51.011955 0.528567 0.494787 0.648014 2402268.431585 0.642430
14:48:52.038147 0.577085 0.505074 0.702293 2214495.195317 0.648607
14:48:52.650378 0.540532 0.509506 0.692878 2394559.993536 0.654784
14:48:53.308956 0.544121 0.513833 0.685977 2393820.373380 0.660962
14:48:53.977827 0.551765 0.518574 0.685614 2390351.116010 0.667139
14:48:54.649196 0.555724 0.523218 0.685648 2388062.520536 0.673316
14:48:55.884449 0.608794 0.533915 0.741313 2206802.395469 0.679493
14:48:56.524727 0.569544 0.538369 0.729546 2373266.714160 0.685670
14:48:57.216173 0.575085 0.542958 0.723058 2378889.402374 0.691848
14:48:57.912153 0.579013 0.547465 0.718595 2376899.552213 0.469468
14:48:58.353997 0.441658 0.534239 0.768393 2114504.792551 0.475645
14:48:58.803679 0.415558 0.519404 0.813701 2286738.113828 0.481822
14:48:59.304832 0.406546 0.505297 0.838878 2357578.942864 0.488000
14:48:59.775419 0.389037 0.490764 0.857210 2505798.332817 0.494177
14:49:00.273658 0.392904 0.478532 0.851226 2501984.942684 0.500354
14:49:00.781993 0.400680 0.468800 0.826173 2494319.250980 0.506531
14:49:01.292584 0.404554 0.460770 0.793045 2490684.243406 0.512708
14:49:01.813223 0.412275 0.454708 0.752409 2483780.010016 0.518886
14:49:02.336269 0.416232 0.449898 0.711650 2479847.127380 0.525063
14:49:03.330053 0.467998 0.452161 0.666574 2240556.450474 0.531240
14:49:03.830110 0.436722 0.450231 0.626480 2419773.860033 0.537417
14:49:04.366530 0.435565 0.448398 0.595250 2463815.992521 0.543595
14:49:04.914264 0.439514 0.447287 0.566310 2460317.970645 0.549772
14:49:05.471925 0.447193 0.447275 0.536637 2454707.983957 0.555949
14:49:06.032221 0.451337 0.447783 0.518866 2450319.289652 0.562126
14:49:06.601983 0.458790 0.449159 0.513478 2446225.601667 0.568303
14:49:07.399022 0.507399 0.456439 0.562919 2228021.373500 0.574481
14:49:07.941425 0.475319 0.458799 0.557539 2412863.035233 0.580658
14:49:08.521278 0.474334 0.460741 0.550331 2435144.847823 0.586835
14:49:09.116607 0.482653 0.463480 0.552584 2427118.937195 0.593012
14:49:09.713161 0.485998 0.466295 0.555641 2427269.671208 0.599189
14:49:10.320171 0.493687 0.469719 0.564121 2422651.659183 0.605367
14:49:11.071282 0.542633 0.478833 0.622549 2219223.442551 0.611544
14:49:11.648778 0.508485 0.482540 0.619979 2400479.484772 0.617721
14:49:12.267431 0.509224 0.485875 0.615639 2413083.730617 0.623898
14:49:12.899342 0.517049 0.489772 0.618269 2408251.096845 0.630076
14:49:13.533337 0.520816 0.493652 0.621069 2406561.605038 0.636253
14:49:14.177525 0.528567 0.498017 0.628494 2402269.515167 0.642430
14:49:14.852902 0.532314 0.502304 0.634459 2400748.150282 0.290329
14:49:15.128021 0.274939 0.473883 0.800364 2115494.246446 0.580658
14:49:15.908427 0.474325 0.473938 0.719241 2435191.360627 0.586835
14:49:16.503233 0.482073 0.474955 0.667067 2430038.258218 0.593012
14:49:17.100319 0.485952 0.476330 0.631410 2427498.318391 0.599189
14:49:17.707491 0.493737 0.478506 0.612223 2422407.157588 0.605367
14:49:18.783685 0.539238 0.486097 0.647118 2233194.843456 0.611544
14:49:19.359260 0.505395 0.488510 0.628573 2415156.769491 0.617721
14:49:19.981107 0.509297 0.491108 0.616943 2412736.930183 0.623898
14:49:20.612875 0.516964 0.494340 0.614572 2408647.602890 0.630076
14:49:21.247121 0.520880 0.497657 0.614372 2406266.392905 0.636253
14:49:21.891237 0.528575 0.501522 0.619975 2402232.673933 0.642430
14:49:22.537770 0.532459 0.505389 0.625166 2400094.562254 0.648607
14:49:23.319521 0.577473 0.514400 0.676316 2241378.615623 0.654784
14:49:23.941056 0.544145 0.518118 0.669300 2393715.487479 0.660962
14:49:24.610018 0.551909 0.522342 0.669520 2389727.422420 0.667139
14:49:25.281427 0.555912 0.526538 0.670492 2387255.460313 0.673316
14:49:26.469046 0.610452 0.537027 0.728906 2200808.809314 0.352101
14:49:26.802193 0.332966 0.511520 0.859490 2115867.119050 0.704202
14:49:27.764575 0.590646 0.521410 0.861515 2371694.606181 0.488000
14:49:28.225851 0.461081 0.513869 0.829277 2114266.128583 0.494177
14:49:28.691037 0.431862 0.503618 0.822181 2276283.347407 0.500354
14:49:29.163943 0.404232 0.491195 0.829504 2472401.833174 0.506531
14:49:29.671010 0.404580 0.480368 0.820715 2490524.257771 0.512708
14:49:30.516405 0.450817 0.476674 0.761485 2271431.100280 0.518886
14:49:31.004612 0.420049 0.469596 0.739830 2457312.198886 0.525063
14:49:31.533734 0.423939 0.463889 0.712221 2473412.508937 0.531240
14:49:32.069076 0.427798 0.459378 0.681718 2470249.788622 0.537417
14:49:32.614455 0.435536 0.456397 0.646994 2463979.188529 0.543595
14:49:33.164010 0.441225 0.454501 0.612621 2450776.526384 0.549772
14:49:33.720023 0.447232 0.453592 0.579451 2454493.373489 0.555949
14:49:34.616502 0.495322 0.458808 0.594932 2232729.465736 0.562126
14:49:35.148225 0.464855 0.459564 0.567704 2414310.068771 0.568303
14:49:35.714627 0.462785 0.459967 0.544292 2442810.346910 0.574481
14:49:36.297024 0.470541 0.461289 0.535107 2437364.648580 0.580658
14:49:36.881775 0.474405 0.462928 0.531408 2434780.151105 0.586835
14:49:37.476594 0.482150 0.465331 0.535913 2429650.131546 0.593012
14:49:38.282116 0.530351 0.473458 0.591415 2224278.204571 0.599189
14:49:38.847751 0.496791 0.476375 0.588175 2407514.831469 0.605367
14:49:39.454123 0.497595 0.479028 0.584098 2420088.277124 0.611544
14:49:40.073690 0.505362 0.482319 0.587456 2415314.009079 0.617721
14:49:40.695565 0.509279 0.485689 0.591502 2412822.773775 0.623898
14:49:41.327373 0.517002 0.489603 0.600275 2408470.991636 0.630076
14:49:42.279841 0.564747 0.498996 0.657144 2219358.029208 0.636253
14:49:42.880510 0.529146 0.502765 0.651526 2399639.293070 0.642430
14:49:43.526520 0.532461 0.506477 0.647743 2400085.964783 0.648607
14:49:44.183130 0.540232 0.510696 0.650401 2395889.425752 0.475645
14:49:44.632857 0.449533 0.503051 0.668993 2113909.390981 0.481822
14:49:45.086397 0.421141 0.492812 0.699179 2275874.841587 0.488000
14:49:45.720407 0.434401 0.485511 0.698697 2244119.881775 0.494177
14:49:46.185585 0.405339 0.475489 0.715551 2425229.236940 0.500354
14:49:46.681587 0.400803 0.466154 0.720886 2493555.118674 0.506531
14:49:47.192104 0.404559 0.458454 0.711098 2490651.951072 0.512708
14:49:47.712925 0.412476 0.452707 0.688168 2482568.304962 0.518886
14:49:48.235728 0.416172 0.448140 0.661271 2480205.135320 0.525063
14:49:48.768713 0.423932 0.445114 0.629170 2473452.849167 0.531240
14:49:49.304011 0.427773 0.442946 0.598330 2470394.351537 0.537417
14:49:50.083272 0.478937 0.447445 0.599973 2240695.958451 0.543595
14:49:50.594950 0.447018 0.447392 0.562215 2419017.181224 0.549772
14:49:51.145157 0.447290 0.447379 0.533598 2454174.144428 0.555949
14:49:51.705103 0.451110 0.447846 0.516241 2451552.159265 0.562126
14:49:52.275316 0.458842 0.449220 0.511513 2445948.505898 0.568303
14:49:52.847623 0.462696 0.450905 0.511100 2443279.854765 0.574481
14:49:53.430602 0.470973 0.453413 0.518628 2435128.900984 0.580658
14:49:54.661579 0.213901 0.423474 0.711898 2719163.927443 0.296506
14:49:54.951053 0.206806 0.396391 0.829376 2852065.019646 0.302683
14:49:55.261727 0.214621 0.373669 0.880178 2824550.303195 0.308861
14:49:55.574663 0.218465 0.354269 0.889355 2812348.648327 0.315038
14:49:55.897729 0.226307 0.338274 0.867550 2787291.473920 0.321215
14:49:56.222993 0.230130 0.324756 0.829857 2776587.662801 0.327392
14:49:56.558323 0.237860 0.313894 0.779615 2755231.822368 0.333569
14:49:56.896042 0.241786 0.304880 0.726279 2744377.223898 0.339747
14:49:57.244051 0.249912 0.298009 0.669026 2720701.430675 0.345924
14:49:57.593624 0.253382 0.292431 0.615321 2715773.370412 0.352101
14:49:58.126016 0.303069 0.293761 0.546567 2324591.869852 0.358278
14:49:58.463275 0.282025 0.292294 0.493634 2527094.230375 0.364455
14:49:58.818607 0.272738 0.289849 0.460410 2673217.717228 0.370633
14:49:59.193302 0.276631 0.288197 0.429336 2665212.228422 0.376810
14:49:59.578172 0.284316 0.287712 0.397447 2650796.413824 0.382987
14:49:59.965464 0.288299 0.287785 0.370674 2642589.043977 0.389164
14:50:00.362494 0.295999 0.288812 0.359192 2629197.626245 0.395341
14:50:00.761882 0.299859 0.290193 0.354025 2622672.245629 0.401519
14:50:01.221531 0.329628 0.295122 0.382432 2435521.322810 0.407696
14:50:01.611219 0.311533 0.297174 0.379066 2603281.408558 0.413873
14:50:02.033089 0.319327 0.299943 0.383516 2591048.359224 0.420050
14:50:02.457128 0.323141 0.302843 0.388721 2585817.790165 0.426228
14:50:02.891268 0.330881 0.306347 0.398795 2574846.226209 0.432405
14:50:03.327760 0.334736 0.309896 0.407620 2569666.006859 0.438582
14:50:03.774292 0.342522 0.313974 0.419893 2559087.097117 0.444759
14:50:04.223170 0.346415 0.318029 0.429910 2553976.850000 0.450936
14:50:04.682042 0.354134 0.322542 0.442557 2544574.641231 0.457114
14:50:05.220610 0.403124 0.332615 0.503208 2255664.077898 0.463291
14:50:05.658590 0.377689 0.338249 0.511267 2450948.485416 0.469468
14:50:06.120192 0.369720 0.342183 0.503417 2525933.260562 0.475645
14:50:06.603687 0.377419 0.346588 0.502749 2517817.102032 0.481822
14:50:07.089617 0.381274 0.350923 0.502731 2513845.785279 0.488000
14:50:07.585576 0.389031 0.355687 0.507650 2505835.189229 0.494177
14:50:08.083868 0.392915 0.360340 0.511541 2501915.105937 0.500354
14:50:09.032596 0.445544 0.370991 0.569595 2243154.413570 0.506531
14:50:09.509241 0.415650 0.376573 0.570185 2424194.068280 0.512708
14:50:10.018924 0.412375 0.381048 0.562059 2483176.881014 0.518886
14:50:10.541802 0.416154 0.385437 0.556300 2480311.705263 0.525063
14:50:11.074844 0.423920 0.390247 0.556878 2473523.795522 0.531240
14:50:11.611829 0.429440 0.395146 0.559312 2460804.645715 0.537417
14:50:12.155541 0.435548 0.400196 0.563723 2463911.749541 0.543595
14:50:12.943031 0.484068 0.410680 0.617197 2233867.252340 0.549772
14:50:13.462375 0.453490 0.416032 0.613729 2420622.184358 0.555949
14:50:14.016226 0.451198 0.420427 0.603866 2451075.440751 0.562126
14:50:14.586104 0.458793 0.425223 0.601168 2446210.347056 0.568303
14:50:15.158531 0.462677 0.429905 0.599317 2443380.577007 0.574481
14:50:15.741123 0.470575 0.434989 0.602718 2437189.292742 0.580658
14:50:16.545246 0.520396 0.445664 0.656869 2219602.020200 0.586835
14:50:17.099190 0.487471 0.450890 0.651100 2403130.286361 0.593012
14:50:17.690959 0.485977 0.455276 0.640520 2427374.462486 0.599189
14:50:18.298091 0.493677 0.460076 0.637410 2422701.969461 0.605367
14:50:18.907507 0.497582 0.464764 0.635270 2420152.054900 0.611544
14:50:19.527057 0.505379 0.469841 0.638335 2415233.107893 0.617721
14:50:20.148796 0.509204 0.474762 0.640495 2413178.638009 0.623898
14:50:20.865165 0.561412 0.485593 0.696543 2217950.074143 0.630076
14:50:21.458268 0.524366 0.490440 0.687426 2390268.752147 0.636253
14:50:22.099085 0.528690 0.495221 0.681211 2401709.433715 0.642430
14:50:22.745650 0.532602 0.499894 0.676767 2399449.922851 0.648607
14:50:23.402078 0.540221 0.504934 0.677917 2395938.065717 0.654784
14:50:24.552482 0.590925 0.515683 0.731411 2204218.890600 0.660962
14:50:25.176419 0.553745 0.520441 0.720298 2381803.764033 0.308861
14:50:25.467176 0.290565 0.491706 0.871476 2114500.957235 0.315038
14:50:25.765655 0.273867 0.464477 0.967143 2303248.291813 0.321215
14:50:26.068038 0.254897 0.438279 1.024858 2506801.974253 0.327392
14:50:26.378649 0.237877 0.413229 1.053566 2755038.516951 0.333569
14:50:26.716328 0.241758 0.391795 1.043518 2744693.880622 0.339747
14:50:27.064028 0.249530 0.374012 1.005069 2724865.908862 0.345924
14:50:27.414000 0.253413 0.358937 0.952829 2715441.209787 0.352101
14:50:27.773984 0.261131 0.346711 0.889936 2697925.064252 0.358278
14:50:28.236832 0.308060 0.341880 0.787950 2313523.859289 0.364455
14:50:28.581712 0.288506 0.335208 0.723134 2527115.282065 0.370633
14:50:28.940621 0.276632 0.327886 0.677407 2665200.743201 0.376810
14:50:29.325454 0.284438 0.322455 0.628044 2649658.790176 0.382987
14:50:29.712934 0.288683 0.318234 0.581197 2639075.264633 0.389164
14:50:30.109653 0.296009 0.315456 0.534903 2629108.684099 0.395341
14:50:30.509244 0.299928 0.313515 0.493628 2622069.734575 0.401519
14:50:30.918642 0.307638 0.312780 0.453741 2609613.191124 0.407696
14:50:31.330359 0.311512 0.312621 0.419611 2603456.743758 0.413873
14:50:31.752172 0.319248 0.313450 0.400318 2591690.788857 0.420050
14:50:32.311213 0.369019 0.320396 0.441116 2264338.499149 0.426228
14:50:32.714080 0.345676 0.323556 0.439377 2464641.882121 0.432405
14:50:33.135739 0.334776 0.324959 0.423044 2569358.558960 0.438582
14:50:33.582305 0.342526 0.327154 0.418286 2559058.596671 0.444759
14:50:34.031075 0.346384 0.329558 0.417136 2554205.379632 0.450936
14:50:34.490003 0.354197 0.332638 0.422961 2544120.745337 0.457114
14:50:34.951069 0.357980 0.335806 0.428890 2540119.468262 0.463291
14:50:35.422396 0.365783 0.339553 0.439343 2530724.665598 0.469468
14:50:35.895829 0.369579 0.343306 0.448175 2526896.295563 0.475645
14:50:36.473319 0.421808 0.353119 0.510272 2252854.355854 0.481822
14:50:36.926720 0.393301 0.358142 0.516189 2436973.146036 0.488000
14:50:37.410720 0.389065 0.362007 0.511466 2505617.137894 0.494177
14:50:37.908956 0.392970 0.365877 0.508935 2501564.462953 0.500354
14:50:38.417191 0.400666 0.370226 0.512307 2494406.822252 0.506531
14:50:38.927915 0.404594 0.374522 0.515451 2490437.668616 0.512708
14:50:39.448520 0.412318 0.379247 0.522739 2483520.054216 0.518886
14:50:39.997976 0.415998 0.383840 0.528211 2481242.805494 0.525063
14:50:40.531161 0.423981 0.388858 0.537277 2473167.713696 0.531240
14:50:41.066456 0.427784 0.393724 0.543964 2470331.017130 0.537417
14:50:41.611805 0.435576 0.398955 0.553488 2463752.608165 0.543595
14:50:42.159512 0.439461 0.404019 0.560424 2460614.292700 0.549772
14:50:42.717314 0.447227 0.409420 0.569932 2454520.852003 0.555949
14:50:43.588621 0.495778 0.420214 0.626957 2230676.522357 0.562126
14:50:44.119559 0.464541 0.425755 0.625139 2415941.973889 0.568303
14:50:44.686251 0.462689 0.430372 0.616843 2443316.365618 0.574481
14:50:45.268698 0.470472 0.435384 0.615338 2437722.848059 0.580658
