22:45:25.527264 0.000824 0.000824 0.004120 14913080.888889 0.500000
22:45:25.528067 0.000628 0.000799 0.003467 39134098.369021 0.500000
22:45:25.529817 0.001614 0.000901 0.003717 30456260.925986 0.500000
22:45:25.545751 0.004221 0.001316 0.006747 5822368.679620 0.500000
22:45:25.575952 0.009573 0.002348 0.014678 1283612.461447 0.500000
22:45:25.588358 0.012303 0.003593 0.022795 1997543.071217 0.500000
22:45:25.597330 0.008818 0.004246 0.023873 4180581.929323 0.500000
22:45:25.607898 0.010440 0.005020 0.025934 4708103.366402 0.500000
22:45:25.622108 0.014089 0.006154 0.030908 4360889.407544 0.500000
22:45:25.638111 0.015886 0.007370 0.035668 4641047.640167 0.500000
22:45:25.657650 0.019410 0.008875 0.042139 4431499.691249 0.500000
22:45:25.679040 0.021257 0.010423 0.047752 4624563.812737 0.500000
22:45:25.703866 0.024702 0.012208 0.054484 4477033.317582 0.500000
22:45:25.730521 0.026524 0.013997 0.060021 4632773.712539 0.500000
22:45:25.760731 0.030067 0.016006 0.066593 4495564.848719 0.500000
22:45:25.792675 0.031818 0.017983 0.071735 4634370.574310 0.500000
22:45:25.828237 0.035421 0.020162 0.077915 4509880.444893 0.500000
22:45:25.865672 0.037302 0.022305 0.082759 4611868.549164 0.500000
22:45:25.906394 0.040586 0.024590 0.088212 4541441.413609 0.500000
22:45:25.949009 0.042474 0.026825 0.092426 4628898.960039 0.500000
22:45:25.995252 0.046101 0.029235 0.097711 4531259.132529 0.500000
22:45:26.043197 0.047803 0.031556 0.101481 4626974.109536 0.500000
22:45:26.094756 0.051416 0.034038 0.106343 4540829.303693 0.500000
22:45:26.148019 0.053127 0.036425 0.109741 4625912.808150 0.500000
22:45:26.204848 0.056699 0.038959 0.114220 4551207.502531 0.500000
22:45:26.263483 0.058502 0.041402 0.117391 4620973.473842 0.500000
22:45:26.325694 0.062081 0.043987 0.121658 4552514.243070 0.500000
22:45:26.443911 0.047852 0.044470 0.106589 6162997.524977 0.103478
22:45:26.511355 0.067268 0.047320 0.116707 4566814.543032 0.103478
22:45:26.580639 0.069143 0.050047 0.123911 4620696.800590 0.103478
22:45:26.653451 0.072671 0.052875 0.130897 4565456.502881 0.103478
22:45:26.728134 0.074529 0.055582 0.135752 4616515.870133 0.103478
22:45:26.806233 0.077953 0.058378 0.140876 4571378.033289 0.103478
22:45:26.886490 0.080118 0.061096 0.144709 4601216.604501 0.103478
22:45:26.969697 0.083065 0.063842 0.148521 4585913.949558 0.103478
22:45:27.054973 0.085137 0.066504 0.151308 4618632.394254 0.103478
22:45:27.143795 0.088677 0.069275 0.155051 4572824.097608 0.103478
22:45:27.234454 0.090525 0.071932 0.157513 4615215.760183 0.103478
22:45:27.328701 0.094106 0.074703 0.161064 4570167.552095 0.103478
22:45:27.424518 0.095684 0.077326 0.163077 4623215.603875 0.103478
22:45:27.524024 0.099374 0.080082 0.166443 4575209.161678 0.103478
22:45:27.625309 0.101127 0.082713 0.168528 4617406.024128 0.103478
22:45:27.733839 0.108365 0.085919 0.175933 4422384.898503 0.103478
22:45:27.836694 0.102718 0.088019 0.172328 4785145.653924 0.103478
22:45:27.946883 0.110057 0.090774 0.176044 4577705.756419 0.103478
22:45:28.058819 0.111803 0.093402 0.178384 4616117.161370 0.103478
22:45:28.174288 0.115334 0.096144 0.181812 4581336.330917 0.103478
22:45:28.291519 0.117095 0.098763 0.183965 4617379.303910 0.103478
22:45:28.412396 0.120726 0.101508 0.187373 4580285.131665 0.103478
22:45:28.534949 0.122409 0.104121 0.189420 4617704.700619 0.103478
22:45:28.661072 0.125979 0.106853 0.192686 4584385.051579 0.103478
22:45:28.788994 0.127778 0.109469 0.194768 4616003.960324 0.103478
22:45:28.920464 0.131335 0.112202 0.198043 4584550.257049 0.103478
22:45:29.113650 0.117049 0.112808 0.182036 5249084.667545 0.215579
22:45:29.250446 0.136643 0.115787 0.191543 4586318.419380 0.215579
22:45:29.388898 0.138313 0.118603 0.197946 4619780.828515 0.215579
22:45:29.531105 0.142069 0.121536 0.204509 4584135.423442 0.215579
22:45:29.675017 0.143777 0.124316 0.208787 4615150.482897 0.215579
22:45:29.822541 0.147392 0.127201 0.213629 4585322.416860 0.215579
22:45:29.971745 0.149060 0.129933 0.216614 4616449.413890 0.215579
22:45:30.124484 0.152604 0.132767 0.220448 4589765.806492 0.215579
22:45:30.279059 0.154428 0.135475 0.222897 4615121.454114 0.215579
22:45:30.437217 0.158006 0.138291 0.226389 4588377.165779 0.215579
22:45:30.597084 0.159723 0.140970 0.228476 4615990.179706 0.215579
22:45:30.760913 0.163656 0.143806 0.232121 4580143.819004 0.215579
22:45:30.925770 0.164716 0.146420 0.233566 4625270.012439 0.215579
22:45:31.094575 0.168670 0.149201 0.236811 4589697.514571 0.215579
22:45:31.265087 0.170373 0.151847 0.238727 4615937.211223 0.215579
22:45:31.526148 0.157944 0.152609 0.223866 5056983.374035 0.185749
22:45:31.702006 0.175700 0.155496 0.232029 4615869.289632 0.185749
22:45:31.884471 0.182318 0.158849 0.243070 4515714.990361 0.185749
22:45:32.062640 0.178028 0.161246 0.243592 4693551.010221 0.185749
22:45:32.247423 0.184629 0.164169 0.249312 4592296.296171 0.185749
22:45:32.433962 0.186383 0.166946 0.253017 4615012.950021 0.185749
22:45:32.624068 0.189965 0.169823 0.257396 4592677.364251 0.185749
22:45:32.815961 0.191756 0.172565 0.260177 4613863.209522 0.185749
22:45:33.011364 0.195256 0.175401 0.263802 4594091.981318 0.185749
22:45:33.208570 0.197068 0.178109 0.266077 4614204.796063 0.185749
22:45:33.409417 0.200637 0.180925 0.269429 4593367.778091 0.185749
22:45:33.611902 0.202345 0.183603 0.271400 4615322.281040 0.185749
22:45:33.818000 0.205958 0.186397 0.274600 4594021.169743 0.185749
22:45:34.025869 0.207726 0.189063 0.276544 4614078.122016 0.185749
22:45:34.237272 0.211257 0.191838 0.279642 4595123.890736 0.185749
22:45:34.450456 0.213031 0.194487 0.281533 4614538.508120 0.185749
22:45:34.667234 0.216640 0.197256 0.284694 4594387.095321 0.185749
22:45:34.885798 0.218413 0.199901 0.286636 4613354.385774 0.185749
22:45:35.107850 0.221915 0.202652 0.289719 4595921.724508 0.185749
22:45:35.495825 0.207660 0.203278 0.273586 4970587.498083 0.240045
22:45:35.723173 0.227195 0.206268 0.282915 4597283.775659 0.240045
22:45:35.952386 0.229077 0.209119 0.289413 4613159.047262 0.240045
22:45:36.185086 0.232562 0.212049 0.295713 4596867.917415 0.240045
22:45:36.419632 0.234409 0.214844 0.299952 4613063.350949 0.240045
22:45:36.657681 0.237909 0.217727 0.304623 4596848.537453 0.240045
22:45:36.897577 0.239757 0.220481 0.307682 4612669.155044 0.240045
22:45:37.140968 0.243255 0.223328 0.311503 4596852.536673 0.240045
22:45:37.386156 0.245050 0.226043 0.313896 4613328.768419 0.240045
22:45:37.634863 0.248568 0.228859 0.317274 4597469.236920 0.240045
22:45:37.885347 0.250331 0.231543 0.319326 4614180.209881 0.240045
22:45:38.139451 0.253964 0.234345 0.322604 4596557.946230 0.240045
22:45:38.395450 0.255835 0.237032 0.324715 4610970.900696 0.240045
22:45:38.654682 0.259088 0.239789 0.327608 4600505.692075 0.240045
22:45:38.915856 0.261023 0.242443 0.329542 4613477.717683 0.240045
22:45:39.180584 0.264587 0.245211 0.332679 4597778.207184 0.240045
22:45:39.595686 0.250457 0.245867 0.316714 4906230.460555 0.285767
22:45:39.865587 0.269730 0.248850 0.325848 4601225.958808 0.285767
22:45:40.137353 0.271605 0.251694 0.332198 4614701.245182 0.285767
22:45:40.412769 0.275274 0.254642 0.338600 4597832.791455 0.285767
22:45:40.689898 0.276992 0.257435 0.342755 4613676.997637 0.285767
22:45:40.970622 0.280578 0.260328 0.347460 4598505.130699 0.285767
22:45:41.253079 0.282315 0.263077 0.350412 4613739.713214 0.285767
22:45:41.539216 0.286001 0.265942 0.354369 4597239.364629 0.285767
22:45:41.826961 0.287595 0.268649 0.356622 4614488.585485 0.285767
22:45:42.118414 0.291310 0.271481 0.360122 4597822.488788 0.285767
22:45:42.411554 0.293003 0.274172 0.362174 4613193.791353 0.285767
22:45:42.708213 0.296522 0.276965 0.365317 4599889.554236 0.285767
22:45:43.159779 0.282555 0.277664 0.349518 4870752.585661 0.320060
22:45:43.461955 0.302009 0.280707 0.358943 4597689.188419 0.320060
22:45:43.765578 0.303475 0.283553 0.364997 4615973.135372 0.320060
22:45:44.072880 0.307165 0.286505 0.371200 4600521.963451 0.320060
22:45:44.381970 0.308942 0.289309 0.375268 4613835.713489 0.320060
22:45:44.694673 0.312549 0.292214 0.379923 4599904.253622 0.320060
22:45:45.009196 0.314370 0.294984 0.382921 4612346.227514 0.320060
22:45:45.327214 0.317869 0.297844 0.386683 4600235.440673 0.320060
22:45:45.649649 0.322265 0.300897 0.391946 4575611.133894 0.320060
22:45:45.970322 0.320536 0.303352 0.391278 4638631.767330 0.320060
22:45:46.295465 0.324996 0.306057 0.393646 4612783.003659 0.320060
22:45:46.624117 0.328507 0.308864 0.397004 4600889.009532 0.320060
22:45:47.116765 0.314307 0.309544 0.381093 4847846.608734 0.354352
22:45:47.450741 0.333824 0.312579 0.390521 4601228.106237 0.354352
22:45:47.786538 0.335657 0.315464 0.396998 4612707.161250 0.354352
22:45:48.125858 0.339171 0.318427 0.403285 4601149.005476 0.354352
22:45:48.466991 0.340995 0.321248 0.407460 4612571.040084 0.354352
22:45:48.811697 0.344564 0.324163 0.412137 4600454.726699 0.354352
22:45:49.158118 0.346283 0.326928 0.415029 4613106.012162 0.354352
22:45:49.508141 0.349884 0.329797 0.418829 4600747.239773 0.354352
22:45:49.859933 0.351641 0.332528 0.421146 4612705.225182 0.354352
22:45:50.215254 0.355179 0.335359 0.424474 4601355.283928 0.354352
22:45:50.572309 0.356911 0.338053 0.426441 4613453.377516 0.354352
22:45:51.306143 0.344614 0.338873 0.411725 4813733.222491 0.385786
22:45:51.668504 0.362208 0.341790 0.419764 4613836.551281 0.385786
22:45:52.034563 0.365915 0.344806 0.427411 4600674.265226 0.385786
22:45:52.402245 0.367539 0.347647 0.432334 4613780.653604 0.385786
22:45:52.773677 0.371290 0.350603 0.437761 4600264.335025 0.385786
22:45:53.146736 0.372909 0.353391 0.441066 4613245.540566 0.385786
22:45:53.523355 0.376483 0.356277 0.445125 4602088.720316 0.385786
22:45:53.901711 0.378211 0.359019 0.447589 4613551.433359 0.385786
22:45:54.283825 0.381948 0.361885 0.451241 4600584.442216 0.385786
22:45:55.057322 0.367577 0.362597 0.435305 4813883.300819 0.411505
22:45:55.444702 0.387187 0.365670 0.444792 4601807.346790 0.411505
22:45:55.838724 0.393867 0.369195 0.456733 4554958.724279 0.411505
22:45:56.757187 0.461415 0.380723 0.538596 1944072.822961 0.411505
22:45:57.133961 0.376627 0.380211 0.502711 2414357.112827 0.411505
22:45:57.519422 0.385313 0.380848 0.477826 2391822.982342 0.411505
22:45:57.842225 0.322637 0.373572 0.504516 2894546.394612 0.411505
22:45:58.249901 0.407470 0.377809 0.509916 2322075.313934 0.411505
22:45:58.668430 0.418376 0.382880 0.522527 2290915.518987 0.411505
22:45:59.101976 0.433404 0.389196 0.544454 2239831.819406 0.411505
22:45:59.402735 0.300611 0.378122 0.583151 3270139.607092 0.411505
22:45:59.852093 0.449211 0.387009 0.611869 2215724.309448 0.411505
22:46:00.314594 0.462355 0.396427 0.640419 2179311.787944 0.411505
22:46:00.790238 0.475492 0.406310 0.668369 2144944.602131 0.411505
22:46:01.506606 0.459157 0.412916 0.662307 2248015.433425 0.406310
22:46:02.013658 0.506891 0.424663 0.705681 2060561.294002 0.406310
22:46:02.415531 0.401726 0.421796 0.655496 2630569.045498 0.406310
22:46:02.944886 0.529202 0.435221 0.717903 2020128.479301 0.406310
22:46:03.486865 0.541827 0.448547 0.767164 1995736.781288 0.406310
22:46:04.043206 0.556180 0.462001 0.808597 1966327.446870 0.406310
22:46:04.611476 0.568114 0.475265 0.841324 1946652.224394 0.406310
22:46:05.023614 0.411992 0.467356 0.805174 2714150.878684 0.406310
22:46:05.439407 0.415651 0.460893 0.765962 2719821.250835 0.406310
22:46:05.948505 0.508952 0.466900 0.743761 2245367.380758 0.406310
22:46:06.633557 0.416701 0.460625 0.718470 2771943.870157 0.466900
22:46:07.066960 0.433240 0.457202 0.677971 2694486.953649 0.466900
22:46:07.523504 0.456405 0.457103 0.623476 2584652.217698 0.466900
22:46:08.008588 0.484921 0.460580 0.613179 2458000.484066 0.466900
22:46:08.775436 0.541327 0.470673 0.665869 2224577.751981 0.460580
22:46:09.267679 0.492085 0.473350 0.641159 2472158.365762 0.460580
22:46:09.837949 0.570122 0.485446 0.708075 2155328.144392 0.460580
22:46:10.404687 0.566596 0.495590 0.743711 2190428.332856 0.460580
22:46:10.999894 0.595058 0.508023 0.793583 2106309.091118 0.460580
22:46:11.577317 0.577258 0.516678 0.800081 2192545.242269 0.460580
22:46:12.175440 0.307103 0.490481 0.912609 4161315.059207 0.516678
22:46:12.838068 0.662471 0.511980 1.000566 1947617.165074 0.516678
22:46:13.395993 0.557779 0.517705 0.929943 2335204.136154 0.516678
22:46:14.037307 0.641148 0.533135 0.965757 2050721.991836 0.516678
22:46:14.650234 0.612767 0.543089 0.947188 2165756.381918 0.516678
22:46:15.238998 0.588624 0.548781 0.897390 2275462.772075 0.516678
22:46:16.067456 0.633659 0.559391 0.905726 2133134.279940 0.548781
22:46:16.708798 0.641158 0.569612 0.911130 2127351.270790 0.548781
22:46:17.415819 0.706864 0.586768 0.980160 1946988.061542 0.548781
22:46:18.046626 0.630645 0.592253 0.931173 2201783.759802 0.548781
22:46:19.400576 0.643758 0.598691 0.904386 2176023.274899 0.592253
22:46:19.963714 0.562972 0.594226 0.859216 2510106.767900 0.592253
22:46:20.534016 0.570150 0.591217 0.814035 2500058.324447 0.592253
22:46:21.082198 0.548031 0.585818 0.796118 2623384.004667 0.592253
22:46:21.661415 0.579023 0.584969 0.749489 2504191.179905 0.592253
22:46:22.619632 0.634265 0.591131 0.763817 2305459.271018 0.584969
22:46:23.207661 0.587869 0.590723 0.723500 2508314.230412 0.584969
22:46:23.802893 0.595079 0.591268 0.695206 2498572.688705 0.584969
22:46:24.403338 0.600297 0.592396 0.679379 2497323.932113 0.584969
22:46:25.009354 0.605836 0.594076 0.672753 2494774.514925 0.584969
22:46:25.781287 0.585389 0.592990 0.660685 2602905.526556 0.594076
22:46:26.360501 0.579000 0.591242 0.656003 2652849.758411 0.594076
22:46:26.982308 0.621654 0.595043 0.674027 2490594.311569 0.594076
22:46:28.032289 0.375653 0.567619 0.846247 2060795.311875 0.594076
22:46:28.585368 0.393468 0.545850 0.928973 1998719.574658 0.275941
22:46:28.965551 0.380017 0.525121 0.978296 2101800.475737 0.275941
22:46:29.272947 0.307249 0.497887 1.055641 2639578.378789 0.275941
22:46:29.704586 0.431492 0.489588 0.974298 1908022.124990 0.275941
22:46:30.097444 0.392611 0.477466 0.937975 2128274.406573 0.275941
22:46:30.418804 0.321215 0.457934 0.959567 2639578.556898 0.275941
22:46:30.861693 0.442742 0.456035 0.847453 1942802.469281 0.275941
22:46:31.264516 0.402672 0.449365 0.796291 2166647.800375 0.275941
22:46:31.678850 0.414177 0.444966 0.740349 2136130.509920 0.275941
22:46:32.016398 0.337397 0.431520 0.760627 2658659.496120 0.275941
22:46:32.465873 0.449328 0.433746 0.698384 2023715.659538 0.275941
22:46:32.888679 0.422663 0.432361 0.641922 2180460.693251 0.275941
22:46:33.238711 0.349893 0.422052 0.661691 2669066.690347 0.275941
22:46:33.697078 0.458212 0.426572 0.642461 2064931.099498 0.275941
22:46:34.360555 0.422485 0.426061 0.592065 2268633.781833 0.426572
22:46:34.771162 0.410443 0.424109 0.564230 2365131.919009 0.426572
22:46:35.236799 0.465490 0.429282 0.575753 2111838.671015 0.426572
22:46:35.686158 0.449215 0.431773 0.561561 2215704.317721 0.426572
22:46:36.062792 0.376488 0.424863 0.577489 2676356.429284 0.426572
22:46:36.537133 0.474195 0.431029 0.594831 2150811.359149 0.426572
22:46:36.999088 0.461814 0.434877 0.588514 2235080.857128 0.426572
22:46:37.389955 0.390730 0.429359 0.588733 2673149.281669 0.426572
22:46:37.871491 0.481388 0.435863 0.607423 2195251.643055 0.426572
22:46:38.211647 0.340006 0.423881 0.648407 3144228.025917 0.426572
22:46:39.154881 0.451339 0.427313 0.623166 2395857.624998 0.423881
22:46:39.563809 0.408747 0.424992 0.590448 2675572.207173 0.423881
22:46:40.055645 0.491683 0.433328 0.624111 2249254.063817 0.423881
22:46:40.549451 0.493653 0.440869 0.644281 2265169.798101 0.423881
22:46:40.965207 0.415607 0.437711 0.615532 2720108.339109 0.423881
22:46:41.384499 0.419141 0.435390 0.587326 2726490.255907 0.423881
22:46:41.809409 0.424708 0.434055 0.558689 2719684.234691 0.423881
22:46:42.087096 0.277529 0.414489 0.664490 4206263.110526 0.423881
22:46:42.618248 0.530997 0.429053 0.733061 2221571.714774 0.423881
22:46:43.147688 0.529307 0.441584 0.769846 2251879.748452 0.423881
22:46:43.963748 0.531716 0.452851 0.789178 2264787.508131 0.441584
22:46:44.523309 0.559406 0.466170 0.824971 2174649.375319 0.441584
22:46:45.099757 0.576286 0.479935 0.859151 2132274.313015 0.441584
22:46:45.621964 0.522071 0.485202 0.811751 2377239.316696 0.441584
22:46:46.096451 0.474327 0.483842 0.739629 2642431.063486 0.441584
22:46:46.700484 0.603876 0.498847 0.810720 2095900.087592 0.441584
22:46:47.274987 0.574339 0.508283 0.817681 2225083.432716 0.441584
22:46:47.933465 0.658328 0.527039 0.909132 1959873.937596 0.441584
22:46:48.486040 0.552432 0.530213 0.842176 2357806.676590 0.441584
22:46:49.426292 0.529634 0.530141 0.764692 2482499.240614 0.530213
22:46:50.072840 0.646388 0.544671 0.836832 2053107.250366 0.530213
22:46:50.698052 0.625048 0.554719 0.854216 2142862.077724 0.530213
22:46:51.341409 0.643205 0.565779 0.878889 2101475.659304 0.530213
22:46:51.816573 0.475017 0.554434 0.880029 2871409.826147 0.530213
22:46:53.136193 0.626962 0.563500 0.880224 2195118.870787 0.554434
22:46:53.834404 0.698049 0.580319 0.952410 1989178.894456 0.554434
22:46:54.495414 0.660860 0.590386 0.949996 2119711.247023 0.554434
22:46:55.058559 0.563000 0.586963 0.884057 2509981.336651 0.554434
22:46:55.627036 0.568328 0.584634 0.826089 2508073.227798 0.554434
22:46:56.512790 0.621287 0.589215 0.806960 2314060.573154 0.584634
22:46:57.008734 0.495728 0.577529 0.834325 2924958.754588 0.584634
22:46:57.592918 0.584022 0.578341 0.777430 2503796.918509 0.584634
22:46:58.182787 0.589721 0.579763 0.740461 2500435.787068 0.584634
22:46:58.777947 0.595010 0.581669 0.717439 2498862.026809 0.584634
22:46:59.663970 0.661041 0.591591 0.772789 2267841.922489 0.581669
22:47:00.269814 0.605682 0.593352 0.743342 2495408.909294 0.581669
22:47:00.881047 0.611084 0.595569 0.725793 2493457.591690 0.581669
22:47:01.497509 0.616311 0.598161 0.716572 2492248.899514 0.581669
22:47:02.715939 0.593476 0.597576 0.691069 2608846.610745 0.598161
22:47:03.346620 0.630517 0.601693 0.704755 2475073.606812 0.598161
22:47:04.405444 0.353761 0.570702 0.895930 2223058.969126 0.598161
22:47:04.787465 0.381881 0.547099 0.979841 2091541.613498 0.598161
22:47:05.096566 0.308940 0.517329 1.080045 2625131.656129 0.598161
22:47:05.530091 0.433364 0.506834 1.012836 1899779.775087 0.598161
22:47:05.924823 0.394505 0.492793 0.984623 2118057.956790 0.598161
22:47:06.463427 0.379040 0.478573 0.961199 2236893.187224 0.492793
22:47:06.791957 0.328379 0.459799 0.971963 2619412.997144 0.492793
22:47:07.236115 0.444009 0.457825 0.857738 1964933.907921 0.492793
22:47:07.568891 0.332637 0.442177 0.867300 2659763.674924 0.492793
22:47:07.929638 0.360588 0.431978 0.832410 2487671.274945 0.492793
22:47:08.274258 0.344457 0.421038 0.808883 2639840.692246 0.492793
22:47:08.729006 0.454586 0.425232 0.749663 2027339.031779 0.492793
22:47:09.266790 0.423808 0.425054 0.669801 2203564.608916 0.425232
22:47:09.538532 0.271583 0.405870 0.742901 3483928.376479 0.425232
22:47:09.904512 0.365832 0.400865 0.693676 2619956.054184 0.425232
22:47:10.439971 0.535298 0.417669 0.771710 1813480.032802 0.425232
22:47:10.982966 0.542844 0.433316 0.824022 1810906.810479 0.425232
22:47:11.368467 0.385349 0.427320 0.768316 2582925.890344 0.425232
22:47:11.615321 0.246703 0.404743 0.841107 4084329.618026 0.425232
22:47:12.011758 0.396274 0.403684 0.739427 2573733.752012 0.425232
22:47:12.648817 0.386991 0.401598 0.670098 2667224.653649 0.362173
22:47:13.057506 0.408526 0.402464 0.610767 2556704.209277 0.362173
22:47:13.471368 0.413728 0.403872 0.571363 2554257.877724 0.362173
22:47:13.891840 0.420303 0.405926 0.547976 2543535.805364 0.362173
22:47:14.315310 0.423323 0.408100 0.532035 2554418.764141 0.362173
22:47:14.745225 0.429774 0.410810 0.525434 2544667.390506 0.362173
22:47:15.447501 0.176546 0.381527 0.701759 3132104.061030 0.362173
22:47:15.735349 0.287702 0.369799 0.703797 1964700.642319 0.362173
22:47:15.893520 0.158008 0.343325 0.805615 3655109.304869 0.362173
22:47:16.186597 0.292925 0.337025 0.734142 2013565.791859 0.362173
22:47:16.353663 0.166924 0.315762 0.783701 3607102.638150 0.362173
22:47:16.652061 0.298254 0.313574 0.682036 2059989.046562 0.362173
22:47:16.826221 0.174012 0.296128 0.712036 3601402.988453 0.362173
22:47:17.130421 0.304049 0.297119 0.616970 2101555.895207 0.362173
22:47:17.312939 0.182370 0.282775 0.637412 3571110.030717 0.362173
22:47:17.705319 0.157367 0.267099 0.658485 4216589.486790 0.282775
22:47:18.017884 0.312393 0.272761 0.611594 2163429.103872 0.282775
22:47:18.213262 0.195215 0.263068 0.594738 3524975.265864 0.282775
22:47:18.531320 0.317885 0.269920 0.573490 2203361.739242 0.282775
22:47:18.733868 0.202396 0.261479 0.556681 3521335.875436 0.282775
22:47:18.982319 0.248299 0.259832 0.494413 2919835.925000 0.282775
22:47:19.307949 0.325476 0.268037 0.509618 2265234.966165 0.282775
22:47:19.522577 0.214440 0.261338 0.496121 3495469.400120 0.282775
22:47:19.852923 0.330191 0.269944 0.514885 2307318.150931 0.282775
22:47:20.240380 0.387291 0.284613 0.585665 1998868.071299 0.282775
22:47:20.632865 0.392327 0.298077 0.631580 2004532.793122 0.282775
22:47:21.030899 0.397887 0.310553 0.660491 2007404.155102 0.282775
22:47:21.434205 0.403159 0.322129 0.677188 2011632.421135 0.282775
22:47:21.842991 0.408618 0.332940 0.685724 2014830.608882 0.282775
22:47:22.427459 0.320679 0.331407 0.608256 2605671.503159 0.332940
22:47:22.777358 0.349725 0.333697 0.559651 2424396.255854 0.332940
22:47:23.198470 0.420961 0.344605 0.601334 2043325.148553 0.332940
22:47:23.626657 0.428040 0.355034 0.631016 2038239.285364 0.332940
22:47:24.058448 0.431633 0.364609 0.648194 2049741.352046 0.332940
22:47:24.497221 0.438605 0.373859 0.660543 2045174.716668 0.332940
22:47:24.940225 0.442823 0.382479 0.666457 2053443.784935 0.332940
22:47:25.352643 0.412279 0.386204 0.628987 2235380.032766 0.332940
22:47:25.805893 0.453040 0.394559 0.643482 2061380.333921 0.332940
22:47:26.265896 0.459838 0.402719 0.654690 2057629.378081 0.332940
22:47:26.727839 0.461780 0.410101 0.658141 2075585.456488 0.332940
22:47:27.068928 0.340935 0.401456 0.656652 2847322.871644 0.332940
22:47:27.546896 0.477821 0.411001 0.678764 2057338.983088 0.332940
22:47:28.316559 0.463428 0.417555 0.670804 2147751.012066 0.411001
22:47:28.731692 0.414973 0.417232 0.609750 2428148.217096 0.411001
22:47:29.250485 0.518642 0.429908 0.675707 1966489.603389 0.411001
22:47:29.781684 0.531046 0.442550 0.728037 1943696.342216 0.411001
22:47:30.328076 0.546205 0.455507 0.773277 1912248.910679 0.411001
22:47:30.885009 0.556782 0.468167 0.807769 1897992.367392 0.411001
22:47:31.286522 0.401367 0.459817 0.781318 2663537.698973 0.411001
22:47:31.957109 0.537949 0.469583 0.788842 2010123.317760 0.459817
22:47:32.369102 0.411829 0.462364 0.759562 2655548.817444 0.459817
22:47:32.784891 0.415638 0.456523 0.726148 2660777.118313 0.459817
22:47:33.209119 0.424051 0.452464 0.687155 2636965.548295 0.459817
22:47:33.634147 0.424877 0.449016 0.652621 2660761.092500 0.459817
22:47:34.067620 0.433324 0.447054 0.615450 2637251.499504 0.459817
22:47:34.504769 0.437000 0.445797 0.582148 2643185.135496 0.459817
22:47:35.340320 0.453324 0.446738 0.556528 2575111.388860 0.445797
22:47:35.889423 0.548857 0.459503 0.643964 2149281.245639 0.445797
22:47:36.456086 0.566501 0.472878 0.718222 2104031.068233 0.445797
22:47:37.028121 0.571880 0.485253 0.768263 2105728.976234 0.445797
22:47:37.553719 0.525468 0.490280 0.742752 2315102.527459 0.445797
22:47:38.143544 0.589675 0.502704 0.791453 2083859.931201 0.445797
22:47:38.731649 0.587955 0.513361 0.815173 2110855.429730 0.445797
22:47:39.465184 0.519268 0.514099 0.746366 2413736.092681 0.513361
22:47:40.078059 0.612707 0.526425 0.799233 2065691.619008 0.513361
22:47:40.698191 0.619983 0.538120 0.836284 2061269.562074 0.513361
22:47:41.303361 0.605031 0.546484 0.837018 2132518.782071 0.513361
22:47:41.942969 0.639460 0.558106 0.868982 2036919.133001 0.513361
22:47:42.584282 0.641168 0.568489 0.884708 2050657.174095 0.513361
22:47:43.392969 0.588124 0.570943 0.827743 2256503.589355 0.568489
22:47:44.097171 0.704036 0.587580 0.913273 1902448.177315 0.568489
22:47:44.727848 0.630493 0.592944 0.880127 2143846.417657 0.568489
22:47:45.278509 0.550506 0.587639 0.845464 2477661.851403 0.568489
22:47:45.987295 0.484943 0.574802 0.870867 2837975.281108 0.587639
22:47:46.544953 0.557498 0.572639 0.811992 2490670.915897 0.587639
22:47:47.109928 0.564826 0.571662 0.758990 2480112.408224 0.587639
22:47:47.682075 0.571992 0.571704 0.712529 2470524.406771 0.587639
22:47:48.259449 0.577222 0.572393 0.683531 2469427.241556 0.587639
22:47:49.286336 0.640519 0.580909 0.732388 2244579.287939 0.572393
22:47:49.876102 0.589599 0.581995 0.704294 2459270.918122 0.572393
22:47:50.471274 0.595020 0.583623 0.688372 2457517.164032 0.572393
22:47:51.072497 0.601063 0.585803 0.681805 2453253.598906 0.572393
22:47:51.677728 0.605077 0.588213 0.679487 2457287.139523 0.572393
22:47:52.424454 0.629831 0.593415 0.703489 2380219.169734 0.526013
22:47:53.041168 0.616533 0.596305 0.701979 2451489.051662 0.526013
22:47:53.662767 0.621443 0.599447 0.703841 2451894.225422 0.526013
22:47:54.291954 0.629010 0.603142 0.711001 2441932.707896 0.526013
22:47:54.923377 0.631197 0.606649 0.715597 2452939.509514 0.526013
22:47:55.417674 0.494137 0.592585 0.786808 3158184.564461 0.526013
22:47:56.144340 0.726520 0.609327 0.888929 2164928.517965 0.526013
22:47:57.299635 0.701266 0.620819 0.922460 2260415.341880 0.609327
22:47:58.035146 0.735360 0.635137 0.975908 2172324.034078 0.609327
22:47:58.721133 0.685826 0.641473 0.947740 2347138.211974 0.609327
22:47:59.387165 0.665883 0.644524 0.898634 2435888.022680 0.609327
22:48:00.168954 0.781645 0.661664 0.989368 2090852.463604 0.609327
22:48:00.989759 0.820654 0.681538 1.086305 2006438.973958 0.609327
22:48:02.382799 0.721989 0.686594 1.030621 2297652.241637 0.681538
22:48:03.240111 0.857118 0.707910 1.136453 1949752.790066 0.681538
22:48:04.022562 0.782296 0.717208 1.113002 2151941.990104 0.681538
22:48:04.807979 0.785229 0.725711 1.090577 2159553.544031 0.681538
22:48:05.560023 0.751892 0.728983 1.028814 2271645.124442 0.681538
22:48:06.229711 0.669532 0.721552 1.005877 2569436.329007 0.681538
22:48:06.981221 0.751357 0.725278 0.968326 2305971.487403 0.681538
22:48:08.074503 0.703892 0.722604 0.926276 2478925.770460 0.725278
22:48:08.806588 0.731871 0.723763 0.885783 2400947.287816 0.725278
22:48:09.660602 0.853851 0.740024 0.991627 2072343.217283 0.725278
22:48:10.401485 0.740734 0.740113 0.929525 2405398.337500 0.725278
22:48:11.144151 0.742520 0.740413 0.884881 2416160.875235 0.725278
22:48:11.896281 0.751970 0.741858 0.861765 2402138.214771 0.725278
22:48:12.701184 0.637876 0.728860 0.922773 2851061.810889 0.741858
22:48:13.461659 0.760316 0.732792 0.909682 2408093.809226 0.741858
22:48:14.227352 0.765540 0.736886 0.902301 2407712.566200 0.741858
22:48:14.998400 0.770908 0.741138 0.899222 2406886.803007 0.741858
22:48:16.127555 0.775339 0.745414 0.898176 2408980.161452 0.741138
22:48:16.906157 0.778429 0.749540 0.897128 2415202.830612 0.741138
22:48:17.689866 0.783545 0.753791 0.898486 2415115.862340 0.741138
22:48:18.480290 0.790271 0.758351 0.903353 2410109.816116 0.741138
22:48:19.411317 0.761615 0.758759 0.870774 2516925.092813 0.758351
22:48:20.213818 0.802326 0.764205 0.891783 2404528.940388 0.758351
22:48:21.022253 0.808261 0.769712 0.909452 2402075.103313 0.758351
22:48:21.840825 0.818416 0.775800 0.929309 2387285.055508 0.758351
22:48:22.892640 0.873345 0.787993 1.000670 2251206.830198 0.775800
22:48:23.878551 0.985747 0.812712 1.169974 2006973.190347 0.775800
22:48:24.797096 0.918398 0.825923 1.199555 2167531.080525 0.775800
22:48:26.106850 0.846652 0.828514 1.129467 2365722.784324 0.825923
22:48:27.023533 0.916518 0.839515 1.153233 2198791.006017 0.825923
22:48:27.910128 0.886433 0.845379 1.127587 2287279.761095 0.825923
22:48:29.280492 0.905823 0.852935 1.125034 2251883.665223 0.715722
22:48:30.214931 0.934277 0.863103 1.148519 2196453.939308 0.715722
22:48:31.009179 0.794081 0.854475 1.137559 2599714.728153 0.715722
