22:45:55.794489 0.153187 0.153187 0.765935 80215.664978 0.500000
22:45:55.844069 0.049381 0.140211 0.703578 497681.116189 0.500000
22:45:56.000357 0.156132 0.142201 0.580647 314810.579597 0.500000
22:45:56.130026 0.129530 0.140617 0.482123 758927.312013 0.500000
22:45:56.257937 0.127768 0.139011 0.407990 1538788.576990 0.500000
22:45:56.396584 0.138478 0.138945 0.341212 2839554.907233 0.500000
22:45:56.848118 0.110015 0.135328 0.315958 3574198.518246 0.500000
22:45:57.101893 0.253625 0.150116 0.403885 1598831.948696 0.500000
22:45:57.224466 0.122429 0.146655 0.364668 3412527.763694 0.500000
22:45:57.483815 0.259202 0.160723 0.436781 1659246.434161 0.500000
22:45:57.615379 0.131425 0.157061 0.393402 3365931.299735 0.500000
22:45:57.941836 0.112509 0.151492 0.373300 4041062.942600 0.157061
22:45:58.208218 0.266222 0.165833 0.446919 1753964.735393 0.157061
22:45:58.353956 0.145598 0.163304 0.394353 3291475.259674 0.157061
22:45:58.628287 0.274190 0.177165 0.461338 1792625.884824 0.157061
22:45:58.778540 0.150100 0.173781 0.413976 3356482.507179 0.157061
22:45:59.055693 0.277008 0.186685 0.470057 1863108.265727 0.157061
22:45:59.518203 0.148972 0.181971 0.432213 3546867.047465 0.186685
22:45:59.800572 0.282214 0.194501 0.482426 1915821.626139 0.186685
22:45:59.972969 0.172256 0.191720 0.429909 3210106.021420 0.186685
22:46:00.260740 0.287632 0.203709 0.478263 1965177.805493 0.186685
22:46:00.440248 0.179372 0.200667 0.430920 3219769.725050 0.186685
22:46:00.733603 0.292953 0.212203 0.477178 2013374.060208 0.186685
22:46:00.921698 0.187948 0.209171 0.432157 3203609.704860 0.186685
22:46:01.144834 0.222991 0.210899 0.391958 2755268.277287 0.186685
22:46:01.447056 0.302074 0.222295 0.449266 2074617.783212 0.186685
22:46:01.644502 0.197282 0.219169 0.414410 3238895.359061 0.186685
22:46:01.951464 0.306813 0.230124 0.464199 2122674.060533 0.186685
22:46:02.157589 0.205992 0.227108 0.426796 3221251.570103 0.186685
22:46:02.563088 0.176133 0.220736 0.421477 3837102.172385 0.227108
22:46:02.877712 0.314436 0.232448 0.476704 2188451.990319 0.227108
22:46:03.097738 0.219883 0.230878 0.426635 3185403.651984 0.227108
22:46:03.417543 0.319660 0.241976 0.477576 2229569.277230 0.227108
22:46:03.645120 0.227411 0.240155 0.431420 3188024.760747 0.227108
22:46:03.970093 0.324827 0.250739 0.478859 2269762.366842 0.227108
22:46:04.206437 0.236202 0.248922 0.434549 3173419.340279 0.227108
22:46:04.536825 0.330245 0.259087 0.479631 2306943.355632 0.227108
22:46:04.945445 0.408471 0.277760 0.592552 1895223.397245 0.227108
22:46:05.359601 0.413977 0.294787 0.667098 1899700.165191 0.227108
22:46:05.957501 0.391317 0.306853 0.682616 2041107.907551 0.294787
22:46:06.217681 0.260031 0.301001 0.629645 3118889.852218 0.294787
22:46:06.647856 0.430010 0.317127 0.692619 1914596.977247 0.294787
22:46:07.082917 0.434911 0.331850 0.731253 1921276.844607 0.294787
22:46:07.519934 0.436874 0.344978 0.749555 1940769.435805 0.294787
22:46:07.877543 0.357448 0.346537 0.662440 2406391.298453 0.294787
22:46:08.212560 0.334872 0.345079 0.593670 2605317.795453 0.294787
22:46:08.571085 0.358383 0.346742 0.546490 2468688.937253 0.294787
22:46:08.862487 0.291261 0.339807 0.545098 3079794.858289 0.294787
22:46:09.630211 0.432956 0.351450 0.598569 2100241.228607 0.339807
22:46:09.932108 0.301733 0.345236 0.580291 3054355.831727 0.339807
22:46:10.388688 0.456430 0.359135 0.646621 2046070.778065 0.339807
22:46:10.776001 0.387179 0.362640 0.606299 2443769.547450 0.339807
22:46:11.090480 0.314341 0.356603 0.587646 3049121.151371 0.339807
22:46:11.555976 0.465356 0.370197 0.652233 2086042.222948 0.339807
22:46:11.890644 0.334531 0.365739 0.612931 2938561.143277 0.339807
22:46:12.557412 0.468805 0.378622 0.667083 2123118.029055 0.365739
22:46:12.891464 0.333867 0.373028 0.634128 3018015.495711 0.365739
22:46:13.365738 0.474124 0.385665 0.682586 2151133.663956 0.365739
22:46:13.785022 0.419148 0.389850 0.646025 2462595.737266 0.365739
22:46:14.133202 0.348036 0.384623 0.618568 3001068.416934 0.365739
22:46:14.615094 0.481742 0.396763 0.669340 2193639.350378 0.365739
22:46:15.048257 0.433006 0.401294 0.641969 2468917.014988 0.365739
22:46:15.806241 0.552205 0.420157 0.751576 1958228.976690 0.379419
22:46:16.172178 0.365786 0.413361 0.716296 2989815.047107 0.379419
22:46:16.664314 0.491992 0.423190 0.729022 2247841.443096 0.379419
22:46:17.117363 0.452897 0.426903 0.685985 2469011.326262 0.379419
22:46:17.496071 0.378545 0.420858 0.663528 2986425.854479 0.379419
22:46:17.996863 0.500640 0.430831 0.692615 2282646.598275 0.379419
22:46:18.462368 0.465368 0.435148 0.666023 2482062.606826 0.379419
22:46:18.904897 0.442395 0.436054 0.616457 2638728.001643 0.379419
22:46:19.404052 0.499023 0.443925 0.642196 2363915.276430 0.379419
22:46:19.970780 0.566594 0.459259 0.730631 2103685.777609 0.379419
22:46:20.541115 0.570196 0.473126 0.787592 2111946.908690 0.379419
22:46:21.599914 0.543306 0.481898 0.787928 2239091.319760 0.473126
22:46:22.047537 0.447448 0.477592 0.741565 2746240.810600 0.473126
22:46:22.635614 0.587938 0.491385 0.799711 2110917.060796 0.473126
22:46:23.227226 0.591464 0.503895 0.835218 2119107.688027 0.473126
22:46:23.826006 0.598628 0.515737 0.858962 2114274.485491 0.473126
22:46:24.428272 0.602120 0.526535 0.870337 2122420.212201 0.473126
22:46:25.037651 0.609236 0.536872 0.877425 2117799.991844 0.473126
22:46:25.704812 0.667014 0.553140 0.938696 1952774.945235 0.473126
22:46:26.898879 0.670743 0.567840 0.974610 1960238.157347 0.553140
22:46:27.522438 0.623400 0.574785 0.935422 2128816.261883 0.553140
22:46:28.069657 0.547085 0.571323 0.869501 2448233.611780 0.553140
22:46:28.626610 0.556798 0.569507 0.807666 2427595.008401 0.553140
22:46:29.237343 0.610566 0.574640 0.794317 2233940.674065 0.553140
22:46:29.750843 0.513358 0.566979 0.793019 2680889.998381 0.553140
22:46:30.363876 0.612885 0.572718 0.788153 2265586.535488 0.553140
22:46:30.910778 0.546740 0.569470 0.757025 2562154.716558 0.553140
22:46:31.966797 0.608391 0.574335 0.753922 2322716.627856 0.569470
22:46:32.522711 0.555762 0.572014 0.725277 2564781.084811 0.569470
22:46:33.187182 0.664326 0.583553 0.790812 2164142.458269 0.569470
22:46:33.759578 0.572206 0.582134 0.748926 2534024.369579 0.569470
22:46:34.424595 0.664863 0.592475 0.800298 2199358.790222 0.569470
22:46:35.304246 0.554088 0.587677 0.781931 2661238.515550 0.592475
22:46:36.007694 0.703294 0.602129 0.863437 2114120.009598 0.592475
22:46:36.610263 0.602403 0.602163 0.798418 2488593.492100 0.592475
22:46:37.329057 0.718627 0.616721 0.880376 2103210.776174 0.592475
22:46:37.949739 0.620539 0.617199 0.818757 2455465.527317 0.592475
22:46:38.755163 0.591175 0.613946 0.791138 2598216.117572 0.617199
22:46:39.409067 0.653701 0.618915 0.791565 2368496.309587 0.617199
22:46:40.554838 0.353893 0.585787 0.980296 2187508.396539 0.617199
22:46:40.970584 0.415613 0.564515 1.030572 1892222.141907 0.617199
22:46:41.393419 0.422686 0.546787 1.038158 1889629.207084 0.617199
22:46:41.819790 0.426236 0.531718 1.020797 1902720.941440 0.617199
22:46:42.431793 0.400544 0.515321 1.013305 2055443.740601 0.531718
22:46:42.703500 0.271553 0.484850 1.102106 3077059.034251 0.531718
22:46:43.140636 0.436993 0.478868 0.989667 1940241.063575 0.531718
22:46:43.420077 0.279304 0.453923 1.036586 3079654.838931 0.531718
22:46:43.775520 0.355253 0.441589 0.977256 2455849.904729 0.531718
22:46:44.063207 0.287541 0.422333 0.978131 3076902.199143 0.531718
22:46:44.512664 0.449315 0.425706 0.869536 1996426.413601 0.531718
22:46:44.885781 0.372976 0.419114 0.804717 2437990.225392 0.531718
22:46:45.187795 0.301878 0.404460 0.810898 3052889.163523 0.531718
22:46:46.082295 0.452367 0.410448 0.763184 2064448.452670 0.404460
22:46:46.467706 0.385257 0.407299 0.697042 2455960.530300 0.404460
22:46:46.785810 0.317956 0.396131 0.702782 3014455.107405 0.404460
22:46:47.252979 0.467022 0.404993 0.705871 2078599.347983 0.404460
22:46:47.652743 0.399624 0.404322 0.635350 2459913.112573 0.404460
22:46:47.984997 0.332111 0.395295 0.640777 2996974.969893 0.404460
22:46:48.455819 0.470674 0.404718 0.664208 2140793.667788 0.404460
22:46:48.916326 0.399426 0.404056 0.603965 2553424.269609 0.404718
22:46:49.394661 0.478173 0.413321 0.637369 2158616.154028 0.404718
22:46:49.818799 0.423980 0.414653 0.593349 2463512.443574 0.404718
22:46:50.170679 0.351740 0.406789 0.603724 3004401.973744 0.404718
22:46:50.657456 0.486611 0.416767 0.644290 2196942.204153 0.404718
22:46:51.094544 0.436920 0.419286 0.610081 2474924.881424 0.404718
22:46:51.460516 0.365813 0.412602 0.609171 2989592.905395 0.404718
22:46:52.221524 0.498446 0.423332 0.656604 2218734.824434 0.388042
22:46:52.592504 0.370820 0.416768 0.644234 3015500.412280 0.388042
22:46:53.093349 0.500641 0.427252 0.681724 2258097.709723 0.388042
22:46:53.550151 0.456652 0.430927 0.651181 2502526.187198 0.388042
22:46:53.937429 0.387135 0.425453 0.634436 2983641.143153 0.388042
22:46:54.444363 0.506788 0.435620 0.673692 2303448.314889 0.388042
22:46:55.003459 0.558949 0.451036 0.752919 2110475.219264 0.388042
22:46:55.570202 0.566596 0.465481 0.807453 2103678.695911 0.388042
22:46:55.945965 0.375618 0.454248 0.800590 3205978.671646 0.388042
22:46:56.523504 0.577361 0.469637 0.852506 2107021.910331 0.388042
22:46:57.525671 0.544797 0.479032 0.841344 2255519.261423 0.469637
22:46:58.115528 0.589693 0.492865 0.875259 2104633.858323 0.469637
22:46:58.706885 0.591203 0.505157 0.890291 2120043.461288 0.469637
22:46:59.086546 0.379520 0.489453 0.903940 3334907.783569 0.469637
22:46:59.688802 0.602118 0.503536 0.927067 2122427.775867 0.469637
22:47:00.298249 0.609301 0.516756 0.940170 2117573.758962 0.469637
22:47:00.911301 0.612904 0.528775 0.942483 2125174.329741 0.469637
22:47:01.531243 0.619803 0.540153 0.941462 2121345.172937 0.469637
22:47:02.632354 0.570807 0.543985 0.875620 2324961.057222 0.540153
22:47:03.261215 0.628707 0.554575 0.888024 2130390.844697 0.540153
22:47:03.892236 0.630819 0.564106 0.890436 2142737.970382 0.540153
22:47:04.448041 0.555658 0.563050 0.816245 2454689.304454 0.540153
22:47:05.057462 0.609275 0.568828 0.804950 2258841.685952 0.540153
22:47:05.578056 0.520451 0.562781 0.788249 2667962.625176 0.540153
22:47:06.113262 0.535058 0.559316 0.756140 2618093.633946 0.540153
22:47:06.770629 0.657190 0.571550 0.817042 2150245.466906 0.540153
22:47:07.291515 0.520670 0.565190 0.800189 2737640.961455 0.540153
22:47:08.222799 0.642847 0.574897 0.828804 2236451.073467 0.565190
22:47:08.789462 0.566502 0.573848 0.772673 2559539.717348 0.565190
22:47:09.867266 0.304776 0.540214 0.958404 2378768.485586 0.565190
22:47:10.064457 0.197057 0.497319 1.154118 3741455.351941 0.565190
22:47:10.393129 0.328530 0.476220 1.137609 2281581.082598 0.565190
22:47:10.604535 0.211262 0.443101 1.204101 3606214.295076 0.565190
22:47:10.986490 0.381823 0.435441 1.067469 2027495.346979 0.565190
22:47:11.377356 0.390719 0.429851 0.948594 2012781.889199 0.565190
22:47:11.954662 0.368846 0.422225 0.872287 2165456.940607 0.429851
22:47:12.245631 0.290788 0.405795 0.874779 2789001.542596 0.429851
22:47:12.590683 0.344897 0.398183 0.810819 2387079.311368 0.429851
22:47:12.995176 0.404339 0.398953 0.714586 2066542.789161 0.429851
22:47:13.407659 0.412300 0.400621 0.650693 2056444.977848 0.429851
22:47:13.823387 0.415575 0.402490 0.604998 2069806.757267 0.429851
22:47:14.246722 0.423179 0.405076 0.577646 2061652.830259 0.429851
22:47:14.672964 0.426089 0.407703 0.558143 2076411.030399 0.429851
22:47:15.327750 0.405401 0.407415 0.522547 2212683.291213 0.407703
22:47:15.767304 0.439393 0.411412 0.529739 2069472.909083 0.407703
22:47:16.222077 0.454629 0.416815 0.548776 2027146.595149 0.407703
22:47:16.690630 0.468389 0.423261 0.573807 1993829.768993 0.407703
22:47:17.170806 0.480029 0.430357 0.600035 1971080.478032 0.407703
22:47:17.563278 0.392312 0.425602 0.590905 2443116.392494 0.407703
22:47:18.064066 0.500644 0.434982 0.634002 1939006.681233 0.407703
22:47:18.579327 0.515120 0.444999 0.674402 1908370.755939 0.407703
22:47:19.359414 0.510378 0.453172 0.690602 1950178.546869 0.444999
22:47:19.906255 0.546674 0.464859 0.736435 1843175.230182 0.444999
22:47:20.297086 0.390690 0.455588 0.733439 2610519.259679 0.444999
22:47:20.691756 0.394475 0.447949 0.717450 2616622.203990 0.444999
22:47:21.093166 0.401241 0.442111 0.690945 2603123.392708 0.444999
22:47:21.498124 0.404802 0.437447 0.661381 2610579.445734 0.444999
22:47:21.910346 0.412081 0.434276 0.627593 2594286.054748 0.444999
22:47:22.846807 0.413867 0.431725 0.597122 2612781.421210 0.434276
22:47:23.271251 0.424284 0.430795 0.562283 2577594.366370 0.434276
22:47:23.701262 0.429868 0.430679 0.530222 2572696.837366 0.434276
22:47:24.136517 0.435094 0.431231 0.510304 2570037.041264 0.434276
22:47:24.577089 0.440409 0.432378 0.500861 2566923.339364 0.434276
22:47:25.023076 0.445836 0.434060 0.498880 2563238.113905 0.434276
22:47:25.768490 0.422819 0.432655 0.492512 2731836.259707 0.434060
22:47:26.225004 0.456351 0.435617 0.504205 2558032.091466 0.434060
22:47:27.026299 0.296632 0.418244 0.608670 1988402.794240 0.434060
22:47:27.200381 0.173944 0.387707 0.774826 3461527.919098 0.434060
22:47:27.498875 0.298349 0.376537 0.756234 2059333.862036 0.434060
22:47:27.683726 0.184713 0.352559 0.829156 3392763.774764 0.434060
22:47:27.957737 0.273857 0.342721 0.778871 2333247.950578 0.434060
22:47:28.264927 0.307048 0.338262 0.701047 2121048.908731 0.434060
22:47:28.678479 0.280863 0.331087 0.660575 2362548.477627 0.338262
22:47:28.879142 0.200514 0.314765 0.692455 3370540.412263 0.338262
22:47:29.193690 0.314398 0.314720 0.598354 2188715.862981 0.338262
22:47:29.403268 0.209439 0.301559 0.619566 3344247.579505 0.338262
22:47:29.724940 0.321517 0.304054 0.562516 2216691.561256 0.338262
22:47:29.939785 0.214692 0.292884 0.576093 3376891.588932 0.338262
22:47:30.264906 0.324974 0.296895 0.541392 2268734.925696 0.338262
22:47:30.490829 0.225742 0.288001 0.542527 3320461.688170 0.338262
22:47:30.821104 0.330126 0.293267 0.526286 2307774.732801 0.338262
22:47:31.218964 0.397710 0.306322 0.585529 1946504.485165 0.338262
22:47:31.559223 0.164166 0.288553 0.640114 4790461.995966 0.275941
22:47:31.965809 0.406435 0.303288 0.684841 1965185.022972 0.275941
22:47:32.379881 0.413925 0.317117 0.713920 1959311.789075 0.275941
22:47:32.799155 0.419139 0.329870 0.729493 1964255.724122 0.275941
22:47:33.223680 0.424385 0.341685 0.735917 1968928.827829 0.275941
22:47:33.653767 0.429951 0.352718 0.736658 1972020.285130 0.275941
22:47:34.089365 0.435377 0.363050 0.733665 1975667.598509 0.275941
22:47:34.531018 0.441484 0.372854 0.729249 1976170.324003 0.275941
22:47:34.891817 0.360640 0.371328 0.650838 2453238.353590 0.275941
22:47:35.260274 0.368306 0.370950 0.583605 2435540.531669 0.275941
22:47:35.702800 0.442383 0.379879 0.610803 2055485.620690 0.275941
22:47:35.994114 0.291174 0.368791 0.630689 3165118.471888 0.275941
22:47:36.448898 0.454638 0.379522 0.661793 2054135.358595 0.275941
22:47:36.827334 0.378289 0.379368 0.592304 2501198.922707 0.275941
22:47:37.543461 0.423981 0.384944 0.589260 2260629.863300 0.379368
22:47:37.930403 0.386782 0.385174 0.540248 2509817.347678 0.379368
22:47:38.244821 0.314270 0.376311 0.563521 3128010.751602 0.379368
22:47:38.715656 0.470685 0.388108 0.622889 2114637.154422 0.379368
22:47:38.971376 0.255561 0.371539 0.680172 3942763.148861 0.379368
22:47:39.445594 0.474070 0.384356 0.718361 2151379.242844 0.379368
22:47:39.854168 0.408431 0.387365 0.661944 2527212.345902 0.379368
22:47:40.191776 0.337466 0.381128 0.636961 3095067.341079 0.379368
22:47:40.673250 0.481327 0.393653 0.685727 2195530.014123 0.379368
22:47:41.276615 0.451356 0.400866 0.677625 2368543.136648 0.393653
22:47:41.703111 0.426338 0.404050 0.637091 2536354.038565 0.393653
22:47:42.062227 0.358965 0.398414 0.618280 3046624.370689 0.393653
22:47:42.550559 0.488182 0.409635 0.664302 2265384.316189 0.393653
22:47:42.859073 0.308367 0.396977 0.689245 3626224.432193 0.393653
22:47:43.356256 0.497018 0.409482 0.728724 2274558.099505 0.393653
22:47:43.805888 0.449424 0.414475 0.693849 2542774.591018 0.393653
22:47:44.182339 0.376293 0.409702 0.657414 3069608.448836 0.393653
22:47:44.730324 0.547839 0.426969 0.750891 2130844.370294 0.393653
22:47:45.282052 0.551592 0.442547 0.810111 2138624.692244 0.393653
22:47:45.941013 0.658820 0.469581 0.961527 1809198.500102 0.393653
22:47:46.553908 0.526923 0.476749 0.903051 2285388.167690 0.469581
22:47:47.122668 0.568561 0.488225 0.899764 2139632.924165 0.469581
22:47:47.696245 0.573429 0.498876 0.892733 2142898.737576 0.469581
22:47:48.275451 0.579059 0.508899 0.884475 2143283.731447 0.469581
22:47:48.721315 0.445681 0.500996 0.845896 2812270.957226 0.469581
22:47:49.309357 0.587865 0.511855 0.857399 2152983.685206 0.469581
22:47:49.900980 0.591482 0.521808 0.860593 2160592.628273 0.469581
22:47:50.499747 0.598631 0.531411 0.862322 2155318.058084 0.469581
22:47:51.101981 0.602098 0.540247 0.859117 2163315.649083 0.469581
22:47:51.711398 0.609279 0.548876 0.857061 2157986.183562 0.469581
22:47:52.459977 0.576481 0.552327 0.811070 2302077.190438 0.548876
22:47:53.080064 0.619938 0.560778 0.822447 2160526.089901 0.548876
22:47:53.703655 0.623442 0.568611 0.827527 2168092.019644 0.548876
22:47:54.334343 0.630550 0.576354 0.832479 2163139.614557 0.548876
22:47:54.968640 0.634156 0.583579 0.833476 2170216.830777 0.548876
22:47:55.973873 0.692885 0.597242 0.893971 2004003.086321 0.583579
22:47:56.529841 0.555810 0.592063 0.856042 2520342.316516 0.583579
22:47:57.122211 0.592148 0.592074 0.790143 2386430.155179 0.583579
22:47:57.688967 0.566544 0.588883 0.762964 2515970.267552 0.583579
22:47:58.289332 0.600162 0.590292 0.732133 2395513.094618 0.583579
22:47:59.383737 0.651568 0.597952 0.765608 2225376.541742 0.590292
22:47:59.959341 0.575442 0.595138 0.743390 2541128.050372 0.590292
22:48:00.545717 0.586235 0.594025 0.714117 2515305.096631 0.590292
22:48:01.060862 0.514999 0.584147 0.753242 2887089.589925 0.590292
22:48:02.363221 0.643900 0.591616 0.778191 2328211.891209 0.584147
22:48:02.963639 0.600260 0.592697 0.741271 2517948.807846 0.584147
22:48:03.549953 0.586179 0.591882 0.709831 2599397.032574 0.584147
22:48:04.106194 0.556092 0.587408 0.711660 2762132.766025 0.584147
22:48:04.779377 0.673030 0.598111 0.776921 2300474.319086 0.584147
22:48:05.986356 0.765122 0.618987 0.920106 2039643.519477 0.598111
22:48:06.700504 0.713991 0.630863 0.951706 2202918.014602 0.598111
22:48:07.349499 0.648848 0.633111 0.891728 2443024.963093 0.598111
22:48:08.037944 0.688277 0.640007 0.889136 2320926.001781 0.598111
22:48:08.763848 0.725751 0.650725 0.923316 2218017.158006 0.598111
22:48:09.673200 0.699852 0.656866 0.910436 2317655.766884 0.650725
22:48:10.415661 0.742306 0.667546 0.943164 2201658.094014 0.650725
22:48:11.161978 0.746168 0.677373 0.962709 2206731.224997 0.650725
22:48:11.915237 0.753119 0.686842 0.976589 2202679.812816 0.650725
22:48:13.408400 0.823003 0.703862 1.057334 2030573.855934 0.686842
22:48:14.166940 0.758369 0.710675 1.030286 2219837.663322 0.686842
22:48:14.934508 0.767416 0.717768 1.014217 2209680.276657 0.686842
22:48:16.158288 0.743630 0.721001 0.969200 2296884.411954 0.599309
22:48:16.939989 0.781535 0.728567 0.975251 2201206.852750 0.599309
22:48:17.727088 0.786937 0.735864 0.979246 2201711.196188 0.599309
22:48:18.519505 0.792248 0.742912 0.981833 2202461.825812 0.599309
22:48:19.334317 0.814661 0.751880 1.002821 2156951.104714 0.599309
22:48:20.134420 0.799952 0.757889 0.994166 2211972.634906 0.599309
22:48:20.941063 0.806491 0.763964 0.989774 2209274.124971 0.599309
22:48:21.890310 0.778887 0.765830 0.950110 2303348.140262 0.763964
22:48:22.714868 0.824380 0.773149 0.969909 2191144.436764 0.763964
22:48:23.448566 0.733553 0.768199 0.955365 2479199.412657 0.763964
22:48:24.173467 0.724751 0.762768 0.946591 2526263.518125 0.763964
22:48:24.855704 0.682082 0.752682 0.971235 2702314.630955 0.763964
22:48:25.636290 0.780419 0.756149 0.947801 2377553.257280 0.763964
22:48:26.853096 0.803110 0.762020 0.952719 2325679.258345 0.756149
22:48:27.696937 0.843659 0.772224 0.996888 2228464.544483 0.756149
22:48:28.424050 0.726975 0.766568 0.980316 2603049.751835 0.756149
22:48:29.266193 0.841999 0.775997 1.011738 2262045.296908 0.756149
22:48:30.037466 0.771086 0.775383 0.957100 2486010.711905 0.756149
22:48:30.917573 0.879954 0.788455 1.029313 2192405.857835 0.756149
22:48:31.759337 0.652635 0.771477 1.087941 2974870.209541 0.788455
22:48:32.183847 0.424353 0.728087 1.312558 4604168.069358 0.788455
22:48:32.610244 0.426246 0.690356 1.430551 4612548.464916 0.788455
22:48:33.327695 0.413807 0.655788 1.487483 4780896.420366 0.690356
22:48:33.759417 0.431565 0.627760 1.475754 4612644.181958 0.690356
22:48:34.194693 0.435137 0.603682 1.432301 4603021.447078 0.690356
22:48:34.631749 0.436919 0.582837 1.371064 4612370.073808 0.690356
22:48:35.206838 0.424543 0.563050 1.312514 4775769.051235 0.711411
22:48:35.649120 0.442123 0.547934 1.230959 4613666.997932 0.711411
22:48:36.095086 0.445824 0.535170 1.149549 4602929.461290 0.711411
22:48:36.542863 0.447640 0.524229 1.072544 4611706.430834 0.711411
22:48:36.994048 0.451049 0.515082 0.999498 4604095.532746 0.711411
22:48:37.683912 0.436968 0.505317 0.946743 4780580.542216 0.485805
22:48:38.140416 0.456349 0.499196 0.879234 4604474.603758 0.485805
22:48:38.598829 0.458270 0.494080 0.820035 4611990.231085 0.485805
22:48:39.060728 0.461758 0.490040 0.766829 4603763.157458 0.485805
22:48:39.524484 0.463619 0.486738 0.720750 4611786.895665 0.485805
22:48:39.991745 0.467124 0.484286 0.679409 4603488.726152 0.485805
22:48:40.460737 0.468848 0.482356 0.644136 4612770.121578 0.485805
22:48:40.933345 0.472445 0.481117 0.612363 4603659.576713 0.485805
22:48:41.738401 0.458579 0.478300 0.599273 4769655.168531 0.508666
22:48:42.215916 0.477358 0.478182 0.569854 4607760.897124 0.508666
22:48:42.695622 0.479562 0.478355 0.548488 4612210.508833 0.508666
22:48:43.164000 0.468241 0.477090 0.539804 4749964.467901 0.508666
22:48:43.648998 0.484852 0.478061 0.532857 4612573.839845 0.508666
22:48:44.137659 0.488504 0.479366 0.530907 4603246.459874 0.508666
22:48:44.627982 0.490186 0.480719 0.530194 4612518.738947 0.508666
22:48:45.612087 0.477803 0.480354 0.520376 4757776.821608 0.528670
22:48:46.107722 0.495486 0.482246 0.527394 4612779.983569 0.528670
22:48:46.606941 0.499067 0.484348 0.535031 4604303.002296 0.528670
22:48:47.107940 0.500853 0.486411 0.540928 4612418.644841 0.528670
22:48:47.612542 0.504466 0.488668 0.547611 4603742.845699 0.528670
22:48:48.118909 0.506220 0.490862 0.552621 4612064.968075 0.528670
22:48:48.628753 0.509698 0.493217 0.558371 4604703.952999 0.528670
22:48:49.140534 0.511627 0.495518 0.562795 4611357.669430 0.528670
22:48:49.711163 0.499184 0.495976 0.550100 4750922.520315 0.551531
22:48:50.228125 0.516813 0.498581 0.560010 4612639.032901 0.551531
22:48:50.748637 0.520372 0.501305 0.569168 4604706.626067 0.551531
22:48:51.271028 0.522246 0.503922 0.575761 4611710.641556 0.551531
22:48:51.796872 0.525697 0.506644 0.582298 4604812.340214 0.551531
22:48:52.324629 0.527610 0.509265 0.586971 4611407.680630 0.551531
22:48:53.290086 0.515163 0.510002 0.574180 4746676.803354 0.568677
22:48:53.823134 0.532854 0.512859 0.583844 4612144.471291 0.568677
22:48:54.359516 0.536236 0.515781 0.592397 4605971.587303 0.568677
22:48:54.897838 0.538186 0.518581 0.598449 4612114.885778 0.568677
22:48:55.439715 0.541733 0.521475 0.604527 4604600.195959 0.568677
22:48:55.983396 0.543537 0.524233 0.608584 4611924.036130 0.568677
22:48:56.530706 0.547174 0.527101 0.613305 4603727.710663 0.568677
22:48:57.221631 0.532997 0.527838 0.598387 4749233.815949 0.588681
22:48:57.777720 0.555918 0.531348 0.612340 4575521.944711 0.588681
22:48:58.328262 0.550403 0.533730 0.613529 4643694.622711 0.588681
22:48:58.886130 0.557724 0.536729 0.620573 4604772.261005 0.588681
