10:44:47.529733	750	4	0.755	450283	736	-3.2465
10:44:47.830595	300	7.741619	0.0	155580	221	-0.15000000000000002
10:44:48.877886	1200	10.696709	0.0	571051	955	0.29999999999999993
10:44:50.538580	1850	13.034344	0.0	933276	1570	1.2000000000000002
10:44:53.156377	2850	14.414364	0.0	1472558	2524	1.85
10:44:55.324873	2850	16.246423	0.0	1224260	2094	2.85
10:44:59.136793	4300	16.433492	0.0	2157535	3710	2.8499999999999996
10:45:03.161341	4300	16.409115	0.0	2290172	3948	4.3
10:45:06.779563	4300	16.791026	0.0	2055469	3543	4.3
10:45:10.601146	4300	16.970287	0.0	2169201	3746	4.3
10:45:14.456163	4300	17.119464	0.0	2173522	3763	4.3
10:45:19.405801	4300	16.170868	0.0	2102452	4853	4.3
10:45:25.291444	4300	14.285384	0.0	2209463	5707	4.3
10:45:29.474690	2850	14.097804	0.0	1578343	4091	1.4000000000000001
10:45:32.755136	2850	14.822424	0.0	1231445	3193	2.85
10:45:37.416343	2850	14.192942	0.0	1471065	4539	2.85
10:45:43.844228	2850	11.788338	0.0	1491626	6265	2.85
10:45:49.840062	2850	9.797487	0.0	1358801	5803	2.85
10:45:54.222638	1850	9.413753	0.0	987708	4216	0.8500000000000001
10:45:58.326565	1850	9.306975	0.0	923755	3946	1.85
10:46:02.317490	1850	9.320592	0.0	891604	3832	1.85
10:46:06.538769	1850	9.095451	0.0	955231	4055	1.85
10:46:10.859182	1850	8.775071	0.0	968026	4150	1.85
10:46:13.351919	1200	10.287227	0.0	536667	2323	0.5499999999999999
10:46:17.368657	1850	10.264957	0.0	897976	3856	1.2000000000000002
10:46:21.406837	1850	10.227453	0.0	905935	3867	1.85
10:46:26.206141	1850	9.425898	0.0	1076599	4630	1.85
10:46:30.224243	1850	9.434091	0.0	758197	3826	1.85
10:46:35.375597	1850	8.289739	0.0	972798	4943	1.85
10:46:38.894368	1200	8.765249	0.0	641447	3275	0.5499999999999999
10:46:41.999082	1200	9.611288	0.0	570392	2933	1.2
10:46:47.061330	1850	8.595556	0.0	954453	4879	1.2000000000000002
10:46:50.259521	1200	9.402247	0.0	584349	2983	0.5499999999999999
10:46:55.780677	1850	7.878964	0.0	1035329	5317	1.2000000000000002
10:46:59.514064	1200	8.144847	0.0	690253	3510	0.5499999999999999
10:47:02.744553	1200	8.911521	0.0	598727	3019	1.2
10:47:06.630230	1850	9.027973	0.0	728962	3661	1.2000000000000002
10:47:11.639221	1850	8.023644	0.0	938587	4782	1.85
10:47:14.926187	1200	8.730978	0.0	605884	3062	0.5499999999999999
10:47:18.175234	1200	9.481396	0.0	587506	3032	1.2
10:47:22.723078	1850	8.91193	0.0	858450	4358	1.2000000000000002
10:47:28.207532	1850	7.451442	0.0	1025005	5255	1.85
10:47:31.450318	1200	8.19241	0.0	599477	3040	0.5499999999999999
10:47:34.884467	1200	8.775753	0.0	634861	3205	1.2
10:47:38.342567	1200	9.30402	0.0	630203	3253	1.2
10:47:43.560338	1850	8.095796	0.0	982064	5011	1.2000000000000002
10:47:46.524617	1200	9.133439	0.0	538612	2742	0.5499999999999999
10:47:51.052129	1850	8.608754	0.0	846370	4299	1.2000000000000002
10:47:53.258106	1200	8.080455	0.0	391450	1984	0.5499999999999999

