10:44:47.617535	750	4	0.78	450283	738	-3.354
10:44:47.937244	300	7.674127	0.0	155580	226	-0.15000000000000002
10:44:48.979570	1200	10.631682	0.0	571051	949	0.29999999999999993
10:44:50.650787	1850	12.960433	0.0	933276	1579	1.2000000000000002
10:44:53.281375	2850	14.329969	0.0	1472558	2536	1.85
10:44:55.433693	2850	16.177984	0.0	1224260	2079	2.85
10:44:59.261454	4300	16.351721	0.0	2157535	3718	2.8499999999999996
10:45:03.289490	4300	16.32254	0.0	2290172	3950	4.3
10:45:06.905060	4300	16.706757	0.0	2055469	3540	4.3
10:45:10.725940	4300	16.888086	0.0	2169201	3741	4.3
10:45:14.515894	4300	17.07614	0.0	2173522	3736	4.3
10:45:19.442393	4300	16.180097	0.0	2102452	4855	4.3
10:45:25.287428	4300	14.329389	0.0	2209463	5690	4.3
10:45:29.472386	2850	14.1435	0.0	1578343	4097	1.4000000000000001
10:45:32.749354	2850	14.868405	0.0	1231445	3201	2.85
10:45:37.415794	2850	14.233795	0.0	1471065	4547	2.85
10:45:43.855808	2850	11.81494	0.0	1491626	6261	2.85
10:45:49.856201	2850	9.810968	0.0	1358801	5818	2.85
10:45:54.238766	1850	9.430294	0.0	987708	4199	0.8500000000000001
10:45:58.353348	1850	9.307428	0.0	923755	3947	1.85
10:46:02.347239	1850	9.317574	0.0	891604	3831	1.85
10:46:06.564439	1850	9.110156	0.0	955231	4032	1.85
10:46:10.888391	1850	8.779215	0.0	968026	4145	1.85
10:46:13.374974	1200	10.29327	0.0	536667	2308	0.5499999999999999
10:46:17.396719	1850	10.26634	0.0	897976	3844	1.2000000000000002
10:46:21.423704	1850	10.240598	0.0	905935	3849	1.85
10:46:26.205698	1850	9.463826	0.0	1076599	4605	1.85
10:46:30.232413	1850	9.46279	0.0	758197	3827	1.85
10:46:35.379033	1850	8.320012	0.0	972798	4933	1.85
10:46:38.891205	1200	8.803604	0.0	641447	3279	0.5499999999999999
10:46:41.998425	1200	9.647678	0.0	570392	2942	1.2
10:46:47.079297	1850	8.617744	0.0	954453	4874	1.2000000000000002
10:46:50.275844	1200	9.420908	0.0	584349	2976	0.5499999999999999
10:46:55.781077	1850	7.914314	0.0	1035329	5297	1.2000000000000002
10:46:59.498527	1200	8.199229	0.0	690253	3501	0.5499999999999999
10:47:02.747568	1200	8.950234	0.0	598727	3039	1.2
10:47:06.623489	1850	9.078883	0.0	728962	3655	1.2000000000000002
10:47:11.629772	1850	8.064664	0.0	938587	4792	1.85
10:47:14.910535	1200	8.788445	0.0	605884	3062	0.5499999999999999
10:47:18.160273	1200	9.535857	0.0	587506	3047	1.2
10:47:22.709663	1850	8.969599	0.0	858450	4357	1.2000000000000002
10:47:28.194506	1850	7.501848	0.0	1025005	5274	1.85
10:47:31.434549	1200	8.240029	0.0	599477	3054	0.5499999999999999
10:47:34.878672	1200	8.81595	0.0	634861	3232	1.2
10:47:38.334314	1200	9.351839	0.0	630203	3262	1.2
10:47:43.547277	1850	8.149239	0.0	982064	5013	1.2000000000000002
10:47:46.516513	1200	9.182016	0.0	538612	2761	0.5499999999999999
10:47:51.041321	1850	8.667489	0.0	846370	4298	1.2000000000000002
10:47:53.246201	1200	8.134683	0.0	391450	1992	0.5499999999999999

