10:45:17.855455	750	4	1.204	450283	1164	-5.1772
10:45:18.398483	300	7.535753	0.0	155580	400	-0.15000000000000002
10:45:19.820977	1200	10.110956	0.0	571051	1278	0.29999999999999993
10:45:22.392175	1850	11.539809	0.0	933276	2431	1.2000000000000002
10:45:26.309074	2850	11.622432	0.0	1472558	3774	1.85
10:45:29.559077	2850	12.381265	0.0	1224260	3127	2.85
10:45:33.251060	2850	12.686389	0.0	1388403	3558	2.85
10:45:38.968984	2850	11.016737	0.0	1638769	5539	2.85
10:45:42.750103	1850	11.230686	0.0	852833	3585	0.8500000000000001
10:45:46.815585	1850	11.168044	0.0	913888	3874	1.85
10:45:51.017869	1850	10.968724	0.0	939819	4008	1.85
10:45:55.122498	1850	10.870095	0.0	917428	3902	1.85
10:45:59.340252	1850	10.644731	0.0	946851	4028	1.85
10:46:03.930055	1850	10.055377	0.0	1036454	4394	1.85
10:46:07.605807	1850	10.378896	0.0	821631	3482	1.85
10:46:11.702318	1850	10.286081	0.0	923170	3899	1.85
10:46:15.989017	1850	9.993938	0.0	966699	4090	1.85
10:46:19.937704	1850	10.047318	0.0	885714	3753	1.85
10:46:24.325434	1850	9.658955	0.0	987708	4194	1.85
10:46:28.838697	1850	9.171546	0.0	923755	4289	1.85
10:46:33.544304	1850	8.448898	0.0	891604	4489	1.85
10:46:36.877881	1200	9.129857	0.0	616206	3111	0.5499999999999999
10:46:42.002275	1850	7.940452	0.0	968026	4952	1.2000000000000002
10:46:44.997950	1200	8.991394	0.0	536667	2781	0.5499999999999999
10:46:49.829456	1850	8.162568	0.0	897976	4619	1.2000000000000002
10:46:53.071877	1200	8.9406	0.0	590335	3008	0.5499999999999999
10:46:58.776976	1850	7.232946	0.0	1076599	5467	1.2000000000000002
10:47:00.395941	750	9.615715	0.0	277716	1363	-0.3500000000000001
10:47:05.589058	1850	8.425436	0.0	972798	4951	0.75
10:47:09.080381	1200	8.929212	0.0	641447	3250	0.5499999999999999
10:47:13.734764	1850	8.275749	0.0	873429	4415	1.2000000000000002
10:47:17.097235	1200	8.913268	0.0	620283	3119	0.5499999999999999
10:47:21.798740	1850	8.222466	0.0	885062	4442	1.2000000000000002
10:47:25.442405	1200	8.567603	0.0	670129	3406	0.5499999999999999
10:47:29.144967	1200	8.862594	0.0	690253	3469	1.2
10:47:32.388803	1200	9.624698	0.0	598727	3006	1.2
10:47:36.296289	1850	9.711203	0.0	728962	3678	1.2000000000000002
10:47:41.300583	1850	8.710096	0.0	938587	4769	1.85
10:47:44.588600	1200	9.42599	0.0	605884	3049	0.5499999999999999
10:47:49.539309	1850	8.473542	0.0	930577	4705	1.2000000000000002
10:47:52.630160	1200	9.381595	0.0	566904	2849	0.5499999999999999
10:47:56.405066	1850	9.556221	0.0	1025005	3587	1.2000000000000002
10:47:59.560294	1850	10.400233	0.0	886255	3000	1.85
10:48:03.057030	1850	10.901523	0.0	973972	3340	1.85
10:48:06.486189	1850	11.471978	0.0	958994	3278	1.85
10:48:11.684397	2850	10.274851	0.0	1483527	5037	1.85
10:48:14.693677	1850	11.26297	0.0	830730	2862	0.8500000000000001
10:48:17.710401	1850	12.246632	0.0	846370	2867	1.85
10:48:20.908703	2850	10.731152	0.0	889412	3027	1.85

