10:46:30.441378	750	4	2.267	450283	2193	-9.7481
10:46:31.533398	300	7.072899	0.0	155580	798	-0.15000000000000002
10:46:33.559728	750	9.029176	0.0	350812	1808	0.3
10:46:38.579627	1850	8.028325	0.0	933276	4718	0.75
10:46:42.110535	1200	8.475198	0.0	652874	3262	0.5499999999999999
10:46:45.008503	1200	9.577424	0.0	520315	2670	1.2
10:46:49.850101	1850	8.742169	0.0	905515	4618	1.2000000000000002
10:46:53.663131	1200	8.922121	0.0	709534	3590	0.5499999999999999
10:46:58.268686	1850	8.342517	0.0	852833	4370	1.2000000000000002
10:47:01.315006	1200	9.294843	0.0	560821	2802	0.5499999999999999
10:47:06.301990	1850	8.288361	0.0	939819	4768	1.2000000000000002
10:47:09.605546	1200	9.002483	0.0	594078	3026	0.5499999999999999
10:47:14.611099	1850	7.996776	0.0	946851	4766	1.2000000000000002
10:47:18.323370	1200	8.291022	0.0	687371	3470	0.5499999999999999
10:47:21.260934	1200	9.349105	0.0	526950	2699	1.2
10:47:26.166718	1850	8.440851	0.0	923170	4666	1.2000000000000002
10:47:29.502166	1200	9.106543	0.0	617242	3098	0.5499999999999999
10:47:34.216570	1850	8.394967	0.0	885714	4472	1.2000000000000002
10:47:37.696721	1200	8.911398	0.0	639204	3246	0.5499999999999999
10:47:42.611399	1850	7.993107	0.0	923755	4675	1.2000000000000002
10:47:45.891090	1200	8.715467	0.0	601738	3043	0.5499999999999999
10:47:49.245207	1200	9.360662	0.0	616206	3124	1.2
10:47:53.993079	1850	8.562543	0.0	968026	4560	1.2000000000000002
10:47:55.986950	1200	10.572948	0.0	536667	1829	0.5499999999999999
10:47:59.196155	1850	11.35971	0.0	897976	3055	1.2000000000000002
10:48:02.441265	1850	12.115733	0.0	905935	3094	1.85
10:48:07.896298	2850	10.661655	0.0	1547572	5257	1.85
10:48:10.648711	1850	11.908883	0.0	758197	2599	0.8500000000000001
10:48:15.935720	2850	10.626272	0.0	1498470	5118	1.85
10:48:19.423551	1850	11.136508	0.0	975811	3327	0.8500000000000001
10:48:22.154945	1850	12.376018	0.0	873429	2605	1.85
10:48:26.124958	2850	12.395702	0.0	1497683	3857	1.85
10:48:29.732209	2850	12.796748	0.0	1358081	3502	2.85
10:48:33.914150	2850	12.613871	0.0	1587293	4063	2.85
10:48:37.854113	2850	12.660221	0.0	1492672	3842	2.85
10:48:40.432321	2850	14.042351	0.0	1439896	2518	2.85
10:48:41.445137	2850	17.029579	0.0	1139291	991	2.85
10:48:43.355113	4300	19.119526	0.0	2147467	1869	2.8499999999999996
10:48:45.237787	4300	21.236215	0.0	2133870	1856	4.3
10:48:47.134935	4300	23.339851	0.0	2146120	1874	4.3
10:48:48.995310	4300	25.478544	0.0	2108491	1840	4.3
10:48:50.924787	4300	27.550095	0.0	2184571	1902	4.3
10:48:52.798768	4300	29.675919	0.0	2121928	1848	4.3
10:48:54.755714	4300	31.718526	0.0	2219102	1932	4.3
10:48:56.631663	4300	33.842718	0.0	2124950	1850	4.3
10:48:58.614261	4300	35.860071	0.0	2246506	1962	4.3
10:49:00.344965	4300	38.129366	0.0	1961140	1710	4.3
10:49:02.247872	4300	40.226895	0.0	2155012	1876	4.3
10:49:03.519951	4300	40.634907	0.0	1433658	1253	4.3

