10:45:39.589695	750	4	1.919	450283	1853	-8.2517
10:45:40.496185	300	7.235557	0.0	155580	661	-0.15000000000000002
10:45:42.171036	750	9.557408	0.0	350812	1479	0.3
10:45:46.358741	1850	9.36841	0.0	933276	3946	0.75
10:45:50.789488	1850	8.939263	0.0	996749	4236	1.85
10:45:54.368192	1850	9.368112	0.0	801058	3384	1.85
10:45:58.391164	1850	9.303332	0.0	905515	3869	1.85
10:46:03.110108	1850	8.618909	0.0	1060487	4518	1.85
10:46:05.839881	1200	9.886684	0.0	584846	2469	0.5499999999999999
10:46:09.923129	1850	9.80465	0.0	913888	3889	1.2000000000000002
10:46:14.042807	1850	9.687335	0.0	939819	3924	1.85
10:46:18.108297	1850	9.621408	0.0	917428	3878	1.85
10:46:22.327968	1850	9.401851	0.0	946851	4028	1.85
10:46:27.064250	1850	8.690282	0.0	1036454	4518	1.85
10:46:29.983147	1200	9.77581	0.0	526950	2675	0.5499999999999999
10:46:34.846075	1850	8.906905	0.0	923170	4629	1.2000000000000002
10:46:39.949453	1850	7.806645	0.0	966699	4866	1.85
10:46:43.055968	1200	8.700392	0.0	581493	2866	0.5499999999999999
10:46:46.548979	1200	9.204326	0.0	639204	3265	1.2
10:46:51.435370	1850	8.318487	0.0	923755	4650	1.2000000000000002
10:46:54.723679	1200	9.034638	0.0	601738	3050	0.5499999999999999
10:46:59.778675	1850	7.975261	0.0	955231	4819	1.2000000000000002
10:47:03.319945	1200	8.436918	0.0	656471	3280	0.5499999999999999
10:47:06.289480	1200	9.446278	0.0	536667	2757	1.2
10:47:11.096245	1850	8.659669	0.0	897976	4578	1.2000000000000002
10:47:14.331420	1200	9.42277	0.0	590335	2996	0.5499999999999999
10:47:20.031554	1850	7.724738	0.0	1076599	5457	1.2000000000000002
10:47:22.696482	1200	9.026038	0.0	487160	2465	0.5499999999999999
10:47:27.937144	1850	7.821347	0.0	972798	5022	1.2000000000000002
10:47:31.405872	1200	8.32425	0.0	641447	3262	0.5499999999999999
10:47:34.529510	1200	9.229493	0.0	570392	2920	1.2
10:47:39.595292	1850	8.161296	0.0	954453	4823	1.2000000000000002
10:47:42.802314	1200	8.963166	0.0	584349	2963	0.5499999999999999
10:47:48.316778	1850	7.443166	0.0	1035329	5271	1.2000000000000002
10:47:52.030886	1200	7.724829	0.0	690253	3479	0.5499999999999999
10:47:54.574784	1200	9.129086	0.0	598727	2364	1.2
10:47:57.190738	1850	10.513308	0.0	728962	2457	1.2000000000000002
10:48:00.523800	1850	11.178966	0.0	938587	3181	1.85
10:48:03.771581	1850	11.935259	0.0	908665	3091	1.85
10:48:08.758901	2850	10.945408	0.0	1402287	4788	1.85
10:48:11.825452	1850	11.883568	0.0	858450	2906	0.8500000000000001
10:48:17.231223	2850	10.474158	0.0	1527299	5248	1.85
10:48:20.397566	1850	11.308126	0.0	886255	3004	0.8500000000000001
10:48:23.141177	1850	12.537779	0.0	973972	2617	1.85
10:48:27.012493	2850	12.668014	0.0	1464921	3752	1.85
10:48:30.943755	2850	12.739658	0.0	1483527	3811	2.85
10:48:34.222167	2850	13.456789	0.0	1231456	3164	2.85
10:48:37.853590	2850	13.807177	0.0	1364537	3533	2.85
10:48:39.972322	2850	13.361592	0.0	889412	2038	2.85

