10:45:38.343008	750	4	1.888	450283	1824	-8.1184
10:45:39.225309	300	7.255611	0.0	155580	636	-0.15000000000000002
10:45:41.906097	1200	8.571919	0.0	571051	2439	0.29999999999999993
10:45:44.670302	1200	9.805868	0.0	617681	2576	1.2
10:45:49.198456	1850	9.28206	0.0	996749	4282	1.2000000000000002
10:45:52.776249	1850	9.702861	0.0	801058	3380	1.85
10:45:56.801869	1850	9.67636	0.0	905515	3830	1.85
10:46:01.515030	1850	8.96555	0.0	1060487	4519	1.85
10:46:05.324799	1850	9.152497	0.0	852833	3618	1.85
10:46:09.400132	1850	9.083837	0.0	913888	3878	1.85
10:46:13.530840	1850	8.956687	0.0	939819	3931	1.85
10:46:17.590673	1850	8.887295	0.0	917428	3868	1.85
10:46:21.814049	1850	8.668979	0.0	946851	4028	1.85
10:46:24.965828	1200	9.518472	0.0	687371	2951	0.5499999999999999
10:46:29.096380	1850	9.406132	0.0	821631	3895	1.2000000000000002
10:46:33.962019	1850	8.542954	0.0	923170	4627	1.85
10:46:37.311087	1200	9.19315	0.0	617242	3110	0.5499999999999999
10:46:41.997866	1850	8.450937	0.0	885714	4503	1.2000000000000002
10:46:45.492799	1200	9.018827	0.0	639204	3273	0.5499999999999999
10:46:50.381790	1850	8.117247	0.0	923755	4659	1.2000000000000002
10:46:53.677478	1200	8.809589	0.0	601738	3070	0.5499999999999999
10:46:57.053392	1200	9.451347	0.0	616206	3141	1.2
10:47:02.209818	1850	8.29555	0.0	968026	4918	1.2000000000000002
10:47:05.184334	1200	9.321703	0.0	536667	2736	0.5499999999999999
10:47:09.948689	1850	8.554512	0.0	897976	4529	1.2000000000000002
10:47:13.202039	1200	9.30648	0.0	590335	3013	0.5499999999999999
10:47:18.861865	1850	7.641183	0.0	1076599	5423	1.2000000000000002
10:47:21.595987	1200	8.911102	0.0	487160	2493	0.5499999999999999
10:47:26.761861	1850	7.74103	0.0	972798	4934	1.2000000000000002
10:47:30.246347	1200	8.257936	0.0	641447	3247	0.5499999999999999
10:47:33.350365	1200	9.154285	0.0	570392	2869	1.2
10:47:38.367604	1850	8.091004	0.0	954453	4833	1.2000000000000002
10:47:41.593447	1200	8.907896	0.0	584349	2982	0.5499999999999999
10:47:47.084745	1850	7.422457	0.0	1035329	5251	1.2000000000000002
10:47:50.840361	1200	7.665106	0.0	690253	3515	0.5499999999999999
10:47:53.810840	1200	8.643467	0.0	598727	2790	1.2
10:47:55.604096	1200	10.851285	0.0	487812	1638	1.2
10:47:58.947141	1850	11.508322	0.0	938587	3187	1.2000000000000002
10:48:03.937208	2850	10.521968	0.0	1427478	4790	1.85
10:48:07.304910	1850	11.149736	0.0	930577	3208	0.8500000000000001
10:48:10.400983	1850	12.051752	0.0	858450	2951	1.85
10:48:15.780102	2850	10.673927	0.0	1527299	5216	1.85
10:48:18.932863	1850	11.524248	0.0	886255	3000	0.8500000000000001
10:48:23.575355	2850	10.854226	0.0	1587250	4512	1.85
10:48:26.170625	1850	12.251367	0.0	958994	2485	0.8500000000000001
10:48:30.103993	2850	12.325663	0.0	1483527	3814	1.85
10:48:33.412610	2850	13.013014	0.0	1231456	3193	2.85
10:48:37.032448	2850	13.39432	0.0	1364537	3507	2.85
10:48:39.407487	2850	12.703694	0.0	889412	2259	2.85

