16:05:39.763676	750	4	1.882	450283	1737	-8.0926
16:05:40.706717	300	7.046242	0.0	155580	664	-0.15000000000000002
16:05:42.358170	750	9.397902	0.0	350812	1450	0.3
16:05:44.170299	750	11.584319	0.0	382355	1606	0.75
16:05:46.138627	750	13.617311	0.0	411561	1758	0.75
16:05:47.719597	750	16.017295	0.0	318564	1353	0.75
16:05:49.375050	750	18.379261	0.0	352642	1487	0.75
16:05:54.139864	1850	17.613998	0.0	1060487	4521	0.75
16:05:57.949398	1850	17.804133	0.0	852833	3611	1.85
16:06:02.022661	1850	17.733059	0.0	913888	3875	1.85
16:06:06.219873	1850	17.530344	0.0	939819	4002	1.85
16:06:10.294580	1850	17.459008	0.0	917428	3886	1.85
16:06:14.497719	1850	17.254398	0.0	946851	4011	1.85
16:06:19.106332	1850	16.648971	0.0	1036454	4408	1.85
16:06:22.774435	1850	16.978889	0.0	821631	3475	1.85
16:06:27.013947	1850	16.768953	0.0	923170	4015	1.85
16:06:32.116630	1850	15.666283	0.0	966699	4863	1.85
16:06:36.842951	1850	14.942993	0.0	885714	4485	1.85
16:06:41.976513	1850	13.783583	0.0	987708	4917	1.85
16:06:46.819154	1850	12.962664	0.0	923755	4601	1.85
16:06:51.553142	1850	12.23406	0.0	891604	4491	1.85
16:06:56.669091	1850	11.117664	0.0	955231	4872	1.85
16:07:01.865635	1850	9.917142	0.0	968026	4954	1.85
16:07:06.548304	1850	9.235098	0.0	874175	4445	1.85
16:07:08.639531	750	11.144069	0.0	359903	1834	-0.3500000000000001
16:07:10.798016	750	12.981993	0.0	379700	1919	0.75
16:07:13.210629	750	14.553862	0.0	425781	2181	0.75
16:07:14.812387	750	16.968473	0.0	277716	1384	0.75
16:07:17.067042	750	18.712911	0.0	400396	2016	0.75
16:07:19.294850	750	20.484348	0.0	400508	2006	0.75
16:07:23.969883	1850	19.814905	0.0	873429	4442	0.75
16:07:29.044949	1850	18.732477	0.0	954453	4844	1.85
16:07:33.783023	1850	17.962152	0.0	885062	4538	1.85
16:07:39.344969	1850	16.435569	0.0	1035329	5313	1.85
16:07:44.800931	1850	14.981178	0.0	1026056	5219	1.85
16:07:49.806932	1850	13.969611	0.0	943942	4774	1.85
16:07:52.869945	1850	14.860325	0.0	728962	2885	1.85
16:07:56.217639	1850	15.512779	0.0	938587	3199	1.85
16:07:59.461180	1850	16.271201	0.0	908665	3084	1.85
16:08:02.778378	1850	16.955156	0.0	930577	3157	1.85
16:08:05.840660	1850	17.890021	0.0	858450	2910	1.85
16:08:09.486444	1850	18.245701	0.0	1025005	3490	1.85
16:08:12.644311	1850	19.084671	0.0	886255	3006	1.85
16:08:15.389798	1850	20.315991	0.0	973972	2617	1.85
16:08:17.946941	1850	21.759427	0.0	958994	2440	1.85
16:08:20.565179	1850	23.139313	0.0	982064	2502	1.85
16:08:22.796481	1850	24.906327	0.0	830730	2114	1.85
16:08:25.072233	1850	26.638179	0.0	846370	2155	1.85
16:08:26.719307	1850	26.667154	0.0	598850	1534	1.85

