16:04:47.953064	750	4	0.58	450283	549	-2.494
16:04:48.921941	750	7.339334	0.0	398865	636	0.75
16:04:50.510432	1850	9.748594	0.0	877771	1492	0.75
16:04:52.171923	1850	12.085993	0.0	933276	1590	1.85
16:04:53.947899	1850	14.310413	0.0	996749	1701	1.85
16:04:55.384270	1850	16.87369	0.0	801058	1362	1.85
16:04:57.000930	1850	19.257798	0.0	905515	1543	1.85
16:04:58.883995	1850	21.374001	0.0	1060487	1813	1.85
16:05:00.409323	1850	23.853112	0.0	852833	1445	1.85
16:05:04.238120	4300	24.016173	0.0	2169201	3727	1.8499999999999996
16:05:08.089859	4300	24.166355	0.0	2173522	3748	4.3
16:05:11.798170	4300	24.460415	0.0	2102452	3627	4.3
16:05:15.700740	4300	24.559631	0.0	2209463	3809	4.3
16:05:21.146011	4300	23.121344	0.0	2275376	5334	4.3
16:05:26.479208	4300	21.786956	0.0	2005399	5183	4.3
16:05:32.154546	4300	20.110597	0.0	2152483	5585	4.3
16:05:38.979292	4300	17.331895	0.0	2289689	6685	4.3
16:05:47.845034	4300	12.476362	0.0	2059512	8659	4.3
16:05:52.207666	1850	12.108255	0.0	987708	4195	-0.6000000000000001
16:05:56.335218	1850	11.984143	0.0	923755	3965	1.85
16:06:00.300946	1850	12.024472	0.0	891604	3786	1.85
16:06:04.558110	1850	11.757711	0.0	955231	4091	1.85
16:06:08.872756	1850	11.444667	0.0	968026	4145	1.85
16:06:12.782863	1850	11.535764	0.0	874175	3744	1.85
16:06:16.821890	1850	11.490582	0.0	897976	3868	1.85
16:06:20.872361	1850	11.44971	0.0	905935	3888	1.85
16:06:25.644760	1850	10.674558	0.0	1076599	4606	1.85
16:06:29.608692	1850	10.730438	0.0	758197	3767	1.85
16:06:34.746115	1850	9.594771	0.0	972798	4934	1.85
16:06:36.998502	750	11.345377	0.0	400508	2021	-0.3500000000000001
16:06:39.025921	750	13.317356	0.0	358218	1825	0.75
16:06:41.293979	750	15.045591	0.0	400322	2047	0.75
16:06:43.371565	750	16.972589	0.0	369834	1867	0.75
16:06:45.714559	750	18.633937	0.0	412837	2120	0.75
16:06:47.963189	750	20.378145	0.0	401088	2042	0.75
16:06:50.035245	750	22.310236	0.0	365161	1881	0.75
16:06:53.969057	1850	22.379409	0.0	728962	3720	0.75
16:06:58.947248	1850	21.382342	0.0	938587	4790	1.85
16:07:03.835164	1850	20.51423	0.0	908665	4678	1.85
16:07:08.778640	1850	19.56622	0.0	930577	4738	1.85
16:07:13.352591	1850	19.008395	0.0	858450	4358	1.85
16:07:18.740301	1850	17.607457	0.0	1025005	5166	1.85
16:07:23.447863	1850	16.900237	0.0	886255	4497	1.85
16:07:28.659940	1850	15.684312	0.0	973972	4997	1.85
16:07:33.761483	1850	14.567509	0.0	958994	4907	1.85
16:07:39.016696	1850	13.339646	0.0	982064	5055	1.85
16:07:43.444791	1850	12.90158	0.0	830730	4227	1.85
16:07:47.932699	1850	12.397494	0.0	846370	4299	1.85
16:07:51.229959	1850	10.799303	0.0	598850	3081	1.85

