16:06:30.526501	750	4	2.301	450283	2220	-9.8943
16:06:31.648012	300	7.065784	0.0	155580	793	-0.15000000000000002
16:06:33.654951	750	9.072679	0.0	350812	1755	0.3
16:06:35.796844	750	10.916978	0.0	382355	1909	0.75
16:06:38.081999	750	12.614134	0.0	411561	2069	0.75
16:06:39.887529	750	14.830573	0.0	318564	1579	0.75
16:06:41.902427	750	16.803678	0.0	352642	1794	0.75
16:06:44.318604	750	18.380602	0.0	437162	2192	0.75
16:06:46.474937	750	20.238619	0.0	374758	1899	0.75
16:06:51.408621	1850	19.302997	0.0	913888	4635	0.75
16:06:56.453596	1850	18.262749	0.0	939819	4820	1.85
16:07:01.356992	1850	17.357788	0.0	917428	4672	1.85
16:07:06.404555	1850	16.309151	0.0	946851	4814	1.85
16:07:11.867527	1850	14.850922	0.0	1036454	5235	1.85
16:07:16.184857	1850	14.512971	0.0	821631	4101	1.85
16:07:21.043582	1850	13.670756	0.0	923170	4640	1.85
16:07:26.188286	1850	12.532018	0.0	966699	4905	1.85
16:07:30.924759	1850	11.791108	0.0	885714	4510	1.85
16:07:36.183905	1850	10.511134	0.0	987708	5046	1.85
16:07:41.137485	1850	9.580349	0.0	923755	4732	1.85
16:07:43.337974	750	11.37325	0.0	386472	1948	-0.3500000000000001
16:07:45.602890	750	13.114736	0.0	399894	2038	0.75
16:07:47.926971	750	14.762847	0.0	401853	2030	0.75
16:07:49.908505	750	16.799427	0.0	343800	1779	0.75
16:07:51.705836	750	18.959348	0.0	359903	1613	0.75
16:07:54.927130	1850	19.737088	0.0	905935	3070	0.75
16:07:58.759251	1850	19.904694	0.0	1076599	3681	1.85
16:08:01.502463	1850	21.160351	0.0	758197	2591	1.85
16:08:04.977946	1850	21.685537	0.0	972798	3332	1.85
16:08:08.444190	1850	22.218808	0.0	975811	3319	1.85
16:08:11.562355	1850	23.1018	0.0	873429	2967	1.85
16:08:14.551175	1850	24.089512	0.0	954453	2853	1.85
16:08:16.922060	1850	25.717992	0.0	885062	2259	1.85
16:08:19.698736	1850	26.941845	0.0	1035329	2665	1.85
16:08:22.437724	1850	28.198682	0.0	1026056	2630	1.85
16:08:24.968516	1850	29.673983	0.0	943942	2411	1.85
16:08:26.843478	1850	31.77265	0.0	728962	1788	1.85
16:08:29.079350	4300	33.501976	0.0	2147467	2159	1.8499999999999996
16:08:30.967502	4300	35.614444	0.0	2133870	1857	4.3
16:08:32.863498	4300	37.718548	0.0	2146120	1868	4.3
16:08:34.726425	4300	39.854858	0.0	2108491	1836	4.3
16:08:36.657471	4300	41.923843	0.0	2184571	1904	4.3
16:08:38.531084	4300	44.050729	0.0	2121928	1852	4.3
16:08:40.491265	4300	46.090005	0.0	2219102	1932	4.3
16:08:42.372752	4300	48.208402	0.0	2124950	1851	4.3
16:08:44.356653	4300	50.225396	0.0	2246506	1956	4.3
16:08:46.087605	4300	52.493693	0.0	1961140	1710	4.3
16:08:47.990096	4300	54.591527	0.0	2155012	1882	4.3
16:08:49.261739	4300	54.999768	0.0	1433658	1248	4.3

