16:04:48.399961	750	4	0.517	450283	486	-2.2231
16:04:49.137081	750	7.3303	0.0	398865	643	0.75
16:04:50.723920	1850	9.7427	0.0	877771	1493	0.75
16:04:52.395541	1850	12.07284	0.0	933276	1598	1.85
16:04:54.165726	1850	14.301978	0.0	996749	1694	1.85
16:04:55.597020	1850	16.869362	0.0	801058	1361	1.85
16:04:57.215250	1850	19.252568	0.0	905515	1546	1.85
16:04:59.101395	1850	21.367024	0.0	1060487	1815	1.85
16:05:00.613465	1850	23.85504	0.0	852833	1432	1.85
16:05:04.437263	4300	24.030409	0.0	2169201	3714	1.8499999999999996
16:05:08.257896	4300	24.209264	0.0	2173522	3744	4.3
16:05:11.949165	4300	24.517974	0.0	2102452	3616	4.3
16:05:15.802830	4300	24.636188	0.0	2209463	3784	4.3
16:05:21.185876	4300	23.273834	0.0	2275376	5298	4.3
16:05:26.484768	4300	21.986168	0.0	2005399	5181	4.3
16:05:32.160205	4300	20.313669	0.0	2152483	5576	4.3
16:05:38.978692	4300	17.543366	0.0	2289689	6667	4.3
16:05:47.858137	4300	12.684577	0.0	2059512	8670	4.3
16:05:52.218226	1850	12.305855	0.0	987708	4182	-0.6000000000000001
16:05:56.351124	1850	12.169622	0.0	923755	3952	1.85
16:06:00.311547	1850	12.222111	0.0	891604	3776	1.85
16:06:04.567457	1850	11.957117	0.0	955231	4078	1.85
16:06:08.886448	1850	11.637242	0.0	968026	4140	1.85
16:06:12.783382	1850	11.738757	0.0	874175	3718	1.85
16:06:16.825946	1850	11.699574	0.0	897976	3875	1.85
16:06:20.880591	1850	11.648049	0.0	905935	3895	1.85
16:06:25.660306	1850	10.867164	0.0	1076599	4604	1.85
16:06:29.611217	1850	10.93581	0.0	758197	3752	1.85
16:06:34.762994	1850	9.787965	0.0	972798	4929	1.85
16:06:37.006552	750	11.557648	0.0	400508	2018	-0.3500000000000001
16:06:39.041963	750	13.508947	0.0	358218	1823	0.75
16:06:41.297051	750	15.253548	0.0	400322	2041	0.75
16:06:43.379722	750	17.171579	0.0	369834	1861	0.75
16:06:45.730090	750	18.821676	0.0	412837	2136	0.75
16:06:47.980962	750	20.563849	0.0	401088	2034	0.75
16:06:50.058707	750	22.486513	0.0	365161	1869	0.75
16:06:54.001056	1850	22.550341	0.0	728962	3719	0.75
16:06:58.985630	1850	21.542696	0.0	938587	4785	1.85
16:07:03.874851	1850	20.671291	0.0	908665	4664	1.85
16:07:08.796362	1850	19.755475	0.0	930577	4698	1.85
16:07:13.358303	1850	19.203108	0.0	858450	4327	1.85
16:07:18.745934	1850	17.805867	0.0	1025005	5164	1.85
16:07:23.465623	1850	17.09019	0.0	886255	4496	1.85
16:07:28.671856	1850	15.884906	0.0	973972	4981	1.85
16:07:33.779828	1850	14.752829	0.0	958994	4906	1.85
16:07:39.044686	1850	13.504594	0.0	982064	5050	1.85
16:07:43.468110	1850	13.085429	0.0	830730	4203	1.85
16:07:47.957384	1850	12.571977	0.0	846370	4291	1.85
16:07:51.257217	1850	10.97048	0.0	598850	3076	1.85

