16:05:40.975415	750	4	1.888	450283	1845	-8.1184
16:05:41.909698	300	7.23032	0.0	155580	662	-0.15000000000000002
16:05:43.596837	750	9.531524	0.0	350812	1490	0.3
16:05:45.391609	750	11.745133	0.0	382355	1613	0.75
16:05:47.329033	750	13.806577	0.0	411561	1749	0.75
16:05:48.765496	750	16.370495	0.0	318564	1245	0.75
16:05:50.460143	750	18.677134	0.0	352642	1503	0.75
16:05:55.221305	1850	17.913591	0.0	1060487	4517	0.75
16:05:59.047559	1850	18.092532	0.0	852833	3628	1.85
16:06:03.132508	1850	18.0079	0.0	913888	3889	1.85
16:06:07.338709	1850	17.796582	0.0	939819	4011	1.85
16:06:11.422978	1850	17.71262	0.0	917428	3888	1.85
16:06:15.645542	1850	17.49237	0.0	946851	4022	1.85
16:06:20.233899	1850	16.903093	0.0	1036454	4393	1.85
16:06:23.900233	1850	17.233835	0.0	821631	3476	1.85
16:06:28.312131	1850	16.857101	0.0	923170	4187	1.85
16:06:33.451202	1850	15.712023	0.0	966699	4897	1.85
16:06:38.091344	1850	15.056936	0.0	885714	4421	1.85
16:06:43.263810	1850	13.883075	0.0	987708	4951	1.85
16:06:48.047893	1850	13.091795	0.0	923755	4590	1.85
16:06:52.840901	1850	12.325959	0.0	891604	4547	1.85
16:06:57.933781	1850	11.228994	0.0	955231	4856	1.85
16:07:03.113016	1850	10.052147	0.0	968026	4938	1.85
16:07:07.797751	1850	9.363528	0.0	874175	4453	1.85
16:07:11.061155	1200	10.101602	0.0	587236	2954	0.5499999999999999
16:07:13.212175	750	11.928736	0.0	379700	1936	0.3
16:07:15.586062	750	13.57907	0.0	425781	2148	0.75
16:07:17.190026	750	15.970829	0.0	277716	1375	0.75
16:07:19.422608	750	17.74001	0.0	400396	1991	0.75
16:07:21.691698	750	19.467896	0.0	400508	2035	0.75
16:07:26.360082	1850	18.812298	0.0	873429	4420	0.75
16:07:31.477139	1850	17.68589	0.0	954453	4879	1.85
16:07:36.207200	1850	16.932455	0.0	885062	4516	1.85
16:07:41.750934	1850	15.40527	0.0	1035329	5301	1.85
16:07:47.208356	1850	13.956128	0.0	1026056	5222	1.85
16:07:51.848725	1850	13.269754	0.0	943942	4446	1.85
16:07:54.509022	1850	14.604649	0.0	728962	2505	1.85
16:07:57.858037	1850	15.253525	0.0	938587	3195	1.85
16:08:01.092535	1850	16.018611	0.0	908665	3085	1.85
16:08:04.398666	1850	16.7131	0.0	930577	3152	1.85
16:08:07.487211	1850	17.628324	0.0	858450	2926	1.85
16:08:11.103246	1850	17.984127	0.0	1025005	3488	1.85
16:08:14.029693	1850	19.058507	0.0	886255	2786	1.85
16:08:16.632990	1850	20.455492	0.0	973972	2489	1.85
16:08:19.195378	1850	21.894242	0.0	958994	2445	1.85
16:08:21.812751	1850	23.275388	0.0	982064	2501	1.85
16:08:24.040349	1850	25.047717	0.0	830730	2112	1.85
16:08:26.311203	1850	26.777219	0.0	846370	2154	1.85
16:08:27.504263	1850	27.236478	0.0	598850	1101	1.85

