16:05:18.992917	750	4	1.207	450283	1164	-5.190099999999999
16:05:20.152578	750	6.934308	0.0	398865	1028	0.75
16:05:21.147078	750	9.917733	0.0	350812	894	0.75
16:05:23.618518	1850	11.474029	0.0	933276	2369	0.75
16:05:26.328289	1850	12.760533	0.0	996749	2602	1.85
16:05:28.462915	1850	14.626694	0.0	801058	2029	1.85
16:05:30.931478	1850	16.159121	0.0	905515	2361	1.85
16:05:33.748082	1850	17.343293	0.0	1060487	2703	1.85
16:05:36.124484	1850	18.967018	0.0	852833	2261	1.85
16:05:39.573373	1850	19.531442	0.0	913888	3311	1.85
16:05:43.708482	1850	19.431152	0.0	939819	3947	1.85
16:05:47.734504	1850	19.37718	0.0	917428	3864	1.85
16:05:51.906523	1850	19.233939	0.0	946851	3992	1.85
16:05:56.486613	1850	18.664813	0.0	1036454	4379	1.85
16:06:00.196469	1850	18.942911	0.0	821631	3516	1.85
16:06:04.305738	1850	18.836455	0.0	923170	3932	1.85
16:06:08.600641	1850	18.542947	0.0	966699	4098	1.85
16:06:12.547333	1850	18.593468	0.0	885714	3749	1.85
16:06:16.907328	1850	18.21786	0.0	987708	4171	1.85
16:06:21.031169	1850	18.130322	0.0	923755	3907	1.85
16:06:25.077049	1850	18.064576	0.0	891604	3829	1.85
16:06:29.862756	1850	17.298935	0.0	955231	4556	1.85
16:06:34.987970	1850	16.179504	0.0	968026	4889	1.85
16:06:39.594969	1850	15.575028	0.0	874175	4370	1.85
16:06:44.312954	1850	14.838097	0.0	897976	4495	1.85
16:06:49.091485	1850	14.073678	0.0	905935	4553	1.85
16:06:54.826472	1850	12.343765	0.0	1076599	5485	1.85
16:06:58.933934	1850	12.209577	0.0	758197	3891	1.85
16:07:04.112887	1850	11.054312	0.0	972798	4960	1.85
16:07:09.307498	1850	9.858025	0.0	975811	4958	1.85
16:07:13.915962	1850	9.25159	0.0	873429	4376	1.85
16:07:16.181876	750	10.968677	0.0	400322	2037	-0.3500000000000001
16:07:18.308395	750	12.862957	0.0	369834	1893	0.75
16:07:20.599374	750	14.569512	0.0	412837	2054	0.75
16:07:22.871543	750	16.299249	0.0	401088	2040	0.75
16:07:24.931085	750	18.234011	0.0	365161	1830	0.75
16:07:26.791245	750	20.376659	0.0	321064	1612	0.75
16:07:31.799769	1850	19.368776	0.0	938587	4764	0.75
16:07:36.665918	1850	18.503075	0.0	908665	4630	1.85
16:07:41.651947	1850	17.508939	0.0	930577	4755	1.85
16:07:46.260777	1850	16.914379	0.0	858450	4378	1.85
16:07:51.541019	1850	15.579296	0.0	1025005	5093	1.85
16:07:54.691028	1850	16.423379	0.0	886255	2996	1.85
16:07:58.181292	1850	16.936932	0.0	973972	3333	1.85
16:08:01.566352	1850	17.544364	0.0	958994	3233	1.85
16:08:05.060517	1850	18.054062	0.0	982064	3339	1.85
16:08:08.041650	1850	19.074812	0.0	830730	2826	1.85
16:08:11.081117	1850	20.021722	0.0	846370	2901	1.85
16:08:13.260552	1850	19.533832	0.0	598850	2042	1.85

