14:35:22.352253 0.034471 0.034471 0.172355 9030654.286038 0.200488
14:35:22.618985 0.100551 0.042731 0.212224 6110338.756725 0.400977
14:35:23.421469 0.100392 0.049939 0.234719 6120017.805896 0.204498
14:35:23.629555 0.103923 0.056687 0.249257 6069719.890191 0.208508
14:35:23.952290 0.105565 0.062796 0.256102 6052924.858909 0.140855
14:35:24.097005 0.109293 0.068609 0.260084 5996359.290065 0.143512
14:35:24.242361 0.111028 0.073911 0.259937 5976440.743868 0.146170
14:35:24.392292 0.114610 0.078998 0.259217 5932608.469041 0.148828
14:35:24.543268 0.116419 0.083676 0.256260 5910795.957599 0.151485
14:35:24.698550 0.119987 0.088215 0.253964 5871568.883897 0.154143
14:35:24.854486 0.121641 0.092393 0.250131 5859080.942958 0.156801
14:35:25.015039 0.125215 0.096496 0.247622 5822686.484419 0.159458
14:35:25.176490 0.127041 0.100314 0.244203 5803487.022791 0.162116
14:35:25.342249 0.130553 0.104094 0.242250 5772858.217455 0.164774
14:35:25.509003 0.132370 0.107628 0.239522 5755503.725187 0.167431
14:35:25.680160 0.135935 0.111167 0.238393 5725096.368968 0.170089
14:35:25.852177 0.137721 0.114486 0.236460 5710324.842512 0.172746
14:35:26.028556 0.141179 0.117823 0.235996 5686508.035261 0.175404
14:35:26.205963 0.143048 0.120976 0.234832 5669479.669446 0.178062
14:35:26.387774 0.146562 0.124174 0.235152 5645343.161850 0.180719
14:35:26.634084 0.148196 0.127177 0.234432 5638371.491855 0.183377
14:35:26.821171 0.151891 0.130266 0.235422 5609075.182862 0.186035
14:35:27.009171 0.153696 0.133195 0.235491 5596508.676283 0.188692
14:35:27.201532 0.157231 0.136199 0.236958 5574885.447153 0.191350
14:35:27.394797 0.159031 0.139053 0.237454 5563287.348666 0.194008
14:35:27.592467 0.162581 0.141994 0.239322 5542592.204413 0.196665
14:35:27.791132 0.164319 0.144785 0.240106 5533828.144753 0.199323
14:35:27.994155 0.167876 0.147671 0.242253 5514165.047277 0.201980
14:35:28.198088 0.169649 0.150418 0.243333 5504820.639092 0.204638
14:35:28.406434 0.173223 0.153269 0.245759 5485829.813073 0.207296
14:35:28.615716 0.175106 0.155999 0.247203 5473620.173322 0.209953
14:35:28.829103 0.178485 0.158809 0.249700 5461787.561118 0.212611
14:35:29.043650 0.180308 0.161497 0.251163 5452001.216713 0.215269
14:35:29.262519 0.183795 0.164284 0.253832 5437711.224005 0.217926
14:35:29.482373 0.185648 0.166955 0.255479 5427562.875982 0.220584
14:35:29.706701 0.189283 0.169746 0.258468 5409891.922258 0.223242
14:35:29.931877 0.191063 0.172410 0.260269 5402359.980843 0.225899
14:35:30.161309 0.194497 0.175171 0.263152 5391216.395479 0.228557
14:35:30.391792 0.196296 0.177812 0.264922 5383543.861139 0.231214
14:35:30.673071 0.199692 0.180547 0.267760 5374035.722678 0.233872
14:35:30.908821 0.201550 0.183172 0.269585 5365139.980950 0.236530
14:35:31.149142 0.205202 0.185926 0.272766 5349496.841233 0.239187
14:35:31.390188 0.206937 0.188552 0.274693 5344233.273860 0.241845
14:35:31.635818 0.210579 0.191306 0.277938 5329612.328829 0.244503
14:35:31.882189 0.212296 0.193929 0.279894 5325093.038658 0.247160
14:35:32.133099 0.215880 0.196673 0.283097 5312577.235305 0.249818
14:35:32.384826 0.217673 0.199298 0.285116 5306453.552885 0.252476
14:35:32.640956 0.221190 0.202035 0.288290 5296153.209876 0.255133
14:35:32.898122 0.223028 0.204659 0.290343 5289238.540497 0.257791
14:35:33.159639 0.226540 0.207394 0.293539 5279560.042148 0.260448
14:35:33.421993 0.228271 0.210004 0.295489 5275413.697906 0.263106
14:35:33.688828 0.231876 0.212738 0.298724 5264051.864033 0.265764
14:35:33.956424 0.233586 0.215344 0.300682 5260587.605373 0.268421
14:35:34.228633 0.237200 0.218076 0.303936 5249510.479999 0.271079
14:35:34.647809 0.239004 0.220692 0.306015 5244160.312576 0.273737
14:35:34.925137 0.242617 0.223432 0.309350 5233595.824569 0.276394
14:35:35.203339 0.244294 0.226040 0.311340 5231201.456709 0.279052
14:35:35.486080 0.247850 0.228766 0.314551 5222256.634208 0.281710
14:35:35.769589 0.249567 0.231366 0.316506 5219150.904230 0.284367
14:35:36.057759 0.253203 0.234096 0.319787 5208908.266720 0.287025
14:35:36.349172 0.257448 0.237015 0.324635 5154838.987027 0.289682
14:35:36.640012 0.258483 0.239699 0.326882 5197588.808577 0.292340
14:35:36.934315 0.260263 0.242269 0.328221 5193516.465150 0.294998
14:35:37.233028 0.263816 0.244962 0.330973 5185677.226573 0.297655
14:35:37.532887 0.265897 0.247579 0.333022 5175898.245352 0.300313
14:35:37.836567 0.269160 0.250277 0.335939 5174022.265649 0.302971
14:35:38.141544 0.270958 0.252862 0.337790 5169924.029396 0.164774
14:35:38.306843 0.165113 0.241893 0.393338 4614143.210414 0.167431
14:35:38.601325 0.135748 0.228625 0.448354 5732979.628219 0.170089
14:35:38.773416 0.137724 0.217263 0.472961 5710206.218455 0.172746
14:35:38.949836 0.141279 0.207765 0.475522 5682487.145022 0.175404
14:35:39.127096 0.143005 0.199670 0.465247 5671190.515653 0.178062
14:35:39.308852 0.146579 0.193033 0.445307 5644682.025397 0.180719
14:35:39.491470 0.148354 0.187448 0.421333 5632363.796619 0.183377
14:35:39.678548 0.151822 0.182995 0.394035 5611620.806724 0.186035
14:35:39.866529 0.153638 0.179325 0.366963 5598619.078466 0.188692
14:35:40.058923 0.157202 0.176560 0.339411 5575908.512399 0.191350
14:35:40.252177 0.158994 0.174364 0.314069 5564588.762926 0.194008
14:35:40.449884 0.162554 0.172888 0.289477 5543518.950543 0.196665
14:35:40.648734 0.164578 0.171849 0.267601 5525114.022872 0.199323
14:35:40.851414 0.167835 0.171347 0.247175 5515512.351831 0.201980
14:35:41.055367 0.169659 0.171136 0.229696 5504503.470276 0.204638
14:35:41.263829 0.173325 0.171410 0.217518 5482600.093384 0.207296
14:35:41.472935 0.174997 0.171858 0.210027 5477028.177534 0.209953
14:35:41.686485 0.178463 0.172684 0.207915 5462466.154629 0.212611
14:35:41.901052 0.180289 0.173635 0.207663 5452585.216018 0.215269
14:35:42.191560 0.183727 0.174896 0.210509 5439729.357020 0.217926
14:35:42.411593 0.185809 0.176260 0.213883 5422861.962848 0.220584
14:35:42.635820 0.189330 0.177894 0.219181 5408543.039486 0.223242
14:35:42.860999 0.191064 0.179540 0.223676 5402333.015592 0.225899
14:35:43.090505 0.194531 0.181414 0.229506 5390278.128429 0.228557
14:35:43.320972 0.196332 0.183279 0.234266 5382556.685892 0.231214
14:35:43.555945 0.199947 0.185362 0.240271 5367185.515333 0.233872
14:35:43.791761 0.201663 0.187400 0.244882 5362139.737154 0.236530
14:35:44.031904 0.205191 0.189624 0.250526 5349788.982426 0.239187
14:35:44.273110 0.207052 0.191802 0.254907 5341267.123747 0.241845
14:35:44.518570 0.210515 0.194141 0.260183 5331229.989463 0.244503
14:35:44.766856 0.214191 0.196648 0.266228 5277981.854917 0.247160
14:35:45.015877 0.215940 0.199059 0.270537 5311104.970333 0.249818
14:35:45.267511 0.217639 0.201382 0.273570 5307284.826200 0.252476
14:35:45.523659 0.221221 0.203862 0.277842 5295411.186315 0.255133
14:35:45.780687 0.222989 0.206252 0.280866 5290160.341663 0.257791
14:35:46.168324 0.226354 0.208765 0.284826 5283903.152978 0.260448
14:35:46.430800 0.228298 0.211207 0.287785 5274791.149606 0.263106
14:35:46.697735 0.231943 0.213799 0.291969 5262531.368809 0.265764
14:35:46.965761 0.234065 0.216332 0.295226 5249822.514311 0.268421
14:35:47.237376 0.237149 0.218934 0.298922 5250639.889347 0.271079
14:35:47.510501 0.238924 0.221433 0.301413 5245918.622824 0.273737
14:35:47.787918 0.242511 0.224068 0.305131 5235885.472898 0.276394
14:35:48.066191 0.244243 0.226590 0.307563 5232294.237193 0.279052
14:35:48.348959 0.247814 0.229243 0.311197 5223010.273294 0.281710
14:35:48.632714 0.249720 0.231802 0.313746 5215951.850877 0.284367
14:35:48.920768 0.253257 0.234484 0.317396 5207800.026969 0.287025
14:35:49.209600 0.254935 0.237041 0.319675 5205660.677821 0.111621
14:35:49.321429 0.111650 0.221367 0.408733 4622445.551692 0.223242
14:35:49.624082 0.190888 0.217557 0.388561 5407319.419126 0.225899
14:35:49.853653 0.194444 0.214668 0.366033 5392690.530648 0.228557
14:35:50.084230 0.196325 0.212375 0.344242 5382752.784605 0.231214
14:35:50.384504 0.199750 0.210797 0.322322 5372477.030895 0.233872
14:35:50.620317 0.201591 0.209646 0.302496 5364054.938809 0.236530
14:35:50.860674 0.205301 0.209103 0.283085 5346918.680647 0.239187
14:35:51.101602 0.206978 0.208837 0.266449 5343174.435689 0.241845
14:35:51.347000 0.210457 0.209040 0.253868 5332703.639224 0.244503
14:35:51.593534 0.212361 0.209455 0.246397 5323460.907778 0.247160
14:35:51.846367 0.217768 0.210494 0.246514 5266523.285931 0.249818
14:35:52.097297 0.218668 0.211516 0.246705 5282309.640508 0.252476
14:35:52.352264 0.221169 0.212722 0.248767 5296655.620788 0.255133
14:35:52.945321 0.303693 0.224094 0.342098 1942171.505538 0.130224
14:35:53.076768 0.131258 0.212489 0.393828 4618445.731491 0.132882
14:35:53.375359 0.296892 0.223040 0.443446 2069439.895925 0.135539
14:35:53.599131 0.223575 0.223107 0.388947 2821354.568411 0.138197
14:35:53.860270 0.260950 0.227837 0.390061 2448652.168200 0.140855
14:35:54.043278 0.182819 0.222210 0.388896 3584749.920370 0.143512
14:35:54.329553 0.286037 0.230188 0.419030 2319812.030254 0.146170
14:35:54.605977 0.276228 0.235943 0.423614 2461503.252715 0.148828
14:35:54.899291 0.293110 0.243089 0.441009 2347679.196637 0.151485
14:35:55.130771 0.120692 0.227789 0.498626 5837271.022320 0.358278
14:35:55.490172 0.121695 0.214528 0.523750 5856475.254035 0.364455
14:35:55.858522 0.125258 0.203369 0.524555 5820691.540727 0.370633
14:35:56.381802 0.277638 0.212652 0.527811 2655544.666560 0.376810
14:35:56.611886 0.130668 0.202404 0.520758 5767770.671669 0.382987
14:35:57.073921 0.209461 0.203287 0.449108 3637221.704827 0.389164
14:35:57.400797 0.146916 0.196240 0.436977 5297179.768196 0.395341
14:35:57.894745 0.245238 0.202365 0.431915 3206813.600720 0.401519
14:35:58.399314 0.348079 0.220579 0.538456 2306419.169481 0.407696
14:35:58.749368 0.290296 0.229294 0.537418 2793729.327739 0.413873
14:35:59.285715 0.326039 0.241387 0.569225 2537709.944357 0.420050
14:35:59.815139 0.435282 0.265624 0.705398 1919638.338908 0.426228
14:36:00.177609 0.362231 0.277700 0.704137 2352001.794418 0.432405
14:36:00.570124 0.322195 0.283262 0.647585 2669687.171552 0.438582
14:36:01.051892 0.365088 0.293490 0.648559 2400911.653166 0.444759
14:36:01.460911 0.329060 0.297936 0.599808 2688676.202449 0.450936
14:36:02.013254 0.430318 0.314484 0.673270 2094079.852489 0.457114
14:36:02.411003 0.370872 0.321532 0.647010 2451821.515765 0.463291
14:36:03.246830 0.380027 0.328844 0.631447 2435868.673078 0.469468
14:36:03.822144 0.484047 0.348245 0.730399 1929333.563496 0.475645
14:36:04.239718 0.417386 0.356887 0.712645 2276721.966709 0.481822
14:36:04.712304 0.408043 0.363282 0.681256 2348929.443150 0.488000
14:36:05.142270 0.349842 0.361602 0.613522 2786537.353062 0.494177
14:36:05.649252 0.362509 0.361715 0.551562 2711768.848200 0.500354
14:36:06.090928 0.303575 0.354448 0.554973 3292181.081781 0.506531
14:36:06.798509 0.192160 0.334162 0.646843 5243626.773019 0.512708
14:36:07.308564 0.189243 0.316047 0.695477 5411030.139478 0.518886
14:36:07.829715 0.190998 0.300416 0.710037 5404200.995586 0.525063
14:36:08.358684 0.194531 0.287180 0.700281 5390278.128429 0.531240
14:36:08.892114 0.196326 0.275823 0.676503 5382720.100494 0.537417
14:36:09.433527 0.199889 0.266332 0.642776 5368741.137779 0.543595
14:36:10.088487 0.310887 0.271901 0.598790 3478253.056721 0.549772
14:36:10.783030 0.210080 0.264173 0.571161 5225287.884559 0.555949
14:36:11.336227 0.207029 0.257030 0.544415 5341857.629623 0.562126
14:36:11.902325 0.210555 0.251221 0.513235 5330215.818718 0.568303
14:36:12.472777 0.212279 0.246353 0.481806 5325517.676256 0.574481
14:36:13.224141 0.388751 0.264153 0.583140 2950165.817165 0.580658
14:36:13.823802 0.407491 0.282070 0.664649 2834593.679102 0.586835
14:36:14.434722 0.431290 0.300723 0.736877 2716166.833037 0.593012
14:36:15.203784 0.284972 0.298754 0.641620 4139523.170285 0.599189
14:36:15.744943 0.226584 0.289733 0.619052 5278537.864233 0.605367
14:36:16.352476 0.228340 0.282059 0.590441 5273816.302850 0.611544
14:36:16.998291 0.262170 0.279573 0.530748 4655786.872779 0.617721
14:36:17.636824 0.282619 0.279953 0.471381 4347903.015210 0.623898
14:36:18.461299 0.243282 0.275369 0.455612 5118272.589385 0.630076
14:36:19.165691 0.317329 0.280614 0.457755 3949769.094140 0.636253
14:36:19.874416 0.389420 0.294215 0.535876 3260645.758881 0.642430
14:36:20.532091 0.404268 0.307972 0.599271 3161150.317852 0.382987
14:36:20.700539 0.168245 0.290506 0.648707 4528257.780866 0.389164
14:36:21.064707 0.142840 0.272048 0.688364 5448337.286326 0.395341
14:36:21.455258 0.137643 0.255247 0.701889 5713559.246182 0.401519
14:36:21.928991 0.146344 0.241634 0.685519 5485816.252990 0.407696
14:36:22.333792 0.143026 0.229308 0.660830 5670358.594072 0.413873
14:36:22.751709 0.146691 0.218981 0.625239 5640379.242747 0.420050
14:36:23.173723 0.148330 0.210150 0.585494 5633278.169315 0.426228
14:36:23.603908 0.151923 0.202871 0.542606 5607886.841855 0.432405
14:36:24.038480 0.153687 0.196723 0.500709 5596829.910551 0.438582
14:36:24.582405 0.258605 0.204458 0.494329 3389509.052886 0.444759
14:36:25.126036 0.357232 0.223555 0.593732 2476643.632545 0.450936
14:36:25.538255 0.318319 0.235401 0.607797 2830870.187241 0.457114
14:36:26.214778 0.367293 0.251887 0.663077 2475712.045491 0.463291
14:36:26.781067 0.470224 0.279179 0.805908 1968628.121205 0.469468
14:36:27.186192 0.404931 0.294898 0.815697 2306290.187872 0.475645
14:36:27.641061 0.383996 0.306035 0.785732 2474692.381384 0.481822
14:36:28.225496 0.486455 0.328588 0.868780 1970302.703840 0.488000
14:36:28.650104 0.422939 0.340382 0.839877 2304937.252939 0.494177
14:36:29.109365 0.387887 0.346320 0.768447 2534346.336357 0.500354
14:36:29.927385 0.394557 0.352350 0.717182 2533028.186067 0.506531
14:36:30.535671 0.496253 0.370338 0.787865 2030448.122961 0.512708
14:36:30.984262 0.432051 0.378052 0.752911 2370090.878640 0.518886
14:36:31.504820 0.433511 0.384984 0.721588 2381005.223279 0.525063
14:36:32.132070 0.535568 0.403807 0.806844 1957876.501548 0.531240
14:36:32.599257 0.466992 0.411705 0.777167 2262925.752753 0.537417
14:36:33.069516 0.399700 0.410205 0.696306 2684894.164803 0.543595
14:36:34.005667 0.444608 0.414505 0.663485 2432129.123694 0.549772
14:36:34.657594 0.546628 0.431020 0.749878 2008181.072520 0.555949
14:36:35.148068 0.481042 0.437273 0.726438 2299008.533091 0.562126
14:36:35.645521 0.416246 0.434645 0.672546 2696252.141587 0.568303
14:36:36.238903 0.441113 0.435453 0.620347 2562826.333469 0.574481
14:36:36.750567 0.378030 0.428275 0.624369 3033834.711713 0.580658
14:36:37.915937 0.479350 0.434660 0.632805 2409663.831385 0.586835
14:36:38.474194 0.450684 0.436663 0.601296 2599284.235793 0.593012
14:36:39.108270 0.491552 0.443524 0.621888 2399843.201228 0.599189
14:36:39.607941 0.391852 0.437065 0.622510 3052253.328763 0.605367
14:36:40.217952 0.396116 0.431946 0.611979 3040079.028317 0.611544
14:36:40.665398 0.231890 0.406939 0.742020 5263737.953205 0.617721
14:36:41.446148 0.236025 0.385575 0.807800 5206226.058602 0.623898
14:36:42.071488 0.237168 0.367024 0.832100 5250217.623371 0.630076
14:36:42.864868 0.399954 0.371140 0.752877 3133799.755655 0.636253
14:36:43.343897 0.242454 0.355055 0.770043 5237116.021264 0.642430
14:36:44.140203 0.395870 0.360156 0.712213 3228211.523500 0.648607
14:36:44.641073 0.247808 0.346113 0.722504 5223140.926189 0.654784
14:36:45.552837 0.249418 0.334026 0.713015 5222274.011276 0.660962
14:36:46.428452 0.463746 0.350241 0.764202 2844039.190562 0.667139
14:36:46.917073 0.284944 0.342079 0.717847 4657419.466152 0.673316
14:36:47.729656 0.423741 0.352287 0.715775 3170541.514339 0.339747
14:36:47.918028 0.188170 0.331772 0.768505 3613414.243722 0.345924
14:36:48.275132 0.199176 0.315198 0.775343 3454876.949251 0.352101
14:36:48.683696 0.255399 0.307723 0.712631 2758476.075103 0.358278
14:36:49.224582 0.288134 0.305274 0.628544 2473516.999718 0.364455
14:36:49.430549 0.129625 0.283318 0.701420 5624600.807731 0.370633
14:36:49.851757 0.179932 0.270395 0.687357 4097550.717077 0.376810
14:36:50.348933 0.299865 0.274078 0.616271 2513344.276258 0.382987
14:36:50.564555 0.132339 0.256361 0.654745 5756851.691181 0.389164
14:36:50.957632 0.135912 0.241305 0.660541 5726050.456288 0.395341
14:36:51.402544 0.185113 0.234281 0.604900 4248389.896355 0.401519
14:36:51.935070 0.315884 0.244481 0.604049 2541489.002353 0.407696
14:36:52.170060 0.142997 0.231796 0.602956 5671502.549184 0.413873
14:36:52.676501 0.155297 0.222233 0.577102 5327810.917996 0.420050
14:36:53.089864 0.148384 0.213002 0.553003 5631223.510103 0.426228
14:36:53.663279 0.295195 0.223276 0.560470 2886120.671842 0.432405
14:36:53.954484 0.153718 0.214582 0.537035 5595701.412414 0.438582
14:36:54.397012 0.157317 0.207423 0.506528 5571835.391236 0.444759
14:36:54.843948 0.159140 0.201388 0.474000 5559478.373565 0.450936
14:36:55.347191 0.211123 0.202605 0.416799 4268222.998710 0.457114
14:36:55.919423 0.325910 0.218018 0.501969 2790070.095999 0.463291
14:36:56.588635 0.416833 0.242870 0.654648 2220784.268582 0.469468
14:36:56.811310 0.169930 0.233752 0.615526 5495722.374774 0.475645
14:36:57.290665 0.173245 0.226189 0.573026 5485135.253244 0.481822
14:36:57.797926 0.198277 0.222700 0.510740 4833964.687658 0.488000
14:36:58.391966 0.303859 0.232845 0.530034 3208224.915626 0.494177
14:36:58.996969 0.414269 0.255523 0.659839 2372951.077747 0.500354
14:36:59.432370 0.349146 0.267226 0.664086 2862480.550999 0.506531
14:37:00.118313 0.354026 0.278076 0.662521 2846163.204530 0.512708
14:37:00.466315 0.189195 0.266966 0.644181 5412407.545420 0.518886
14:37:00.987409 0.191005 0.257471 0.616342 5403998.624909 0.525063
14:37:01.523622 0.201599 0.250487 0.575512 5201298.668354 0.531240
14:37:02.153261 0.299541 0.256618 0.549442 3527957.816012 0.537417
14:37:02.797205 0.405703 0.275254 0.643956 2645166.096164 0.543595
14:37:03.302184 0.366864 0.286705 0.654842 2947532.048674 0.549772
14:37:03.690657 0.205241 0.276522 0.634089 5348483.917871 0.555949
14:37:04.366473 0.210153 0.268226 0.602771 5262449.066284 0.562126
14:37:04.936401 0.217647 0.261904 0.563391 5156537.141823 0.568303
14:37:05.586423 0.298936 0.266533 0.529681 3781730.917680 0.574481
14:37:06.363863 0.501596 0.295916 0.728340 2286461.733188 0.580658
14:37:06.826968 0.383843 0.306907 0.719152 3009230.766772 0.586835
14:37:07.583499 0.238865 0.298401 0.675627 4904256.913425 0.593012
14:37:08.326372 0.388332 0.309643 0.682493 3037729.596264 0.599189
14:37:08.881178 0.343631 0.313891 0.627517 3480570.433443 0.605367
14:37:09.371548 0.228310 0.303194 0.623994 5274510.224599 0.611544
14:37:09.986989 0.231879 0.294279 0.606194 5263986.913893 0.617721
14:37:10.772302 0.398943 0.307362 0.645962 3080139.674222 0.623898
14:37:11.644569 0.241769 0.299163 0.618706 5150303.023546 0.630076
14:37:12.437414 0.404208 0.312294 0.656996 3100819.803043 0.636253
14:37:13.011881 0.342088 0.316018 0.604339 3711793.629338 0.642430
14:37:13.572038 0.259484 0.308951 0.581726 4924973.180082 0.648607
14:37:14.211214 0.249557 0.301527 0.565502 5186534.159290 0.382987
14:37:14.623432 0.278619 0.298663 0.519553 2734400.240477 0.389164
14:37:14.870075 0.135922 0.278321 0.606729 5725638.653284 0.395341
14:37:15.344627 0.141876 0.261265 0.644016 5543094.661524 0.401519
14:37:15.792022 0.187519 0.252047 0.612857 4281255.265424 0.407696
14:37:16.375939 0.363512 0.265980 0.648052 2231034.773482 0.413873
14:37:16.811394 0.384959 0.280852 0.686386 2149299.114145 0.420050
14:37:16.994984 0.148376 0.264293 0.700919 5631531.160978 0.426228
14:37:17.439112 0.165881 0.251991 0.677873 5136021.717806 0.432405
14:37:18.011712 0.305751 0.258711 0.631882 2813268.836670 0.438582
14:37:18.301944 0.157211 0.246024 0.627402 5575587.178739 0.444759
14:37:18.893579 0.166267 0.236054 0.601845 5321178.798957 0.450936
14:37:19.355104 0.176773 0.228644 0.562268 5097609.004748 0.457114
14:37:19.885173 0.249394 0.231238 0.502206 3646083.504709 0.463291
14:37:20.584740 0.485385 0.263006 0.720380 1907137.864434 0.469468
14:37:20.893965 0.309003 0.268756 0.657782 3022263.129837 0.475645
14:37:21.236766 0.175916 0.257151 0.641761 5401852.219217 0.481822
14:37:21.839493 0.296436 0.262061 0.589804 3233293.324810 0.488000
14:37:22.211525 0.180134 0.251821 0.579555 5411791.700197 0.494177
14:37:22.965912 0.334599 0.262168 0.590747 2937964.389708 0.500354
14:37:23.335347 0.203599 0.254847 0.559850 4908786.964312 0.506531
14:37:24.117108 0.478325 0.282782 0.735012 2106550.419049 0.512708
14:37:24.499034 0.347412 0.290860 0.694664 2947510.104306 0.518886
14:37:24.886406 0.215588 0.281451 0.659576 4787796.888851 0.525063
14:37:25.390793 0.194553 0.270589 0.641081 5389663.806553 0.531240
14:37:26.058653 0.330793 0.278115 0.616187 3194649.056484 0.537417
14:37:26.513982 0.201156 0.268495 0.599008 5334926.765280 0.543595
14:37:27.223557 0.366836 0.280787 0.627014 2947758.100804 0.549772
14:37:27.814182 0.407486 0.296625 0.682993 2693903.846021 0.555949
14:37:28.256113 0.293265 0.296205 0.589341 3771058.962719 0.562126
14:37:28.735857 0.210559 0.285499 0.590997 5330113.215795 0.568303
14:37:29.468054 0.374012 0.296563 0.614199 3022619.648366 0.574481
14:37:30.043797 0.375008 0.306369 0.623041 3058282.501346 0.580658
14:37:30.841201 0.370664 0.314406 0.616205 3116224.855638 0.586835
14:37:31.554914 0.497430 0.337284 0.746657 2355017.507244 0.593012
14:37:32.028799 0.378100 0.342386 0.690232 3119935.231007 0.599189
14:37:32.516417 0.266257 0.332870 0.669883 4492020.063100 0.605367
14:37:33.084351 0.228366 0.319807 0.677071 5273221.658088 0.611544
14:37:33.710551 0.242509 0.310144 0.655390 5033245.621700 0.617721
14:37:34.526818 0.440613 0.326453 0.715856 2788841.710221 0.623898
14:37:35.085373 0.239861 0.315629 0.694273 5191273.030104 0.630076
14:37:35.714959 0.239004 0.306051 0.666659 5244165.543894 0.636253
14:37:36.355225 0.242552 0.298114 0.632069 5235000.247745 0.642430
14:37:37.165017 0.409443 0.312030 0.673825 3121197.107022 0.648607
14:37:37.863123 0.458634 0.330355 0.748306 2822153.635012 0.654784
14:37:38.418395 0.358828 0.333914 0.675850 3629952.566164 0.660962
14:37:39.234330 0.301878 0.329910 0.618398 4369023.602909 0.667139
14:37:39.854972 0.255002 0.320546 0.611820 5204288.149116 0.673316
14:37:40.532213 0.258466 0.312786 0.593322 5197929.214362 0.679493
14:37:41.379237 0.425506 0.326876 0.649998 3176642.379155 0.271797
14:37:41.581742 0.202322 0.311307 0.678202 2672334.117709 0.543595
14:37:42.171850 0.201488 0.297580 0.682570 5366790.594006 0.549772
14:37:42.725971 0.205493 0.286069 0.666898 5341924.749173 0.555949
14:37:43.283837 0.207006 0.276186 0.640871 5342454.419231 0.562126
14:37:43.860068 0.220639 0.269243 0.598303 5086607.756653 0.568303
14:37:44.477482 0.269320 0.269252 0.516125 4197593.766684 0.574481
14:37:45.101010 0.318036 0.275350 0.509288 3606134.442070 0.580658
14:37:45.975959 0.222287 0.268717 0.497234 5196305.113894 0.586835
14:37:46.562056 0.221216 0.262780 0.481669 5295531.037578 0.593012
14:37:47.261658 0.327396 0.270857 0.499640 3603123.748354 0.599189
14:37:47.906723 0.373231 0.283653 0.557615 3204536.094378 0.605367
14:37:48.661548 0.522364 0.313492 0.757674 2305334.361240 0.611544
14:37:48.994667 0.243816 0.304783 0.707595 5006264.201573 0.617721
14:37:49.765581 0.241170 0.296831 0.662553 5095162.579038 0.623898
14:37:50.556020 0.407359 0.310647 0.695467 3056724.785999 0.630076
14:37:51.017990 0.238949 0.301685 0.661997 5245369.024225 0.636253
14:37:51.844262 0.428536 0.317541 0.714627 2963018.703045 0.370633
14:37:52.004064 0.159608 0.297800 0.753547 4619320.590102 0.376810
14:37:52.357776 0.136158 0.277594 0.781047 5535216.866500 0.382987
14:37:52.737351 0.132401 0.259445 0.782228 5754156.390298 0.389164
14:37:53.238466 0.139909 0.244503 0.756126 5562471.596892 0.395341
14:37:53.631863 0.137740 0.231158 0.721638 5709534.108550 0.401519
14:37:54.040186 0.141254 0.219920 0.677684 5683494.232650 0.407696
14:37:54.517311 0.210331 0.218721 0.571633 3855861.584066 0.413873
14:37:55.000618 0.279505 0.226319 0.551787 2960204.494786 0.420050
14:37:55.486303 0.344883 0.241140 0.603804 2422804.500614 0.426228
14:37:55.719819 0.152003 0.229998 0.591133 5604940.169544 0.432405
14:37:56.154314 0.153662 0.220456 0.567643 5597741.722159 0.438582
14:37:56.725866 0.159006 0.212774 0.534614 5512651.469483 0.444759
14:37:57.170946 0.159105 0.206066 0.501115 5560703.010848 0.450936
14:37:57.625723 0.162583 0.200630 0.465400 5542527.181232 0.457114
14:37:58.166931 0.246273 0.206336 0.450556 3692292.088291 0.463291
14:37:58.685239 0.300923 0.218159 0.495911 3076190.247832 0.469468
14:37:59.215269 0.361191 0.236038 0.587384 2585579.129244 0.475645
14:37:59.503137 0.173247 0.228189 0.554490 5485067.316618 0.481822
14:37:59.987199 0.175114 0.221555 0.519356 5473374.245292 0.488000
14:38:00.479058 0.178574 0.216182 0.482514 5459067.583708 0.494177
14:38:01.023095 0.185163 0.212305 0.443072 5309051.419801 0.500354
14:38:01.524285 0.185521 0.208957 0.408817 5387123.865899 0.506531
14:38:02.031359 0.185706 0.206050 0.379196 5425862.642654 0.512708
14:38:02.562888 0.204237 0.205824 0.337496 5013783.393569 0.518886
14:38:03.135238 0.257337 0.212263 0.362530 4011053.917100 0.525063
14:38:03.717224 0.313852 0.224962 0.439251 3340987.982373 0.531240
14:38:04.301594 0.366848 0.242697 0.545301 2880669.986503 0.537417
14:38:04.947023 0.257797 0.244585 0.486637 4162779.195941 0.543595
14:38:05.492942 0.259847 0.246493 0.443294 4161465.435619 0.549772
14:38:06.099323 0.316121 0.255196 0.472425 3472494.632966 0.555949
14:38:06.804327 0.464167 0.281317 0.653210 2382591.366330 0.562126
14:38:07.278392 0.375909 0.293141 0.666652 2985574.814620 0.568303
14:38:07.781051 0.310027 0.295252 0.592271 3646442.256061 0.574481
14:38:08.261657 0.215856 0.285328 0.587488 5313175.759522 0.580658
14:38:08.920777 0.220159 0.277182 0.568970 5246534.176315 0.586835
14:38:09.508988 0.221196 0.270183 0.545011 5296010.496888 0.593012
14:38:10.355054 0.473802 0.295636 0.705375 2489748.411133 0.599189
14:38:10.793809 0.313158 0.297826 0.622653 3819260.134702 0.605367
14:38:11.314881 0.228494 0.289159 0.602112 5270266.942095 0.611544
14:38:12.063692 0.365331 0.298681 0.609566 3341102.229924 0.617721
14:38:12.901380 0.400624 0.311424 0.646531 3067216.688071 0.623898
14:38:13.439701 0.314888 0.311857 0.566651 3954371.071839 0.630076
14:38:13.994229 0.238916 0.302739 0.566776 5246096.612770 0.463291
14:38:14.395880 0.177111 0.287036 0.610691 5226645.822257 0.469468
14:38:14.858425 0.169741 0.272374 0.632410 5501843.785618 0.475645
14:38:15.337954 0.173215 0.259979 0.629165 5486078.991528 0.481822
14:38:15.821656 0.174975 0.249353 0.611247 5477714.766005 0.488000
14:38:16.626779 0.347345 0.261602 0.631014 2806570.844202 0.494177
14:38:17.014352 0.240672 0.258986 0.556975 4084565.376784 0.500354
14:38:17.458376 0.183978 0.249610 0.548110 5432306.343730 0.506531
14:38:17.967022 0.185657 0.241616 0.529444 5427298.015498 0.512708
14:38:18.483707 0.189232 0.235068 0.503323 5411343.744527 0.518886
14:38:19.004682 0.190958 0.229554 0.474855 5405334.551535 0.525063
14:38:19.728113 0.198148 0.225628 0.441010 5291882.510265 0.531240
14:38:20.257912 0.196419 0.221977 0.412723 5380171.962153 0.537417
14:38:20.799161 0.199845 0.219211 0.384403 5369926.064122 0.543595
14:38:21.344990 0.201617 0.217011 0.358499 5363357.190417 0.549772
14:38:21.898824 0.205294 0.215547 0.333380 5347104.970370 0.555949
14:38:22.457076 0.207144 0.214496 0.311274 5338894.115248 0.562126
14:38:23.150376 0.214228 0.214463 0.287315 5238831.741393 0.368899
14:38:23.763913 0.089717 0.198870 0.378254 6300350.644146 0.188459
14:38:24.138775 0.275951 0.208505 0.420125 2107737.216096 0.192469
14:38:24.266700 0.127731 0.198408 0.437897 4617709.947131 0.196479
14:38:24.602535 0.266923 0.206972 0.455104 2271095.298615 0.200488
14:38:24.762104 0.159345 0.201019 0.434745 3855786.757957 0.204498
14:38:25.064113 0.256799 0.207991 0.439066 2456333.718942 0.208508
14:38:25.287924 0.223618 0.209945 0.398877 2857444.001424 0.212518
14:38:25.557503 0.269367 0.217373 0.418494 2432963.390597 0.216527
