14:35:52.423129 0.050382 0.050382 0.251911 6341295.092477 0.208508
14:35:52.814862 0.233455 0.073266 0.407486 2737039.276359 0.417016
14:35:53.901227 0.485511 0.124797 0.787706 1316089.470833 0.212518
14:35:54.185429 0.284012 0.144699 0.801096 2307507.489668 0.216527
14:35:54.750043 0.249077 0.157746 0.754422 2664042.775528 0.523776
14:35:55.277123 0.252186 0.169551 0.711498 2696168.059924 0.533299
14:35:55.675154 0.116444 0.162913 0.622480 5909513.111969 0.542822
14:35:56.346947 0.244909 0.173162 0.599834 2876627.080632 0.552346
14:35:56.908816 0.121576 0.166714 0.538304 5862206.233473 0.236576
14:35:57.232093 0.208167 0.171896 0.492041 3502417.450547 0.240586
14:35:57.560692 0.296072 0.187418 0.551703 2490205.032887 0.244596
14:35:57.724197 0.163304 0.184403 0.481731 4615102.402023 0.248606
14:35:58.060054 0.250429 0.192657 0.481678 3042201.714647 0.252615
14:35:58.402831 0.340458 0.211132 0.575699 2285862.548152 0.256625
14:35:58.573405 0.170386 0.206039 0.520210 4615588.424739 0.260635
14:35:58.923436 0.259615 0.212736 0.501941 3092333.539104 0.264645
14:35:59.106160 0.177539 0.208336 0.460436 4568052.634492 0.268654
14:35:59.465071 0.267633 0.215748 0.464120 3091517.562201 0.272664
14:35:59.827730 0.357513 0.233469 0.561513 2337213.233543 0.276674
14:36:00.197118 0.369189 0.250434 0.632187 2307675.729434 0.280684
14:36:00.548811 0.351425 0.263058 0.650363 2447635.100703 0.284694
14:36:01.076891 0.346103 0.273438 0.646963 2532610.578762 0.288703
14:36:01.433861 0.356782 0.283856 0.647343 2479766.637182 0.292713
14:36:01.655982 0.221926 0.276115 0.610661 4060453.060973 0.296723
14:36:02.048621 0.317698 0.281313 0.573805 2862189.861667 0.300733
14:36:02.448982 0.400161 0.296169 0.634386 2313310.110119 0.304742
14:36:02.814580 0.365307 0.304811 0.627612 2556446.394684 0.308752
14:36:03.211542 0.396727 0.316301 0.650317 2395278.859592 0.312762
14:36:03.454429 0.242683 0.307098 0.631229 3949449.534679 0.316772
14:36:03.868357 0.339087 0.311097 0.586183 2874919.925829 0.320781
14:36:04.287694 0.419140 0.324602 0.638960 2345374.632628 0.324791
14:36:04.669676 0.381786 0.331750 0.624702 2617758.946734 0.328801
14:36:05.019818 0.349912 0.334021 0.571896 2879627.468689 0.332811
14:36:05.364560 0.344533 0.335335 0.524254 2972137.329706 0.336821
14:36:05.874235 0.212311 0.319957 0.584670 4861697.495183 0.525063
14:36:06.383199 0.195890 0.304448 0.627050 5352883.091134 0.531240
14:36:07.027619 0.309017 0.305019 0.551539 3419771.014752 0.537417
14:36:07.541247 0.284943 0.302510 0.507476 3766200.633240 0.543595
14:36:08.064346 0.264146 0.297714 0.489803 4093734.652012 0.549772
14:36:08.596782 0.246502 0.291313 0.486592 4453218.565837 0.555949
14:36:09.131999 0.225283 0.283059 0.495548 4909027.552696 0.562126
14:36:09.854040 0.211654 0.274133 0.504905 5302542.246462 0.568303
14:36:10.423385 0.212368 0.266413 0.501257 5323287.590020 0.574481
14:36:11.031679 0.245752 0.263830 0.460624 4666816.754954 0.580658
14:36:11.586741 0.219786 0.258325 0.449964 5255435.385245 0.586835
14:36:12.175426 0.221161 0.253679 0.434573 5296849.759625 0.593012
14:36:13.071474 0.323974 0.262466 0.468431 3641179.592825 0.599189
14:36:13.738363 0.391692 0.278619 0.562319 3053501.819510 0.605367
14:36:14.347778 0.395432 0.293221 0.622808 3045337.792676 0.611544
14:36:14.948088 0.383947 0.304562 0.642478 3179106.313894 0.617721
14:36:15.470103 0.287960 0.302486 0.572526 4267262.096836 0.623898
14:36:16.046142 0.239670 0.294634 0.559980 5195409.527327 0.630076
14:36:16.733722 0.242547 0.288123 0.539220 5167563.606458 0.636253
14:36:17.371101 0.243306 0.282521 0.515661 5218779.682332 0.642430
14:36:18.015065 0.244304 0.277744 0.490817 5230992.144325 0.648607
14:36:18.741771 0.321986 0.283274 0.487321 4019852.294097 0.345924
14:36:18.891008 0.125217 0.263517 0.574609 5495475.092131 0.352101
14:36:19.315678 0.197500 0.255265 0.554601 3567145.233141 0.358278
14:36:19.617956 0.141236 0.241011 0.579542 5046198.320041 0.364455
14:36:20.031900 0.190436 0.234689 0.539163 3828517.308675 0.370633
14:36:20.465214 0.252892 0.236965 0.483523 2915394.513767 0.376810
14:36:20.896789 0.137227 0.224498 0.509154 5492094.698589 0.382987
14:36:21.275230 0.132410 0.212987 0.518566 5753762.673082 0.389164
14:36:21.668238 0.135949 0.203357 0.509579 5724493.951302 0.395341
14:36:22.099437 0.171476 0.199372 0.460920 4586254.151469 0.401519
14:36:22.507874 0.178149 0.196719 0.414102 4506424.361579 0.407696
14:36:22.927648 0.189933 0.195871 0.365694 4269967.498914 0.413873
14:36:23.353067 0.201215 0.196539 0.329251 4111979.135392 0.420050
14:36:23.785090 0.212877 0.198581 0.314453 3925195.592125 0.426228
14:36:24.392423 0.151755 0.192728 0.326458 5614098.180023 0.280684
14:36:24.769032 0.247593 0.199586 0.354749 3474089.562283 0.284694
14:36:25.150930 0.344661 0.217720 0.479167 2543206.242180 0.288703
14:36:25.508091 0.356968 0.235126 0.570459 2478473.119243 0.292713
14:36:25.733675 0.225392 0.233910 0.495144 3998010.521334 0.296723
14:36:26.182374 0.377261 0.251828 0.591106 2410298.467118 0.300733
14:36:26.415202 0.232615 0.249427 0.523098 3979519.909214 0.304742
14:36:26.818403 0.330943 0.259616 0.546386 2821900.959208 0.308752
14:36:27.227064 0.408463 0.278222 0.642146 2326457.958466 0.312762
14:36:27.600193 0.372932 0.290061 0.657714 2570077.413266 0.316772
14:36:27.852532 0.252142 0.285321 0.598979 3866266.562457 0.320781
14:36:28.273532 0.352203 0.293681 0.595807 2791118.475975 0.324791
14:36:29.061688 0.349067 0.300604 0.582584 2863129.651529 0.328801
14:36:29.330140 0.268245 0.296560 0.540404 3756327.493500 0.332811
14:36:29.875622 0.480779 0.319587 0.686690 2129877.019617 0.336821
14:36:30.151066 0.275243 0.314044 0.633715 3750111.121343 0.340830
14:36:30.597008 0.380231 0.322317 0.628258 2757733.084047 0.344840
14:36:31.048294 0.451090 0.338414 0.696642 2342698.290268 0.348850
14:36:31.446236 0.397742 0.345830 0.673829 2698110.611777 0.352860
14:36:31.739374 0.292940 0.339219 0.638108 3691351.007526 0.356869
14:36:32.204883 0.401363 0.346987 0.633298 2734999.570113 0.360879
14:36:32.673900 0.468822 0.362216 0.698785 2358933.655658 0.364889
14:36:33.313083 0.279142 0.351832 0.687333 4020550.079532 0.368899
14:36:33.936347 0.533283 0.374513 0.807590 2119880.082666 0.372908
14:36:34.254299 0.317758 0.367419 0.748982 3609286.624379 0.376918
14:36:34.745215 0.431593 0.375441 0.725787 2676299.562646 0.380928
14:36:35.236961 0.491496 0.389948 0.768763 2383449.295083 0.384938
14:36:35.736077 0.498887 0.403565 0.796616 2364560.345289 0.388948
14:36:36.240705 0.504454 0.416176 0.811853 2370944.115971 0.392957
14:36:36.667014 0.426120 0.417419 0.724121 2826020.555345 0.396967
14:36:37.016156 0.348944 0.408860 0.707361 3498005.924411 0.400977
14:36:37.500097 0.431789 0.411726 0.658531 2845834.942083 0.404987
14:36:38.385508 0.402298 0.410547 0.605079 3095178.404096 0.630076
14:36:39.017666 0.404182 0.409752 0.562016 3101019.175976 0.636253
14:36:39.717960 0.467962 0.417028 0.589437 2713382.556350 0.642430
14:36:40.327382 0.434595 0.419224 0.566097 2940557.720004 0.648607
14:36:40.946001 0.404357 0.417366 0.542388 3200973.741768 0.389164
14:36:41.115813 0.169617 0.386397 0.727912 4588221.028162 0.395341
14:36:41.782311 0.141968 0.355843 0.856409 5539501.396957 0.401519
14:36:42.245668 0.203502 0.336801 0.864566 3945004.165038 0.407696
14:36:42.593148 0.143053 0.312582 0.902154 5669281.240303 0.413873
14:36:43.044726 0.180428 0.296063 0.870396 4585717.688555 0.420050
14:36:43.525131 0.240519 0.289120 0.775413 3474086.610498 0.426228
14:36:43.863177 0.151995 0.271979 0.773824 5605239.093590 0.432405
14:36:44.326838 0.182896 0.260844 0.726311 4703003.214147 0.438582
14:36:44.831294 0.248555 0.259308 0.620697 3526556.911717 0.444759
14:36:45.186898 0.159115 0.246784 0.618018 5560353.059431 0.450936
14:36:45.748237 0.269155 0.249580 0.550377 3347962.002946 0.457114
14:36:46.424995 0.450393 0.274682 0.701092 2018930.306920 0.463291
14:36:46.629239 0.191319 0.264261 0.667432 4838495.153074 0.469468
14:36:47.119606 0.211888 0.257715 0.612466 4407458.987730 0.475645
14:36:47.770511 0.386755 0.273845 0.668949 2457038.759665 0.481822
14:36:48.125785 0.260070 0.272123 0.582226 3685409.941453 0.488000
14:36:48.685468 0.331401 0.279533 0.571388 2941595.460848 0.494177
14:36:49.272505 0.424036 0.297596 0.660990 2318293.587625 0.500354
14:36:49.691956 0.190240 0.284176 0.664078 5253486.331292 0.506531
14:36:50.358100 0.349421 0.292332 0.642503 2883673.075922 0.512708
14:36:50.786715 0.265075 0.288925 0.578810 3863058.086625 0.518886
14:36:51.231967 0.191046 0.276690 0.591982 5402845.401399 0.525063
14:36:51.926228 0.359795 0.287078 0.606653 2914369.925653 0.531240
14:36:52.399298 0.301420 0.288871 0.542894 3505965.408241 0.537417
14:36:52.909010 0.273407 0.286938 0.492919 3925108.241545 0.543595
14:36:53.477804 0.205332 0.276737 0.512828 5266318.865077 0.549772
14:36:54.194127 0.371578 0.288592 0.560502 2954233.201634 0.555949
14:36:54.636854 0.258248 0.284799 0.519075 4282393.712239 0.562126
14:36:55.151654 0.210528 0.275515 0.525494 5330903.963924 0.568303
14:36:55.887396 0.377548 0.288269 0.577786 2994308.930041 0.574481
14:36:56.553048 0.468403 0.310786 0.708057 2448490.587268 0.580658
14:36:57.061733 0.396279 0.321473 0.704919 2914794.168808 0.586835
14:36:57.590173 0.225806 0.309514 0.692766 5187886.996633 0.593012
14:36:58.180523 0.222918 0.298690 0.672725 5291846.428708 0.599189
14:36:58.949000 0.391769 0.310325 0.683930 3052901.599033 0.605367
14:36:59.530998 0.368332 0.317576 0.655787 3269396.950150 0.611544
14:37:00.217636 0.443162 0.333274 0.712519 2754314.316951 0.617721
14:37:00.732749 0.340349 0.334158 0.625667 3610412.100927 0.623898
14:37:01.295680 0.240990 0.322512 0.634312 5166954.626291 0.630076
14:37:01.924229 0.239070 0.312082 0.629374 5242716.867821 0.636253
14:37:02.729771 0.407799 0.324047 0.657733 3113690.771308 0.642430
14:37:03.414225 0.449546 0.339734 0.715498 2842760.739487 0.648607
14:37:03.971462 0.357086 0.341903 0.641078 3624718.431426 0.654784
14:37:04.648896 0.379375 0.346587 0.608440 3433352.396668 0.660962
14:37:05.341366 0.255226 0.335167 0.622918 5167626.076953 0.667139
14:37:06.008652 0.255013 0.325148 0.621115 5204064.330112 0.247088
14:37:06.280404 0.271566 0.318450 0.594007 1809945.736402 0.494177
14:37:06.873937 0.370623 0.324972 0.583812 2652399.705475 0.500354
14:37:07.329317 0.325378 0.325022 0.519559 3071578.843127 0.506531
14:37:07.801870 0.291268 0.320803 0.500460 3459410.640759 0.512708
14:37:08.383102 0.359487 0.325639 0.499065 2848503.112486 0.518886
14:37:09.105028 0.265881 0.318169 0.507996 3882156.908684 0.525063
14:37:09.598964 0.234532 0.307714 0.533722 4470931.638678 0.531240
14:37:10.216139 0.320140 0.309267 0.491199 3300954.559787 0.537417
14:37:10.839707 0.405945 0.321352 0.554478 2643589.240938 0.543595
14:37:11.344580 0.366953 0.327052 0.547498 2946817.722010 0.549772
14:37:11.882385 0.354725 0.330511 0.523518 3094589.777630 0.555949
14:37:12.736429 0.214603 0.316023 0.576686 5153330.903645 0.562126
14:37:13.298731 0.214447 0.303326 0.600399 5233479.076704 0.568303
14:37:13.865316 0.212288 0.291946 0.605789 5325296.377790 0.574481
14:37:14.458268 0.230325 0.284243 0.581247 4979399.030405 0.580658
14:37:15.120587 0.311587 0.287661 0.537758 3707059.815920 0.586835
14:37:15.617471 0.221273 0.279363 0.533323 5294161.632071 0.593012
14:37:16.797036 0.405784 0.295166 0.612057 2907082.639530 0.599189
14:37:17.254296 0.263710 0.291234 0.560358 4535405.939650 0.605367
14:37:17.824662 0.228289 0.283366 0.548153 5274994.976675 0.611544
14:37:18.566681 0.358306 0.292733 0.566264 3406606.148227 0.617721
14:37:19.160318 0.333885 0.297877 0.544177 3680309.590514 0.623898
14:37:19.688033 0.237266 0.290301 0.535637 5248054.575810 0.630076
14:37:21.030698 0.157427 0.273691 0.590568 4006833.068053 0.321215
14:37:21.375341 0.180628 0.262059 0.592779 3537528.105173 0.327392
14:37:21.631664 0.109302 0.242964 0.643761 5995875.338241 0.333569
14:37:21.983412 0.127150 0.228487 0.644899 5218662.506086 0.339747
14:37:22.357377 0.161086 0.220062 0.599772 4220954.386479 0.345924
14:37:22.752597 0.210144 0.218822 0.513523 3274557.636724 0.352101
14:37:23.118598 0.223931 0.219461 0.445595 3146114.279986 0.358278
14:37:23.489987 0.236818 0.221630 0.408588 3009500.011594 0.364455
14:37:24.063941 0.289486 0.230112 0.438187 2518559.005654 0.370633
14:37:24.326841 0.181696 0.224060 0.428533 4057768.201468 0.376810
14:37:24.662582 0.140195 0.213577 0.450797 5375830.634768 0.382987
14:37:25.051633 0.145936 0.205122 0.450678 5220488.300461 0.389164
14:37:25.559646 0.264444 0.212537 0.456026 2942928.060774 0.395341
14:37:25.828466 0.137705 0.203183 0.460633 5710997.138607 0.401519
14:37:26.233918 0.141266 0.195444 0.450448 5683005.031221 0.407696
14:37:26.689756 0.189105 0.194651 0.392243 4288664.259134 0.413873
14:37:27.237795 0.322933 0.210686 0.487162 2562116.928478 0.420050
14:37:27.827685 0.389579 0.233048 0.619297 2144838.084848 0.426228
14:37:28.016227 0.151876 0.222902 0.593760 5609621.108250 0.432405
14:37:28.450836 0.153716 0.214253 0.561583 5595779.524546 0.438582
14:37:28.926020 0.189867 0.211205 0.496089 4616620.630589 0.444759
14:37:29.498271 0.317057 0.224437 0.543951 2790462.376315 0.450936
14:37:29.794982 0.162596 0.216706 0.518183 5542080.188159 0.457114
14:37:30.254192 0.164343 0.210161 0.488632 5533009.275789 0.463291
14:37:30.892809 0.339262 0.226299 0.564253 2728557.800024 0.469468
14:37:31.553222 0.429203 0.251662 0.708032 2175865.329980 0.475645
14:37:31.772961 0.173244 0.241860 0.662555 5485165.447841 0.481822
14:37:32.256962 0.174966 0.233498 0.615913 5478005.871768 0.488000
14:37:32.749097 0.178681 0.226646 0.568274 5455796.992956 0.494177
14:37:33.297521 0.232541 0.227383 0.489499 4227386.360095 0.500354
14:37:33.916618 0.350948 0.242828 0.562981 2847782.943754 0.506531
14:37:34.423343 0.350897 0.256337 0.604520 2871544.848960 0.512708
14:37:34.774640 0.189252 0.247951 0.576173 5410777.918315 0.518886
14:37:35.309033 0.204339 0.242500 0.532279 5051369.839180 0.525063
14:37:35.964212 0.196526 0.236753 0.500061 5335557.280938 0.531240
14:37:36.584449 0.285255 0.242816 0.488799 3704643.794598 0.537417
14:37:37.232639 0.395699 0.261926 0.599296 2712042.691462 0.543595
14:37:37.747684 0.366898 0.275048 0.633047 2947261.980995 0.549772
14:37:38.135917 0.205245 0.266322 0.604624 5348378.297647 0.555949
14:37:38.948275 0.260944 0.265650 0.524755 4238148.634812 0.562126
14:37:39.477596 0.227844 0.260924 0.493059 4925756.222136 0.568303
14:37:40.100069 0.281631 0.263513 0.458320 4014103.662390 0.574481
14:37:40.780964 0.387719 0.279038 0.549351 2958017.387352 0.580658
14:37:41.464519 0.490323 0.305449 0.719468 2355736.612081 0.586835
14:37:41.835775 0.274591 0.301592 0.642964 4266185.460871 0.593012
14:37:42.427602 0.273015 0.298020 0.582626 4320817.184922 0.599189
14:37:43.009371 0.226675 0.289102 0.573901 5276416.997349 0.605367
14:37:43.616675 0.228335 0.281506 0.555872 5273937.450633 0.611544
14:37:44.232349 0.231915 0.275307 0.530672 5263169.761589 0.617721
14:37:44.852264 0.233617 0.270096 0.503309 5259889.673331 0.623898
14:37:45.479975 0.237300 0.265996 0.473702 5247300.566193 0.630076
14:37:46.247357 0.374177 0.279519 0.543479 3349687.634798 0.636253
14:37:47.005894 0.245275 0.275238 0.507452 5176882.655629 0.642430
14:37:47.647257 0.244196 0.271358 0.476561 5233305.721173 0.648607
14:37:48.465226 0.413061 0.289071 0.584676 3133521.574636 0.389164
14:37:48.729938 0.264518 0.286002 0.532259 2942105.768579 0.395341
14:37:49.165199 0.304271 0.288285 0.491247 2584643.441554 0.401519
14:37:49.403851 0.141223 0.269903 0.569187 5684741.597726 0.407696
14:37:49.942376 0.271706 0.270128 0.496394 2984872.210190 0.413873
14:37:50.286101 0.150474 0.255171 0.544525 5498568.568906 0.420050
14:37:50.737248 0.181350 0.245944 0.536780 4607576.693661 0.426228
14:37:51.202889 0.220468 0.242759 0.486362 3864360.491691 0.432405
14:37:51.750478 0.335360 0.254334 0.529637 2564885.112235 0.438582
14:37:52.194466 0.340454 0.265099 0.557696 2574633.731295 0.444759
14:37:52.549471 0.250579 0.263284 0.497252 3530765.071283 0.450936
14:37:52.932771 0.182676 0.253208 0.509292 4932884.564558 0.457114
14:37:53.435603 0.228034 0.250061 0.467299 3987615.541368 0.463291
14:37:53.839036 0.167879 0.239789 0.484899 5514071.073848 0.469468
14:37:54.341669 0.169653 0.231022 0.484990 5504689.125635 0.475645
14:37:54.821111 0.173210 0.223795 0.472083 5486245.123074 0.481822
14:37:55.305101 0.174993 0.217695 0.452713 5477155.034178 0.488000
14:37:55.931209 0.312890 0.229594 0.501053 3115624.773912 0.494177
14:37:56.367528 0.254805 0.232746 0.461550 3858007.732692 0.500354
14:37:56.942881 0.329518 0.244842 0.513218 3032989.036158 0.506531
14:37:57.389362 0.269295 0.247899 0.473633 3741681.373047 0.512708
14:37:57.969711 0.196141 0.241429 0.462488 5220733.942322 0.518886
14:37:58.559787 0.267010 0.244627 0.436002 3865743.239361 0.525063
14:37:59.177887 0.359690 0.259010 0.517604 2915219.905945 0.531240
14:37:59.732227 0.382561 0.274454 0.591951 2762351.853150 0.537417
14:38:00.219815 0.332517 0.281711 0.577898 3227358.376778 0.543595
14:38:00.713564 0.282328 0.281789 0.504545 3830096.577836 0.549772
14:38:01.261065 0.279734 0.281532 0.450654 3924183.229476 0.555949
14:38:01.762481 0.224811 0.274442 0.458004 4919330.551581 0.562126
14:38:02.341641 0.211163 0.266532 0.467482 5314869.396032 0.568303
14:38:02.911417 0.212333 0.259757 0.464669 5324166.248162 0.574481
14:38:03.489791 0.215827 0.254266 0.451879 5313885.948451 0.580658
14:38:04.237635 0.382858 0.270340 0.547142 3016973.929793 0.586835
14:38:04.713096 0.271205 0.270448 0.478915 4319449.209175 0.593012
14:38:05.258528 0.223149 0.264536 0.468185 5286367.747372 0.599189
14:38:05.861236 0.226525 0.259784 0.450531 5279910.117963 0.605367
14:38:06.729853 0.397244 0.276967 0.557487 3031445.026745 0.611544
14:38:07.377815 0.433511 0.296535 0.663469 2815633.160862 0.617721
14:38:07.949807 0.387565 0.307914 0.674145 3170565.775715 0.623898
14:38:08.531750 0.345426 0.312603 0.624788 3604777.006379 0.630076
14:38:09.192962 0.376207 0.320553 0.618297 3331613.757745 0.636253
14:38:09.784411 0.331038 0.321864 0.555656 3835692.599962 0.407696
14:38:10.351622 0.399745 0.331599 0.584825 2028813.432025 0.413873
14:38:10.534406 0.168622 0.311227 0.664123 4906785.099467 0.420050
14:38:10.975156 0.188993 0.295948 0.682853 4421243.649550 0.426228
14:38:11.499512 0.286838 0.294809 0.594098 2970205.613125 0.432405
14:38:11.798966 0.153671 0.277167 0.642771 5597411.698894 0.438582
14:38:12.253784 0.169473 0.263705 0.645602 5172169.692801 0.444759
14:38:12.927914 0.398498 0.280554 0.701770 2220176.438831 0.450936
14:38:13.169631 0.163536 0.265927 0.698857 5510221.630044 0.457114
14:38:13.636843 0.173367 0.254357 0.671614 5245011.316513 0.463291
14:38:14.195020 0.267929 0.256053 0.582569 3455003.875847 0.469468
14:38:14.598304 0.201470 0.249230 0.548700 4635366.886445 0.475645
14:38:15.064390 0.191595 0.242026 0.524264 4959799.567062 0.481822
14:38:15.545855 0.191149 0.235666 0.498222 5014224.601155 0.488000
14:38:16.033116 0.189987 0.229956 0.472552 5131125.092603 0.494177
14:38:16.674618 0.336930 0.243328 0.532249 2917638.362198 0.500354
14:38:17.231186 0.196699 0.237500 0.500819 5080977.921514 0.506531
14:38:17.727020 0.185707 0.231025 0.480308 5425841.744774 0.512708
14:38:18.246927 0.192471 0.226206 0.451722 5320281.259832 0.518886
14:38:18.764766 0.191044 0.221811 0.426110 5402906.085102 0.525063
14:38:19.293754 0.194546 0.218403 0.398892 5389861.959600 0.531240
14:38:19.957525 0.326848 0.231958 0.475771 3233209.022884 0.537417
14:38:20.490740 0.322319 0.243253 0.516473 3329473.879567 0.543595
14:38:21.104086 0.203068 0.238230 0.483330 5325033.507813 0.549772
14:38:21.656003 0.205240 0.234107 0.450922 5348508.770295 0.555949
14:38:22.214123 0.206999 0.230718 0.420437 5342632.866760 0.562126
14:38:22.780276 0.210567 0.228199 0.390640 5329914.056690 0.568303
14:38:23.395503 0.257097 0.231811 0.382539 4397157.393134 0.574481
14:38:24.012647 0.299344 0.240253 0.420832 3831310.329834 0.580658
14:38:25.414126 0.181260 0.232879 0.427306 3208829.391205 0.296506
14:38:25.684273 0.154814 0.223121 0.447006 3809887.874087 0.302683
14:38:25.937261 0.098561 0.207551 0.500024 6150583.919089 0.308861
14:38:26.248246 0.100421 0.194160 0.520645 6118245.134332 0.315038
14:38:26.567111 0.103951 0.182884 0.517956 6068077.179139 0.321215
14:38:26.890430 0.105745 0.173241 0.501684 6042621.160212 0.327392
14:38:27.221635 0.109221 0.165239 0.475591 6000312.306409 0.333569
14:38:27.557376 0.111060 0.158466 0.445409 5974708.702520 0.339747
14:38:27.901028 0.114615 0.152985 0.412043 5932336.971287 0.345924
14:38:28.249083 0.116386 0.148410 0.379303 5912454.800407 0.352101
14:38:28.633928 0.119807 0.144835 0.346607 5880390.720225 0.232567
14:38:28.868533 0.121734 0.141947 0.316377 5854605.637834 0.236576
14:38:29.108913 0.125342 0.139871 0.287299 5816783.200948 0.240586
14:38:29.351391 0.127049 0.138269 0.261662 5803116.737139 0.244596
14:38:29.599756 0.130573 0.137307 0.237547 5771983.321567 0.248606
14:38:29.850420 0.132402 0.136694 0.216779 5754104.582322 0.252615
14:38:30.106774 0.135964 0.136602 0.197396 5723871.586220 0.256625
14:38:30.365334 0.137697 0.136739 0.183429 5711323.457003 0.260635
14:38:30.629806 0.141303 0.137310 0.176891 5681518.759346 0.264645
14:38:30.897865 0.144480 0.138206 0.175062 5613289.424848 0.268654
14:38:31.168841 0.146603 0.139256 0.175295 5643754.858803 0.272664
14:38:31.443367 0.148300 0.140386 0.176460 5634419.288178 0.276674
14:38:31.723824 0.151911 0.141827 0.180407 5608335.711495 0.280684
14:38:32.006671 0.153809 0.143325 0.184242 5592387.995821 0.284694
14:38:32.295054 0.157248 0.145065 0.189676 5574276.859197 0.288703
14:38:32.585848 0.159031 0.146811 0.194235 5563295.689127 0.292713
14:38:32.939071 0.162551 0.148778 0.200087 5543616.520795 0.196665
14:38:33.137531 0.164349 0.150725 0.204777 5532816.635958 0.199323
14:38:33.341415 0.168753 0.152978 0.211546 5485503.623307 0.201980
14:38:33.544405 0.169637 0.155061 0.215645 5505207.479799 0.204638
14:38:33.752726 0.173205 0.157329 0.220911 5486403.712573 0.207296
14:38:33.961993 0.175004 0.159538 0.224901 5476811.788583 0.209953
14:38:34.175556 0.178479 0.161906 0.229869 5461977.258454 0.212611
14:38:34.390073 0.180261 0.164200 0.233527 5453428.991481 0.215269
14:38:34.609049 0.183845 0.166656 0.238296 5436230.331261 0.217926
14:38:34.828954 0.185705 0.169037 0.241817 5425897.472810 0.220584
14:38:35.053202 0.189198 0.171557 0.246303 5412318.879371 0.223242
14:38:35.278326 0.190956 0.173982 0.249441 5405388.542251 0.225899
14:38:35.507953 0.194543 0.176552 0.253707 5389941.224898 0.228557
14:38:35.738472 0.196344 0.179026 0.256685 5382223.350870 0.231214
14:38:35.973470 0.200054 0.181655 0.260927 5364307.112255 0.233872
14:38:36.209031 0.201602 0.184148 0.263549 5363756.787739 0.236530
14:38:36.449241 0.205135 0.186771 0.267310 5351243.947648 0.239187
14:38:36.854706 0.206809 0.189276 0.269717 5347547.932061 0.241845
14:38:37.100275 0.210554 0.191936 0.273544 5330245.996800 0.244503
14:38:37.346749 0.212373 0.194490 0.276134 5323162.091102 0.247160
14:38:37.597436 0.215818 0.197156 0.279717 5314103.151566 0.249818
14:38:37.849230 0.217673 0.199721 0.282158 5306453.552885 0.252476
14:38:38.105400 0.221180 0.202403 0.285690 5296392.985012 0.255133
14:38:38.362469 0.222950 0.204972 0.287983 5291088.122371 0.257791
14:38:38.624048 0.226631 0.207679 0.291597 5277443.905879 0.260448
14:38:38.886309 0.228333 0.210261 0.293853 5273981.505752 0.263106
14:38:39.153032 0.231847 0.212959 0.297240 5264712.281445 0.265764
14:38:39.401976 0.214805 0.213190 0.278246 5720533.870835 0.268421
14:38:39.693097 0.237400 0.216216 0.289219 5245087.244645 0.271079
14:38:39.965855 0.238933 0.219056 0.296525 5245719.707176 0.273737
14:38:40.243288 0.242491 0.221985 0.303522 5236317.900973 0.276394
14:38:40.522197 0.244841 0.224842 0.308851 5219515.866983 0.279052
14:38:40.937165 0.247701 0.227699 0.313565 5225398.232748 0.159458
14:38:41.096961 0.159607 0.219188 0.351679 4619348.191205 0.162116
14:38:41.260394 0.160790 0.211888 0.369655 4687257.644337 0.164774
14:38:41.425686 0.161161 0.205547 0.374599 4727299.134301 0.167431
14:38:41.594426 0.162328 0.200145 0.370153 4794243.610530 0.170089
14:38:41.765026 0.162650 0.195458 0.360459 4835115.131732 0.172746
14:38:41.939329 0.164032 0.191530 0.346707 4894265.058233 0.175404
14:38:42.115041 0.164241 0.188119 0.331790 4937912.135885 0.178062
14:38:42.294410 0.165426 0.185282 0.315728 5001583.310396 0.180719
14:38:42.475711 0.165862 0.182855 0.300109 5037824.092733 0.183377
14:38:42.660509 0.167102 0.180886 0.284579 5098495.012345 0.186035
14:38:42.847004 0.167444 0.179205 0.270417 5137001.312296 0.188692
14:38:43.037083 0.168720 0.177895 0.256789 5195258.202529 0.191350
14:38:43.228990 0.169151 0.176802 0.244716 5230448.804453 0.194008
14:38:43.424436 0.170426 0.176005 0.233316 5287459.493857 0.196665
14:38:43.621589 0.170826 0.175357 0.223520 5323031.752931 0.199323
14:38:43.822327 0.172088 0.174949 0.214340 5379204.221156 0.201980
14:38:44.024853 0.172519 0.174645 0.206618 5413248.222356 0.204638
14:38:44.231021 0.173950 0.174558 0.199233 5462904.486832 0.207296
14:38:44.439446 0.175008 0.174614 0.193570 5476684.947838 0.209953
14:38:44.735880 0.178440 0.175093 0.193135 5463166.815144 0.212611
14:38:44.950286 0.180242 0.175736 0.194418 5453998.867922 0.215269
14:38:45.169356 0.183870 0.176753 0.198898 5435490.187325 0.217926
14:38:45.394924 0.191370 0.178580 0.209806 5265276.403656 0.220584
14:38:45.615732 0.189164 0.179903 0.213907 5413287.542916 0.223242
14:38:45.840956 0.190984 0.181288 0.217872 5404599.035470 0.225899
14:38:46.070503 0.194473 0.182936 0.223559 5391883.953251 0.228557
14:38:46.300992 0.196305 0.184607 0.228443 5383295.398836 0.231214
14:38:46.535881 0.199867 0.186515 0.234651 5369330.333075 0.233872
14:38:46.771738 0.201709 0.188414 0.239710 5360910.163335 0.236530
14:38:47.011814 0.205195 0.190512 0.245765 5349683.310651 0.239187
14:38:47.252971 0.207000 0.192573 0.250501 5342608.252599 0.241845
14:38:47.498494 0.210554 0.194820 0.256248 5330239.961156 0.244503
14:38:47.744842 0.212260 0.197000 0.260511 5325996.222307 0.247160
14:38:47.995758 0.215864 0.199358 0.265854 5312976.236466 0.249818
14:38:48.247476 0.217647 0.201644 0.269805 5307087.157197 0.252476
14:38:48.503928 0.221383 0.204112 0.274971 5291533.218126 0.255133
14:38:48.879318 0.222873 0.206457 0.278363 5292916.349744 0.257791
14:38:49.140965 0.226632 0.208979 0.283083 5277416.146338 0.260448
14:38:49.403240 0.228320 0.211396 0.286316 5274284.404623 0.263106
14:38:49.670033 0.231877 0.213957 0.290627 5264030.213808 0.265764
14:38:49.937594 0.233581 0.216410 0.293537 5260705.735274 0.268421
14:38:50.209699 0.237175 0.219005 0.297616 5250064.568726 0.271079
14:38:50.482648 0.238912 0.221494 0.300358 5246180.376924 0.273737
14:38:50.760128 0.242507 0.224120 0.304283 5235967.834644 0.276394
14:38:51.038425 0.244265 0.226638 0.306905 5231824.387771 0.279052
14:38:51.321163 0.247829 0.229287 0.310678 5222698.742767 0.281710
14:38:51.604926 0.249699 0.231839 0.313293 5216390.118448 0.284367
14:38:51.892808 0.253102 0.234497 0.316851 5210988.715242 0.287025
14:38:52.181792 0.254933 0.237051 0.319253 5205694.756890 0.212611
14:38:52.398999 0.180225 0.229948 0.348426 5454518.352731 0.215269
14:38:52.617965 0.183879 0.224189 0.359117 5435222.375375 0.217926
14:38:52.837769 0.185599 0.219365 0.359151 5428999.148655 0.220584
14:38:53.062040 0.189160 0.215590 0.350635 5413403.532919 0.223242
14:38:53.289011 0.192714 0.212730 0.336890 5356082.739435 0.225899
14:38:53.516817 0.194549 0.210458 0.321759 5389776.091490 0.228557
14:38:53.747248 0.196331 0.208692 0.306294 5382582.831562 0.231214
14:38:53.982100 0.199844 0.207586 0.289635 5369945.283454 0.233872
14:38:54.217898 0.201643 0.206843 0.274323 5362665.964226 0.236530
14:38:54.458076 0.205188 0.206636 0.258901 5349863.576780 0.239187
14:38:54.699256 0.206999 0.206682 0.246243 5342632.866760 0.241845
14:38:54.944675 0.210467 0.207155 0.240611 5332449.920155 0.244503
14:38:55.191117 0.212284 0.207796 0.238018 5325392.072167 0.247160
14:38:55.442063 0.215904 0.208809 0.239584 5311990.577749 0.249818
14:38:55.693757 0.217660 0.209916 0.241847 5306773.242572 0.252476
14:38:55.949802 0.221102 0.211314 0.246449 5298260.548524 0.255133
14:38:56.370864 0.223214 0.212802 0.251053 5284826.265602 0.257791
14:38:56.631994 0.226558 0.214521 0.256966 5279143.345749 0.260448
14:38:56.894331 0.228273 0.216240 0.261826 5275369.618857 0.263106
14:38:57.161200 0.231876 0.218195 0.268020 5264057.276617 0.265764
14:38:57.428813 0.233621 0.220123 0.272918 5259798.418987 0.268421
14:38:57.700912 0.237192 0.222256 0.278922 5249689.886402 0.271079
14:38:57.973996 0.239081 0.224360 0.283683 5242476.370946 0.273737
14:38:58.251293 0.242534 0.226631 0.289298 5235391.356830 0.276394
14:38:58.529802 0.244418 0.228855 0.293642 5228553.103661 0.279052
